# exported by xylib from a canberra_cnf file

### block #0 Sample title.
# date and time: Fri, 2024-03-15 11:12:39
# energy calib 0: 0.6693549
# energy calib 1: 0.8467742
# energy calib 2: 0
# live time (s): 1200.00
# real time (s): 1201.42
# column_1	column_2
1.516129	1.000000
2.362903	2.000000
3.209678	1.000000
4.056452	3.000000
4.903226	3.000000
5.750000	1.000000
6.596774	0.000000
7.443549	1.000000
8.290323	0.000000
9.137097	4.000000
9.983871	4.000000
10.830646	11.000000
11.677420	16.000000
12.524194	37.000000
13.370968	63.000000
14.217742	163.000000
15.064517	300.000000
15.911291	592.000000
16.758065	972.000000
17.604839	1514.000000
18.451613	1925.000000
19.298388	2152.000000
20.145162	2302.000000
20.991936	2325.000000
21.838710	2511.000000
22.685485	2376.000000
23.532259	2410.000000
24.379033	2443.000000
25.225807	2479.000000
26.072581	2485.000000
26.919356	2523.000000
27.766130	2552.000000
28.612904	2544.000000
29.459678	2546.000000
30.306453	2557.000000
31.153227	2526.000000
32.000001	2540.000000
32.846775	2539.000000
33.693549	2697.000000
34.540324	2665.000000
35.387098	2626.000000
36.233872	2668.000000
37.080646	2735.000000
37.927421	2654.000000
38.774195	2761.000000
39.620969	2708.000000
40.467743	2762.000000
41.314517	2754.000000
42.161292	2798.000000
43.008066	2853.000000
43.854840	2873.000000
44.701614	2886.000000
45.548389	2869.000000
46.395163	2765.000000
47.241937	2951.000000
48.088711	2983.000000
48.935485	3052.000000
49.782260	2879.000000
50.629034	3025.000000
51.475808	3131.000000
52.322582	3049.000000
53.169357	3145.000000
54.016131	3151.000000
54.862905	3231.000000
55.709679	3277.000000
56.556453	3258.000000
57.403228	3381.000000
58.250002	3266.000000
59.096776	3285.000000
59.943550	3456.000000
60.790325	3541.000000
61.637099	3558.000000
62.483873	3536.000000
63.330647	3532.000000
64.177421	3432.000000
65.024196	3544.000000
65.870970	3593.000000
66.717744	3556.000000
67.564518	3472.000000
68.411292	3451.000000
69.258067	3526.000000
70.104841	3483.000000
70.951615	3546.000000
71.798389	3508.000000
72.645164	3494.000000
73.491938	3518.000000
74.338712	3535.000000
75.185486	3561.000000
76.032260	3517.000000
76.879035	3373.000000
77.725809	3354.000000
78.572583	3449.000000
79.419357	3431.000000
80.266132	3319.000000
81.112906	3372.000000
81.959680	3303.000000
82.806454	3391.000000
83.653228	3297.000000
84.500003	3206.000000
85.346777	3347.000000
86.193551	3311.000000
87.040325	3146.000000
87.887100	3120.000000
88.733874	3089.000000
89.580648	3061.000000
90.427422	3097.000000
91.274196	3099.000000
92.120971	3018.000000
92.967745	3053.000000
93.814519	2944.000000
94.661293	2920.000000
95.508068	2993.000000
96.354842	2956.000000
97.201616	2906.000000
98.048390	2865.000000
98.895164	2852.000000
99.741939	2824.000000
100.588713	2925.000000
101.435487	2825.000000
102.282261	2829.000000
103.129036	2750.000000
103.975810	2859.000000
104.822584	2778.000000
105.669358	2711.000000
106.516132	2747.000000
107.362907	2733.000000
108.209681	2696.000000
109.056455	2712.000000
109.903229	2621.000000
110.750004	2742.000000
111.596778	2695.000000
112.443552	2704.000000
113.290326	2684.000000
114.137100	2588.000000
114.983875	2664.000000
115.830649	2540.000000
116.677423	2612.000000
117.524197	2540.000000
118.370972	2574.000000
119.217746	2493.000000
120.064520	2497.000000
120.911294	2437.000000
121.758068	2381.000000
122.604843	2413.000000
123.451617	2318.000000
124.298391	2404.000000
125.145165	2311.000000
125.991939	2196.000000
126.838714	2288.000000
127.685488	2246.000000
128.532262	2141.000000
129.379036	2154.000000
130.225811	2158.000000
131.072585	2104.000000
131.919359	2030.000000
132.766133	2005.000000
133.612907	2008.000000
134.459682	1990.000000
135.306456	1881.000000
136.153230	1960.000000
137.000004	1882.000000
137.846779	1856.000000
138.693553	1811.000000
139.540327	1837.000000
140.387101	1733.000000
141.233875	1755.000000
142.080650	1810.000000
142.927424	1659.000000
143.774198	1671.000000
144.620972	1669.000000
145.467747	1698.000000
146.314521	1623.000000
147.161295	1595.000000
148.008069	1644.000000
148.854843	1629.000000
149.701618	1637.000000
150.548392	1628.000000
151.395166	1568.000000
152.241940	1680.000000
153.088715	1624.000000
153.935489	1585.000000
154.782263	1573.000000
155.629037	1612.000000
156.475811	1667.000000
157.322586	1617.000000
158.169360	1679.000000
159.016134	1708.000000
159.862908	1703.000000
160.709683	1769.000000
161.556457	1712.000000
162.403231	1763.000000
163.250005	1860.000000
164.096779	1820.000000
164.943554	1839.000000
165.790328	1956.000000
166.637102	2006.000000
167.483876	2054.000000
168.330651	2091.000000
169.177425	2170.000000
170.024199	2229.000000
170.870973	2219.000000
171.717747	2426.000000
172.564522	2329.000000
173.411296	2450.000000
174.258070	2612.000000
175.104844	2587.000000
175.951618	2645.000000
176.798393	2664.000000
177.645167	2803.000000
178.491941	2836.000000
179.338715	2953.000000
180.185490	3102.000000
181.032264	2976.000000
181.879038	3096.000000
182.725812	3206.000000
183.572586	3204.000000
184.419361	3403.000000
185.266135	3358.000000
186.112909	3462.000000
186.959683	3527.000000
187.806458	3456.000000
188.653232	3550.000000
189.500006	3538.000000
190.346780	3547.000000
191.193554	3606.000000
192.040329	3608.000000
192.887103	3630.000000
193.733877	3628.000000
194.580651	3617.000000
195.427426	3548.000000
196.274200	3565.000000
197.120974	3514.000000
197.967748	3407.000000
198.814522	3415.000000
199.661297	3243.000000
200.508071	3418.000000
201.354845	3276.000000
202.201619	3231.000000
203.048394	3157.000000
203.895168	3149.000000
204.741942	3056.000000
205.588716	2850.000000
206.435490	3030.000000
207.282265	2843.000000
208.129039	2809.000000
208.975813	2734.000000
209.822587	2639.000000
210.669362	2676.000000
211.516136	2605.000000
212.362910	2565.000000
213.209684	2590.000000
214.056458	2386.000000
214.903233	2448.000000
215.750007	2314.000000
216.596781	2391.000000
217.443555	2293.000000
218.290330	2217.000000
219.137104	2146.000000
219.983878	2144.000000
220.830652	2270.000000
221.677426	2153.000000
222.524201	2077.000000
223.370975	2055.000000
224.217749	1991.000000
225.064523	1938.000000
225.911298	1996.000000
226.758072	1833.000000
227.604846	1949.000000
228.451620	1837.000000
229.298394	1834.000000
230.145169	1843.000000
230.991943	1880.000000
231.838717	1752.000000
232.685491	1752.000000
233.532265	1790.000000
234.379040	1708.000000
235.225814	1700.000000
236.072588	1594.000000
236.919362	1605.000000
237.766137	1632.000000
238.612911	1605.000000
239.459685	1693.000000
240.306459	1613.000000
241.153233	1512.000000
242.000008	1533.000000
242.846782	1483.000000
243.693556	1480.000000
244.540330	1504.000000
245.387105	1475.000000
246.233879	1407.000000
247.080653	1425.000000
247.927427	1457.000000
248.774201	1403.000000
249.620976	1344.000000
250.467750	1400.000000
251.314524	1351.000000
252.161298	1354.000000
253.008073	1253.000000
253.854847	1301.000000
254.701621	1282.000000
255.548395	1193.000000
256.395169	1178.000000
257.241944	1193.000000
258.088718	1100.000000
258.935492	1073.000000
259.782266	1150.000000
260.629041	1093.000000
261.475815	1085.000000
262.322589	1038.000000
263.169363	1035.000000
264.016137	1035.000000
264.862912	978.000000
265.709686	1019.000000
266.556460	976.000000
267.403234	1012.000000
268.250009	984.000000
269.096783	946.000000
269.943557	957.000000
270.790331	1027.000000
271.637105	1001.000000
272.483880	904.000000
273.330654	925.000000
274.177428	914.000000
275.024202	854.000000
275.870977	950.000000
276.717751	877.000000
277.564525	858.000000
278.411299	852.000000
279.258073	874.000000
280.104848	866.000000
280.951622	846.000000
281.798396	787.000000
282.645170	860.000000
283.491944	838.000000
284.338719	839.000000
285.185493	811.000000
286.032267	823.000000
286.879041	764.000000
287.725816	825.000000
288.572590	778.000000
289.419364	799.000000
290.266138	794.000000
291.112912	760.000000
291.959687	752.000000
292.806461	789.000000
293.653235	788.000000
294.500009	766.000000
295.346784	771.000000
296.193558	750.000000
297.040332	750.000000
297.887106	722.000000
298.733880	703.000000
299.580655	691.000000
300.427429	772.000000
301.274203	738.000000
302.120977	769.000000
302.967752	706.000000
303.814526	754.000000
304.661300	695.000000
305.508074	679.000000
306.354848	701.000000
307.201623	656.000000
308.048397	715.000000
308.895171	725.000000
309.741945	722.000000
310.588720	640.000000
311.435494	712.000000
312.282268	700.000000
313.129042	665.000000
313.975816	667.000000
314.822591	701.000000
315.669365	670.000000
316.516139	673.000000
317.362913	693.000000
318.209688	667.000000
319.056462	663.000000
319.903236	689.000000
320.750010	709.000000
321.596784	647.000000
322.443559	639.000000
323.290333	668.000000
324.137107	646.000000
324.983881	670.000000
325.830656	566.000000
326.677430	624.000000
327.524204	598.000000
328.370978	632.000000
329.217752	654.000000
330.064527	658.000000
330.911301	615.000000
331.758075	664.000000
332.604849	663.000000
333.451623	666.000000
334.298398	647.000000
335.145172	623.000000
335.991946	642.000000
336.838720	610.000000
337.685495	645.000000
338.532269	618.000000
339.379043	640.000000
340.225817	642.000000
341.072591	608.000000
341.919366	685.000000
342.766140	598.000000
343.612914	624.000000
344.459688	626.000000
345.306463	625.000000
346.153237	560.000000
347.000011	666.000000
347.846785	601.000000
348.693559	656.000000
349.540334	630.000000
350.387108	632.000000
351.233882	607.000000
352.080656	641.000000
352.927431	588.000000
353.774205	595.000000
354.620979	597.000000
355.467753	597.000000
356.314527	636.000000
357.161302	586.000000
358.008076	612.000000
358.854850	605.000000
359.701624	574.000000
360.548399	603.000000
361.395173	602.000000
362.241947	573.000000
363.088721	582.000000
363.935495	548.000000
364.782270	624.000000
365.629044	592.000000
366.475818	546.000000
367.322592	592.000000
368.169367	535.000000
369.016141	567.000000
369.862915	553.000000
370.709689	551.000000
371.556463	586.000000
372.403238	586.000000
373.250012	566.000000
374.096786	582.000000
374.943560	617.000000
375.790335	503.000000
376.637109	588.000000
377.483883	543.000000
378.330657	566.000000
379.177431	560.000000
380.024206	556.000000
380.870980	575.000000
381.717754	567.000000
382.564528	549.000000
383.411303	519.000000
384.258077	527.000000
385.104851	531.000000
385.951625	538.000000
386.798399	511.000000
387.645174	532.000000
388.491948	503.000000
389.338722	514.000000
390.185496	522.000000
391.032270	558.000000
391.879045	549.000000
392.725819	534.000000
393.572593	500.000000
394.419367	474.000000
395.266142	503.000000
396.112916	510.000000
396.959690	484.000000
397.806464	541.000000
398.653238	512.000000
399.500013	475.000000
400.346787	481.000000
401.193561	478.000000
402.040335	506.000000
402.887110	432.000000
403.733884	445.000000
404.580658	444.000000
405.427432	422.000000
406.274206	459.000000
407.120981	472.000000
407.967755	436.000000
408.814529	438.000000
409.661303	442.000000
410.508078	458.000000
411.354852	440.000000
412.201626	423.000000
413.048400	428.000000
413.895174	415.000000
414.741949	432.000000
415.588723	399.000000
416.435497	431.000000
417.282271	421.000000
418.129046	406.000000
418.975820	398.000000
419.822594	417.000000
420.669368	430.000000
421.516142	430.000000
422.362917	418.000000
423.209691	410.000000
424.056465	393.000000
424.903239	416.000000
425.750014	369.000000
426.596788	427.000000
427.443562	371.000000
428.290336	389.000000
429.137110	408.000000
429.983885	396.000000
430.830659	401.000000
431.677433	405.000000
432.524207	419.000000
433.370982	382.000000
434.217756	438.000000
435.064530	443.000000
435.911304	406.000000
436.758078	386.000000
437.604853	334.000000
438.451627	398.000000
439.298401	438.000000
440.145175	397.000000
440.991949	408.000000
441.838724	411.000000
442.685498	384.000000
443.532272	419.000000
444.379046	423.000000
445.225821	401.000000
446.072595	381.000000
446.919369	384.000000
447.766143	406.000000
448.612917	429.000000
449.459692	388.000000
450.306466	397.000000
451.153240	353.000000
452.000014	426.000000
452.846789	398.000000
453.693563	427.000000
454.540337	407.000000
455.387111	413.000000
456.233885	390.000000
457.080660	402.000000
457.927434	418.000000
458.774208	439.000000
459.620982	445.000000
460.467757	495.000000
461.314531	438.000000
462.161305	396.000000
463.008079	441.000000
463.854853	438.000000
464.701628	438.000000
465.548402	401.000000
466.395176	412.000000
467.241950	434.000000
468.088725	429.000000
468.935499	470.000000
469.782273	450.000000
470.629047	484.000000
471.475821	448.000000
472.322596	419.000000
473.169370	449.000000
474.016144	425.000000
474.862918	457.000000
475.709693	415.000000
476.556467	447.000000
477.403241	419.000000
478.250015	415.000000
479.096789	445.000000
479.943564	434.000000
480.790338	389.000000
481.637112	402.000000
482.483886	402.000000
483.330661	379.000000
484.177435	421.000000
485.024209	400.000000
485.870983	386.000000
486.717757	420.000000
487.564532	397.000000
488.411306	358.000000
489.258080	395.000000
490.104854	386.000000
490.951629	374.000000
491.798403	383.000000
492.645177	381.000000
493.491951	397.000000
494.338725	384.000000
495.185500	386.000000
496.032274	360.000000
496.879048	360.000000
497.725822	328.000000
498.572596	362.000000
499.419371	363.000000
500.266145	335.000000
501.112919	361.000000
501.959693	366.000000
502.806468	354.000000
503.653242	324.000000
504.500016	359.000000
505.346790	366.000000
506.193564	345.000000
507.040339	325.000000
507.887113	333.000000
508.733887	305.000000
509.580661	318.000000
510.427436	351.000000
511.274210	326.000000
512.120984	325.000000
512.967758	271.000000
513.814532	275.000000
514.661307	303.000000
515.508081	299.000000
516.354855	313.000000
517.201629	361.000000
518.048404	304.000000
518.895178	284.000000
519.741952	298.000000
520.588726	269.000000
521.435500	251.000000
522.282275	278.000000
523.129049	287.000000
523.975823	260.000000
524.822597	268.000000
525.669372	263.000000
526.516146	270.000000
527.362920	268.000000
528.209694	280.000000
529.056468	271.000000
529.903243	244.000000
530.750017	262.000000
531.596791	273.000000
532.443565	239.000000
533.290340	254.000000
534.137114	233.000000
534.983888	265.000000
535.830662	252.000000
536.677436	238.000000
537.524211	243.000000
538.370985	250.000000
539.217759	275.000000
540.064533	286.000000
540.911308	231.000000
541.758082	212.000000
542.604856	231.000000
543.451630	208.000000
544.298404	225.000000
545.145179	241.000000
545.991953	227.000000
546.838727	222.000000
547.685501	230.000000
548.532275	252.000000
549.379050	207.000000
550.225824	218.000000
551.072598	212.000000
551.919372	236.000000
552.766147	226.000000
553.612921	183.000000
554.459695	222.000000
555.306469	222.000000
556.153243	219.000000
557.000018	201.000000
557.846792	194.000000
558.693566	183.000000
559.540340	186.000000
560.387115	214.000000
561.233889	180.000000
562.080663	205.000000
562.927437	181.000000
563.774211	203.000000
564.620986	188.000000
565.467760	176.000000
566.314534	202.000000
567.161308	168.000000
568.008083	191.000000
568.854857	194.000000
569.701631	204.000000
570.548405	194.000000
571.395179	167.000000
572.241954	189.000000
573.088728	154.000000
573.935502	180.000000
574.782276	174.000000
575.629051	175.000000
576.475825	177.000000
577.322599	142.000000
578.169373	202.000000
579.016147	165.000000
579.862922	157.000000
580.709696	175.000000
581.556470	157.000000
582.403244	164.000000
583.250019	152.000000
584.096793	176.000000
584.943567	169.000000
585.790341	174.000000
586.637115	179.000000
587.483890	154.000000
588.330664	150.000000
589.177438	136.000000
590.024212	148.000000
590.870987	169.000000
591.717761	171.000000
592.564535	150.000000
593.411309	160.000000
594.258083	174.000000
595.104858	136.000000
595.951632	152.000000
596.798406	153.000000
597.645180	147.000000
598.491955	138.000000
599.338729	180.000000
600.185503	160.000000
601.032277	160.000000
601.879051	134.000000
602.725826	138.000000
603.572600	126.000000
604.419374	143.000000
605.266148	127.000000
606.112922	150.000000
606.959697	132.000000
607.806471	121.000000
608.653245	130.000000
609.500019	126.000000
610.346794	121.000000
611.193568	117.000000
612.040342	125.000000
612.887116	130.000000
613.733890	128.000000
614.580665	111.000000
615.427439	105.000000
616.274213	128.000000
617.120987	119.000000
617.967762	126.000000
618.814536	120.000000
619.661310	108.000000
620.508084	124.000000
621.354858	108.000000
622.201633	127.000000
623.048407	112.000000
623.895181	122.000000
624.741955	118.000000
625.588730	104.000000
626.435504	108.000000
627.282278	114.000000
628.129052	91.000000
628.975826	96.000000
629.822601	114.000000
630.669375	97.000000
631.516149	132.000000
632.362923	119.000000
633.209698	94.000000
634.056472	90.000000
634.903246	117.000000
635.750020	93.000000
636.596794	88.000000
637.443569	94.000000
638.290343	104.000000
639.137117	89.000000
639.983891	92.000000
640.830666	89.000000
641.677440	75.000000
642.524214	96.000000
643.370988	104.000000
644.217762	101.000000
645.064537	75.000000
645.911311	110.000000
646.758085	98.000000
647.604859	92.000000
648.451634	76.000000
649.298408	78.000000
650.145182	77.000000
650.991956	113.000000
651.838730	81.000000
652.685505	93.000000
653.532279	79.000000
654.379053	98.000000
655.225827	79.000000
656.072601	81.000000
656.919376	70.000000
657.766150	102.000000
658.612924	77.000000
659.459698	76.000000
660.306473	85.000000
661.153247	76.000000
662.000021	81.000000
662.846795	85.000000
663.693569	78.000000
664.540344	74.000000
665.387118	89.000000
666.233892	77.000000
667.080666	71.000000
667.927441	84.000000
668.774215	80.000000
669.620989	70.000000
670.467763	68.000000
671.314537	78.000000
672.161312	82.000000
673.008086	85.000000
673.854860	90.000000
674.701634	82.000000
675.548409	86.000000
676.395183	70.000000
677.241957	75.000000
678.088731	67.000000
678.935505	88.000000
679.782280	62.000000
680.629054	78.000000
681.475828	83.000000
682.322602	56.000000
683.169377	78.000000
684.016151	65.000000
684.862925	56.000000
685.709699	84.000000
686.556473	77.000000
687.403248	66.000000
688.250022	75.000000
689.096796	53.000000
689.943570	66.000000
690.790345	87.000000
691.637119	66.000000
692.483893	62.000000
693.330667	75.000000
694.177441	66.000000
695.024216	69.000000
695.870990	79.000000
696.717764	68.000000
697.564538	64.000000
698.411313	60.000000
699.258087	50.000000
700.104861	70.000000
700.951635	66.000000
701.798409	57.000000
702.645184	54.000000
703.491958	75.000000
704.338732	70.000000
705.185506	60.000000
706.032281	72.000000
706.879055	56.000000
707.725829	64.000000
708.572603	69.000000
709.419377	50.000000
710.266152	69.000000
711.112926	64.000000
711.959700	57.000000
712.806474	71.000000
713.653248	54.000000
714.500023	63.000000
715.346797	64.000000
716.193571	57.000000
717.040345	52.000000
717.887120	42.000000
718.733894	55.000000
719.580668	60.000000
720.427442	50.000000
721.274216	37.000000
722.120991	53.000000
722.967765	59.000000
723.814539	45.000000
724.661313	63.000000
725.508088	43.000000
726.354862	50.000000
727.201636	50.000000
728.048410	47.000000
728.895184	72.000000
729.741959	62.000000
730.588733	51.000000
731.435507	43.000000
732.282281	49.000000
733.129056	60.000000
733.975830	55.000000
734.822604	53.000000
735.669378	51.000000
736.516152	46.000000
737.362927	40.000000
738.209701	51.000000
739.056475	55.000000
739.903249	45.000000
740.750024	54.000000
741.596798	35.000000
742.443572	48.000000
743.290346	46.000000
744.137120	40.000000
744.983895	51.000000
745.830669	53.000000
746.677443	41.000000
747.524217	53.000000
748.370992	49.000000
749.217766	44.000000
750.064540	38.000000
750.911314	42.000000
751.758088	29.000000
752.604863	50.000000
753.451637	40.000000
754.298411	45.000000
755.145185	50.000000
755.991960	54.000000
756.838734	47.000000
757.685508	43.000000
758.532282	33.000000
759.379056	43.000000
760.225831	41.000000
761.072605	44.000000
761.919379	43.000000
762.766153	44.000000
763.612927	41.000000
764.459702	40.000000
765.306476	50.000000
766.153250	43.000000
767.000024	39.000000
767.846799	45.000000
768.693573	34.000000
769.540347	35.000000
770.387121	35.000000
771.233895	39.000000
772.080670	42.000000
772.927444	48.000000
773.774218	44.000000
774.620992	36.000000
775.467767	53.000000
776.314541	54.000000
777.161315	41.000000
778.008089	39.000000
778.854863	51.000000
779.701638	34.000000
780.548412	48.000000
781.395186	46.000000
782.241960	41.000000
783.088735	26.000000
783.935509	56.000000
784.782283	36.000000
785.629057	31.000000
786.475831	38.000000
787.322606	39.000000
788.169380	32.000000
789.016154	40.000000
789.862928	38.000000
790.709703	45.000000
791.556477	41.000000
792.403251	39.000000
793.250025	46.000000
794.096799	34.000000
794.943574	42.000000
795.790348	46.000000
796.637122	39.000000
797.483896	39.000000
798.330671	45.000000
799.177445	38.000000
800.024219	29.000000
800.870993	38.000000
801.717767	36.000000
802.564542	32.000000
803.411316	38.000000
804.258090	30.000000
805.104864	28.000000
805.951639	44.000000
806.798413	33.000000
807.645187	36.000000
808.491961	33.000000
809.338735	40.000000
810.185510	30.000000
811.032284	40.000000
811.879058	26.000000
812.725832	39.000000
813.572607	43.000000
814.419381	39.000000
815.266155	25.000000
816.112929	29.000000
816.959703	37.000000
817.806478	44.000000
818.653252	32.000000
819.500026	32.000000
820.346800	52.000000
821.193574	42.000000
822.040349	32.000000
822.887123	41.000000
823.733897	23.000000
824.580671	28.000000
825.427446	38.000000
826.274220	39.000000
827.120994	36.000000
827.967768	46.000000
828.814542	35.000000
829.661317	41.000000
830.508091	34.000000
831.354865	30.000000
832.201639	30.000000
833.048414	49.000000
833.895188	35.000000
834.741962	31.000000
835.588736	20.000000
836.435510	21.000000
837.282285	34.000000
838.129059	30.000000
838.975833	32.000000
839.822607	35.000000
840.669382	34.000000
841.516156	34.000000
842.362930	32.000000
843.209704	39.000000
844.056478	30.000000
844.903253	33.000000
845.750027	32.000000
846.596801	27.000000
847.443575	33.000000
848.290350	35.000000
849.137124	29.000000
849.983898	34.000000
850.830672	31.000000
851.677446	32.000000
852.524221	25.000000
853.370995	36.000000
854.217769	25.000000
855.064543	26.000000
855.911318	26.000000
856.758092	30.000000
857.604866	34.000000
858.451640	23.000000
859.298414	27.000000
860.145189	34.000000
860.991963	34.000000
861.838737	29.000000
862.685511	31.000000
863.532286	33.000000
864.379060	38.000000
865.225834	29.000000
866.072608	33.000000
866.919382	38.000000
867.766157	33.000000
