#
# Sample name: Sample title.                                                   
# Sample id:   
# Sample type: 
# User name:   
# Sample description: 
#
# Start time:    2024-05-22, 16:32:04
# Real time (s): 1944.980
# Live time (s): 1800.000
#
# Total counts:  24068363
#
# Left marker:  511 (433.371 keV)
# Right marker: 513 (435.065 keV)
# Counts:  2555
#
# Energy calibration coefficients ( E = sum(Ai * n**i) )
#     A0: 0.669355
#     A1: 0.846774
#     A2: 0.000000
#     A3: 0.000000
# Energy unit: keV
#
# Channel data
# n	energy(keV)	counts	rate(1/s)
#-----------------------------------------------------------------------
1	1.516	65	0.0361111
2	2.363	94	0.0522222
3	3.210	342	0.19
4	4.056	3346	1.85889
5	4.903	9012	5.00667
6	5.750	12069	6.705
7	6.597	15844	8.80222
8	7.444	26571	14.7617
9	8.290	81948	45.5267
10	9.137	104486	58.0478
11	9.984	157329	87.405
12	10.831	168640	93.6889
13	11.677	162789	90.4383
14	12.524	164906	91.6144
15	13.371	167312	92.9511
16	14.218	169857	94.365
17	15.065	172613	95.8961
18	15.911	175620	97.5667
19	16.758	180137	100.076
20	17.605	185043	102.802
21	18.452	188126	104.514
22	19.298	192869	107.149
23	20.145	196387	109.104
24	20.992	201259	111.811
25	21.839	205201	114.001
26	22.685	208328	115.738
27	23.532	210042	116.69
28	24.379	213130	118.406
29	25.226	215082	119.49
30	26.073	215008	119.449
31	26.919	214474	119.152
32	27.766	213529	118.627
33	28.613	211534	117.519
34	29.460	209125	116.181
35	30.306	206351	114.639
36	31.153	203795	113.219
37	32.000	201316	111.842
38	32.847	197065	109.481
39	33.694	193235	107.353
40	34.540	190115	105.619
41	35.387	186286	103.492
42	36.234	182687	101.493
43	37.081	178839	99.355
44	37.927	176747	98.1928
45	38.774	173312	96.2844
46	39.621	171228	95.1267
47	40.468	167322	92.9567
48	41.315	165703	92.0572
49	42.161	162641	90.3561
50	43.008	160096	88.9422
51	43.855	157948	87.7489
52	44.702	156488	86.9378
53	45.548	154657	85.9206
54	46.395	152894	84.9411
55	47.242	150966	83.87
56	48.089	148813	82.6739
57	48.935	147534	81.9633
58	49.782	144390	80.2167
59	50.629	142325	79.0694
60	51.476	139655	77.5861
61	52.323	137015	76.1194
62	53.169	133277	74.0428
63	54.016	130966	72.7589
64	54.863	127004	70.5578
65	55.710	123867	68.815
66	56.556	120227	66.7928
67	57.403	117093	65.0517
68	58.250	112330	62.4056
69	59.097	108981	60.545
70	59.944	105174	58.43
71	60.790	101204	56.2244
72	61.637	97897	54.3872
73	62.484	95112	52.84
74	63.331	92244	51.2467
75	64.177	90148	50.0822
76	65.024	87967	48.8706
77	65.871	86301	47.945
78	66.718	85586	47.5478
79	67.565	84316	46.8422
80	68.411	83944	46.6356
81	69.258	83900	46.6111
82	70.105	85329	47.405
83	70.952	87254	48.4744
84	71.798	88648	49.2489
85	72.645	92226	51.2367
86	73.492	96144	53.4133
87	74.339	100398	55.7767
88	75.185	105238	58.4656
89	76.032	111274	61.8189
90	76.879	117747	65.415
91	77.726	125221	69.5672
92	78.573	132570	73.65
93	79.419	140607	78.115
94	80.266	149633	83.1294
95	81.113	158868	88.26
96	81.960	167944	93.3022
97	82.806	176688	98.16
98	83.653	184916	102.731
99	84.500	192989	107.216
100	85.347	197923	109.957
101	86.194	204527	113.626
102	87.040	207413	115.229
103	87.887	211308	117.393
104	88.734	211535	117.519
105	89.581	211256	117.364
106	90.427	210027	116.682
107	91.274	205870	114.372
108	92.121	202229	112.349
109	92.968	195993	108.885
110	93.815	190444	105.802
111	94.661	183309	101.838
112	95.508	177435	98.575
113	96.355	168351	93.5283
114	97.202	160507	89.1706
115	98.048	152550	84.75
116	98.895	144476	80.2644
117	99.742	137862	76.59
118	100.589	129941	72.1894
119	101.435	123429	68.5717
120	102.282	117667	65.3706
121	103.129	111117	61.7317
122	103.976	105592	58.6622
123	104.823	100074	55.5967
124	105.669	96041	53.3561
125	106.516	90908	50.5044
126	107.363	86797	48.2206
127	108.210	82787	45.9928
128	109.056	78324	43.5133
129	109.903	75028	41.6822
130	110.750	71849	39.9161
131	111.597	67765	37.6472
132	112.444	64978	36.0989
133	113.290	61726	34.2922
134	114.137	59732	33.1844
135	114.984	56946	31.6367
136	115.831	54640	30.3556
137	116.677	51948	28.86
138	117.524	50153	27.8628
139	118.371	48668	27.0378
140	119.218	47143	26.1906
141	120.065	45436	25.2422
142	120.911	43941	24.4117
143	121.758	42615	23.675
144	122.605	41721	23.1783
145	123.452	41004	22.78
146	124.298	40123	22.2906
147	125.145	39168	21.76
148	125.992	38626	21.4589
149	126.839	37994	21.1078
150	127.685	37653	20.9183
151	128.532	37145	20.6361
152	129.379	36628	20.3489
153	130.226	36081	20.045
154	131.073	35900	19.9444
155	131.919	35816	19.8978
156	132.766	35148	19.5267
157	133.613	35205	19.5583
158	134.460	34730	19.2944
159	135.306	34732	19.2956
160	136.153	34272	19.04
161	137.000	33975	18.875
162	137.847	33965	18.8694
163	138.694	33668	18.7044
164	139.540	33359	18.5328
165	140.387	33511	18.6172
166	141.234	33156	18.42
167	142.081	33002	18.3344
168	142.927	33082	18.3789
169	143.774	32833	18.2406
170	144.621	32386	17.9922
171	145.468	32467	18.0372
172	146.315	32135	17.8528
173	147.161	32491	18.0506
174	148.008	32382	17.99
175	148.855	32005	17.7806
176	149.702	32092	17.8289
177	150.548	32106	17.8367
178	151.395	31769	17.6494
179	152.242	31876	17.7089
180	153.089	31553	17.5294
181	153.935	31794	17.6633
182	154.782	31354	17.4189
183	155.629	31395	17.4417
184	156.476	31116	17.2867
185	157.323	31056	17.2533
186	158.169	30968	17.2044
187	159.016	30728	17.0711
188	159.863	30855	17.1417
189	160.710	30497	16.9428
190	161.556	30660	17.0333
191	162.403	30476	16.9311
192	163.250	30570	16.9833
193	164.097	30656	17.0311
194	164.944	30613	17.0072
195	165.790	30133	16.7406
196	166.637	30263	16.8128
197	167.484	30207	16.7817
198	168.331	30426	16.9033
199	169.177	30404	16.8911
200	170.024	29793	16.5517
201	170.871	30140	16.7444
202	171.718	29783	16.5461
203	172.565	30095	16.7194
204	173.411	29825	16.5694
205	174.258	29692	16.4956
206	175.105	29524	16.4022
207	175.952	29638	16.4656
208	176.798	29443	16.3572
209	177.645	29293	16.2739
210	178.492	29341	16.3006
211	179.339	28614	15.8967
212	180.185	28807	16.0039
213	181.032	28762	15.9789
214	181.879	28558	15.8656
215	182.726	28528	15.8489
216	183.573	28048	15.5822
217	184.419	28157	15.6428
218	185.266	27659	15.3661
219	186.113	27347	15.1928
220	186.960	27220	15.1222
221	187.806	27338	15.1878
222	188.653	26703	14.835
223	189.500	26621	14.7894
224	190.347	26690	14.8278
225	191.194	26073	14.485
226	192.040	25646	14.2478
227	192.887	25546	14.1922
228	193.734	25223	14.0128
229	194.581	24970	13.8722
230	195.427	24932	13.8511
231	196.274	24312	13.5067
232	197.121	24022	13.3456
233	197.968	23886	13.27
234	198.815	23697	13.165
235	199.661	23573	13.0961
236	200.508	23532	13.0733
237	201.355	23450	13.0278
238	202.202	23006	12.7811
239	203.048	22946	12.7478
240	203.895	22997	12.7761
241	204.742	22806	12.67
242	205.589	22596	12.5533
243	206.435	22535	12.5194
244	207.282	22330	12.4056
245	208.129	22536	12.52
246	208.976	22646	12.5811
247	209.823	22620	12.5667
248	210.669	22640	12.5778
249	211.516	22653	12.585
250	212.363	23113	12.8406
251	213.210	22940	12.7444
252	214.056	22993	12.7739
253	214.903	23076	12.82
254	215.750	22983	12.7683
255	216.597	23264	12.9244
256	217.444	23400	13
257	218.290	23439	13.0217
258	219.137	23405	13.0028
259	219.984	23343	12.9683
260	220.831	23580	13.1
261	221.677	23401	13.0006
262	222.524	23153	12.8628
263	223.371	23137	12.8539
264	224.218	22986	12.77
265	225.065	22691	12.6061
266	225.911	22633	12.5739
267	226.758	22183	12.3239
268	227.605	22100	12.2778
269	228.452	21748	12.0822
270	229.298	21366	11.87
271	230.145	21103	11.7239
272	230.992	20589	11.4383
273	231.839	20332	11.2956
274	232.685	19909	11.0606
275	233.532	19596	10.8867
276	234.379	19207	10.6706
277	235.226	18339	10.1883
278	236.073	18002	10.0011
279	236.919	17763	9.86833
280	237.766	17096	9.49778
281	238.613	16826	9.34778
282	239.460	16430	9.12778
283	240.306	15938	8.85444
284	241.153	15600	8.66667
285	242.000	15133	8.40722
286	242.847	14817	8.23167
287	243.694	14411	8.00611
288	244.540	14032	7.79556
289	245.387	13712	7.61778
290	246.234	13319	7.39944
291	247.081	13061	7.25611
292	247.927	12615	7.00833
293	248.774	12591	6.995
294	249.621	12243	6.80167
295	250.468	11794	6.55222
296	251.315	11733	6.51833
297	252.161	11193	6.21833
298	253.008	10957	6.08722
299	253.855	10973	6.09611
300	254.702	10649	5.91611
301	255.548	10523	5.84611
302	256.395	10089	5.605
303	257.242	10112	5.61778
304	258.089	9807	5.44833
305	258.935	9731	5.40611
306	259.782	9508	5.28222
307	260.629	9447	5.24833
308	261.476	9329	5.18278
309	262.323	8833	4.90722
310	263.169	8631	4.795
311	264.016	8770	4.87222
312	264.863	8397	4.665
313	265.710	8349	4.63833
314	266.556	7950	4.41667
315	267.403	7994	4.44111
316	268.250	7694	4.27444
317	269.097	7720	4.28889
318	269.944	7457	4.14278
319	270.790	7366	4.09222
320	271.637	7289	4.04944
321	272.484	7125	3.95833
322	273.331	6907	3.83722
323	274.177	6798	3.77667
324	275.024	6602	3.66778
325	275.871	6435	3.575
326	276.718	6361	3.53389
327	277.565	6242	3.46778
328	278.411	6260	3.47778
329	279.258	6036	3.35333
330	280.105	5798	3.22111
331	280.952	5699	3.16611
332	281.798	5673	3.15167
333	282.645	5435	3.01944
334	283.492	5327	2.95944
335	284.339	5280	2.93333
336	285.185	4963	2.75722
337	286.032	5119	2.84389
338	286.879	4900	2.72222
339	287.726	4808	2.67111
340	288.573	4814	2.67444
341	289.419	4580	2.54444
342	290.266	4697	2.60944
343	291.113	4557	2.53167
344	291.960	4364	2.42444
345	292.806	4370	2.42778
346	293.653	4463	2.47944
347	294.500	4483	2.49056
348	295.347	4065	2.25833
349	296.194	4014	2.23
350	297.040	4035	2.24167
351	297.887	4035	2.24167
352	298.734	4067	2.25944
353	299.581	3980	2.21111
354	300.427	3975	2.20833
355	301.274	3944	2.19111
356	302.121	3774	2.09667
357	302.968	3779	2.09944
358	303.815	3797	2.10944
359	304.661	3638	2.02111
360	305.508	3587	1.99278
361	306.355	3676	2.04222
362	307.202	3556	1.97556
363	308.048	3583	1.99056
364	308.895	3508	1.94889
365	309.742	3496	1.94222
366	310.589	3461	1.92278
367	311.435	3387	1.88167
368	312.282	3290	1.82778
369	313.129	3276	1.82
370	313.976	3235	1.79722
371	314.823	3286	1.82556
372	315.669	3108	1.72667
373	316.516	3162	1.75667
374	317.363	3128	1.73778
375	318.210	3201	1.77833
376	319.056	3004	1.66889
377	319.903	3073	1.70722
378	320.750	2924	1.62444
379	321.597	2951	1.63944
380	322.444	2916	1.62
381	323.290	2833	1.57389
382	324.137	2849	1.58278
383	324.984	2814	1.56333
384	325.831	2755	1.53056
385	326.677	2714	1.50778
386	327.524	2690	1.49444
387	328.371	2619	1.455
388	329.218	2672	1.48444
389	330.065	2641	1.46722
390	330.911	2627	1.45944
391	331.758	2570	1.42778
392	332.605	2613	1.45167
393	333.452	2554	1.41889
394	334.298	2608	1.44889
395	335.145	2510	1.39444
396	335.992	2494	1.38556
397	336.839	2505	1.39167
398	337.685	2471	1.37278
399	338.532	2378	1.32111
400	339.379	2406	1.33667
401	340.226	2483	1.37944
402	341.073	2438	1.35444
403	341.919	2355	1.30833
404	342.766	2410	1.33889
405	343.613	2357	1.30944
406	344.460	2416	1.34222
407	345.306	2384	1.32444
408	346.153	2321	1.28944
409	347.000	2313	1.285
410	347.847	2343	1.30167
411	348.694	2364	1.31333
412	349.540	2280	1.26667
413	350.387	2253	1.25167
414	351.234	2291	1.27278
415	352.081	2235	1.24167
416	352.927	2223	1.235
417	353.774	2175	1.20833
418	354.621	2313	1.285
419	355.468	2225	1.23611
420	356.315	2268	1.26
421	357.161	2207	1.22611
422	358.008	2236	1.24222
423	358.855	2092	1.16222
424	359.702	2205	1.225
425	360.548	2190	1.21667
426	361.395	2143	1.19056
427	362.242	2132	1.18444
428	363.089	2128	1.18222
429	363.935	2154	1.19667
430	364.782	2135	1.18611
431	365.629	2095	1.16389
432	366.476	2121	1.17833
433	367.323	2080	1.15556
434	368.169	2134	1.18556
435	369.016	2011	1.11722
436	369.863	2011	1.11722
437	370.710	2079	1.155
438	371.556	2071	1.15056
439	372.403	2054	1.14111
440	373.250	2013	1.11833
441	374.097	2051	1.13944
442	374.944	1974	1.09667
443	375.790	2045	1.13611
444	376.637	1938	1.07667
445	377.484	2079	1.155
446	378.331	2019	1.12167
447	379.177	1972	1.09556
448	380.024	1978	1.09889
449	380.871	1890	1.05
450	381.718	1997	1.10944
451	382.565	1893	1.05167
452	383.411	1947	1.08167
453	384.258	1877	1.04278
454	385.105	1941	1.07833
455	385.952	1906	1.05889
456	386.798	1945	1.08056
457	387.645	1877	1.04278
458	388.492	1774	0.985556
459	389.339	1797	0.998333
460	390.185	1847	1.02611
461	391.032	1850	1.02778
462	391.879	1860	1.03333
463	392.726	1930	1.07222
464	393.573	1864	1.03556
465	394.419	1870	1.03889
466	395.266	1810	1.00556
467	396.113	1736	0.964444
468	396.960	1728	0.96
469	397.806	1689	0.938333
470	398.653	1725	0.958333
471	399.500	1803	1.00167
472	400.347	1746	0.97
473	401.194	1590	0.883333
474	402.040	1724	0.957778
475	402.887	1659	0.921667
476	403.734	1714	0.952222
477	404.581	1731	0.961667
478	405.427	1605	0.891667
479	406.274	1635	0.908333
480	407.121	1700	0.944444
481	407.968	1635	0.908333
482	408.815	1578	0.876667
483	409.661	1554	0.863333
484	410.508	1526	0.847778
485	411.355	1566	0.87
486	412.202	1520	0.844444
487	413.048	1515	0.841667
488	413.895	1503	0.835
489	414.742	1522	0.845556
490	415.589	1494	0.83
491	416.435	1489	0.827222
492	417.282	1417	0.787222
493	418.129	1460	0.811111
494	418.976	1476	0.82
495	419.823	1475	0.819444
496	420.669	1476	0.82
497	421.516	1458	0.81
498	422.363	1359	0.755
499	423.210	1424	0.791111
500	424.056	1417	0.787222
501	424.903	1404	0.78
502	425.750	1356	0.753333
503	426.597	1340	0.744444
504	427.444	1411	0.783889
505	428.290	1323	0.735
506	429.137	1350	0.75
507	429.984	1262	0.701111
508	430.831	1257	0.698333
509	431.677	1317	0.731667
510	432.524	1318	0.732222
511	433.371	1228	0.682222
512	434.218	1209	0.671667
513	435.065	1346	0.747778
514	435.911	1196	0.664444
515	436.758	1213	0.673889
516	437.605	1287	0.715
517	438.452	1180	0.655556
518	439.298	1226	0.681111
519	440.145	1189	0.660556
520	440.992	1190	0.661111
521	441.839	1177	0.653889
522	442.685	1189	0.660556
523	443.532	1154	0.641111
524	444.379	1182	0.656667
525	445.226	1161	0.645
526	446.073	1149	0.638333
527	446.919	1162	0.645556
528	447.766	1121	0.622778
529	448.613	1181	0.656111
530	449.460	1143	0.635
531	450.306	1134	0.63
532	451.153	1153	0.640556
533	452.000	1095	0.608333
534	452.847	1110	0.616667
535	453.694	1051	0.583889
536	454.540	1099	0.610556
537	455.387	1074	0.596667
538	456.234	1047	0.581667
539	457.081	1159	0.643889
540	457.927	1087	0.603889
541	458.774	1045	0.580556
542	459.621	1080	0.6
543	460.468	1085	0.602778
544	461.315	1011	0.561667
545	462.161	1050	0.583333
546	463.008	1072	0.595556
547	463.855	990	0.55
548	464.702	985	0.547222
549	465.548	951	0.528333
550	466.395	1062	0.59
551	467.242	1054	0.585556
552	468.089	1032	0.573333
553	468.935	1016	0.564444
554	469.782	1113	0.618333
555	470.629	1015	0.563889
556	471.476	1023	0.568333
557	472.323	1027	0.570556
558	473.169	1009	0.560556
559	474.016	1037	0.576111
560	474.863	1014	0.563333
561	475.710	1063	0.590556
562	476.556	1017	0.565
563	477.403	968	0.537778
564	478.250	971	0.539444
565	479.097	1015	0.563889
566	479.944	1023	0.568333
567	480.790	1000	0.555556
568	481.637	997	0.553889
569	482.484	996	0.553333
570	483.331	1022	0.567778
571	484.177	960	0.533333
572	485.024	977	0.542778
573	485.871	1030	0.572222
574	486.718	938	0.521111
575	487.565	951	0.528333
576	488.411	971	0.539444
577	489.258	987	0.548333
578	490.105	982	0.545556
579	490.952	914	0.507778
580	491.798	961	0.533889
581	492.645	916	0.508889
582	493.492	908	0.504444
583	494.339	923	0.512778
584	495.185	908	0.504444
585	496.032	901	0.500556
586	496.879	844	0.468889
587	497.726	877	0.487222
588	498.573	852	0.473333
589	499.419	841	0.467222
590	500.266	883	0.490556
591	501.113	802	0.445556
592	501.960	801	0.445
593	502.806	816	0.453333
594	503.653	806	0.447778
595	504.500	815	0.452778
596	505.347	803	0.446111
597	506.194	833	0.462778
598	507.040	774	0.43
599	507.887	793	0.440556
600	508.734	745	0.413889
601	509.581	699	0.388333
602	510.427	683	0.379444
603	511.274	693	0.385
604	512.121	754	0.418889
605	512.968	732	0.406667
606	513.815	678	0.376667
607	514.661	665	0.369444
608	515.508	641	0.356111
609	516.355	639	0.355
610	517.202	662	0.367778
611	518.048	645	0.358333
612	518.895	634	0.352222
613	519.742	623	0.346111
614	520.589	596	0.331111
615	521.436	537	0.298333
616	522.282	569	0.316111
617	523.129	571	0.317222
618	523.976	555	0.308333
619	524.823	552	0.306667
620	525.669	548	0.304444
621	526.516	523	0.290556
622	527.363	527	0.292778
623	528.210	519	0.288333
624	529.056	515	0.286111
625	529.903	541	0.300556
626	530.750	458	0.254444
627	531.597	477	0.265
628	532.444	439	0.243889
629	533.290	451	0.250556
630	534.137	476	0.264444
631	534.984	445	0.247222
632	535.831	454	0.252222
633	536.677	428	0.237778
634	537.524	404	0.224444
635	538.371	427	0.237222
636	539.218	385	0.213889
637	540.065	415	0.230556
638	540.911	391	0.217222
639	541.758	423	0.235
640	542.605	379	0.210556
641	543.452	396	0.22
642	544.298	353	0.196111
643	545.145	373	0.207222
644	545.992	365	0.202778
645	546.839	379	0.210556
646	547.686	358	0.198889
647	548.532	333	0.185
648	549.379	320	0.177778
649	550.226	305	0.169444
650	551.073	304	0.168889
651	551.919	337	0.187222
652	552.766	285	0.158333
653	553.613	279	0.155
654	554.460	308	0.171111
655	555.306	277	0.153889
656	556.153	267	0.148333
657	557.000	311	0.172778
658	557.847	259	0.143889
659	558.694	301	0.167222
660	559.540	234	0.13
661	560.387	286	0.158889
662	561.234	241	0.133889
663	562.081	259	0.143889
664	562.927	255	0.141667
665	563.774	231	0.128333
666	564.621	251	0.139444
667	565.468	242	0.134444
668	566.315	228	0.126667
669	567.161	223	0.123889
670	568.008	215	0.119444
671	568.855	215	0.119444
672	569.702	222	0.123333
673	570.548	211	0.117222
674	571.395	210	0.116667
675	572.242	217	0.120556
676	573.089	201	0.111667
677	573.936	190	0.105556
678	574.782	181	0.100556
679	575.629	139	0.0772222
680	576.476	184	0.102222
681	577.323	189	0.105
682	578.169	158	0.0877778
683	579.016	149	0.0827778
684	579.863	171	0.095
685	580.710	168	0.0933333
686	581.556	157	0.0872222
687	582.403	160	0.0888889
688	583.250	134	0.0744444
689	584.097	157	0.0872222
690	584.944	131	0.0727778
691	585.790	146	0.0811111
692	586.637	143	0.0794444
693	587.484	142	0.0788889
694	588.331	125	0.0694444
695	589.177	151	0.0838889
696	590.024	126	0.07
697	590.871	136	0.0755556
698	591.718	149	0.0827778
699	592.565	121	0.0672222
700	593.411	121	0.0672222
701	594.258	141	0.0783333
702	595.105	133	0.0738889
703	595.952	109	0.0605556
704	596.798	129	0.0716667
705	597.645	113	0.0627778
706	598.492	103	0.0572222
707	599.339	109	0.0605556
708	600.186	100	0.0555556
709	601.032	103	0.0572222
710	601.879	100	0.0555556
711	602.726	97	0.0538889
712	603.573	124	0.0688889
713	604.419	99	0.055
714	605.266	104	0.0577778
715	606.113	98	0.0544444
716	606.960	102	0.0566667
717	607.806	72	0.04
718	608.653	106	0.0588889
719	609.500	98	0.0544444
720	610.347	90	0.05
721	611.194	103	0.0572222
722	612.040	94	0.0522222
723	612.887	96	0.0533333
724	613.734	80	0.0444444
725	614.581	73	0.0405556
726	615.427	88	0.0488889
727	616.274	76	0.0422222
728	617.121	65	0.0361111
729	617.968	77	0.0427778
730	618.815	71	0.0394444
731	619.661	83	0.0461111
732	620.508	64	0.0355556
733	621.355	62	0.0344444
734	622.202	56	0.0311111
735	623.048	87	0.0483333
736	623.895	61	0.0338889
737	624.742	66	0.0366667
738	625.589	54	0.03
739	626.436	58	0.0322222
740	627.282	69	0.0383333
741	628.129	58	0.0322222
742	628.976	78	0.0433333
743	629.823	51	0.0283333
744	630.669	57	0.0316667
745	631.516	55	0.0305556
746	632.363	64	0.0355556
747	633.210	46	0.0255556
748	634.056	56	0.0311111
749	634.903	50	0.0277778
750	635.750	48	0.0266667
751	636.597	65	0.0361111
752	637.444	34	0.0188889
753	638.290	41	0.0227778
754	639.137	43	0.0238889
755	639.984	25	0.0138889
756	640.831	38	0.0211111
757	641.677	45	0.025
758	642.524	42	0.0233333
759	643.371	27	0.015
760	644.218	41	0.0227778
761	645.065	31	0.0172222
762	645.911	26	0.0144444
763	646.758	32	0.0177778
764	647.605	28	0.0155556
765	648.452	28	0.0155556
766	649.298	28	0.0155556
767	650.145	31	0.0172222
768	650.992	28	0.0155556
769	651.839	19	0.0105556
770	652.686	26	0.0144444
771	653.532	21	0.0116667
772	654.379	23	0.0127778
773	655.226	18	0.01
774	656.073	13	0.00722222
775	656.919	13	0.00722222
776	657.766	20	0.0111111
777	658.613	10	0.00555556
778	659.460	15	0.00833333
779	660.306	11	0.00611111
780	661.153	6	0.00333333
781	662.000	12	0.00666667
782	662.847	6	0.00333333
783	663.694	7	0.00388889
784	664.540	6	0.00333333
785	665.387	4	0.00222222
786	666.234	7	0.00388889
787	667.081	9	0.005
788	667.927	7	0.00388889
789	668.774	6	0.00333333
790	669.621	9	0.005
791	670.468	8	0.00444444
792	671.315	2	0.00111111
793	672.161	3	0.00166667
794	673.008	6	0.00333333
795	673.855	4	0.00222222
796	674.702	3	0.00166667
797	675.548	1	0.000555556
798	676.395	4	0.00222222
799	677.242	1	0.000555556
800	678.089	2	0.00111111
801	678.936	4	0.00222222
802	679.782	3	0.00166667
803	680.629	1	0.000555556
804	681.476	2	0.00111111
805	682.323	1	0.000555556
806	683.169	0	0
807	684.016	0	0
808	684.863	2	0.00111111
809	685.710	0	0
810	686.556	2	0.00111111
811	687.403	0	0
812	688.250	1	0.000555556
813	689.097	1	0.000555556
814	689.944	1	0.000555556
815	690.790	0	0
816	691.637	0	0
817	692.484	2	0.00111111
818	693.331	2	0.00111111
819	694.177	0	0
820	695.024	0	0
821	695.871	1	0.000555556
822	696.718	0	0
823	697.565	0	0
824	698.411	0	0
825	699.258	0	0
826	700.105	1	0.000555556
827	700.952	0	0
828	701.798	0	0
829	702.645	1	0.000555556
830	703.492	0	0
831	704.339	1	0.000555556
832	705.186	0	0
833	706.032	0	0
834	706.879	0	0
835	707.726	0	0
836	708.573	0	0
837	709.419	0	0
838	710.266	0	0
839	711.113	0	0
840	711.960	0	0
841	712.806	0	0
842	713.653	1	0.000555556
843	714.500	0	0
844	715.347	0	0
845	716.194	1	0.000555556
846	717.040	0	0
847	717.887	0	0
848	718.734	0	0
849	719.581	1	0.000555556
850	720.427	0	0
851	721.274	0	0
852	722.121	0	0
853	722.968	0	0
854	723.815	0	0
855	724.661	0	0
856	725.508	0	0
857	726.355	0	0
858	727.202	1	0.000555556
859	728.048	0	0
860	728.895	0	0
861	729.742	0	0
862	730.589	1	0.000555556
863	731.436	0	0
864	732.282	0	0
865	733.129	0	0
866	733.976	0	0
867	734.823	0	0
868	735.669	0	0
869	736.516	0	0
870	737.363	0	0
871	738.210	0	0
872	739.056	1	0.000555556
873	739.903	0	0
874	740.750	0	0
875	741.597	0	0
876	742.444	0	0
877	743.290	0	0
878	744.137	0	0
879	744.984	0	0
880	745.831	0	0
881	746.677	0	0
882	747.524	0	0
883	748.371	1	0.000555556
884	749.218	0	0
885	750.065	0	0
886	750.911	0	0
887	751.758	0	0
888	752.605	0	0
889	753.452	0	0
890	754.298	0	0
891	755.145	0	0
892	755.992	0	0
893	756.839	0	0
894	757.686	1	0.000555556
895	758.532	0	0
896	759.379	0	0
897	760.226	0	0
898	761.073	0	0
899	761.919	0	0
900	762.766	0	0
901	763.613	0	0
902	764.460	0	0
903	765.306	0	0
904	766.153	0	0
905	767.000	0	0
906	767.847	0	0
907	768.694	0	0
908	769.540	0	0
909	770.387	0	0
910	771.234	0	0
911	772.081	0	0
912	772.927	1	0.000555556
913	773.774	1	0.000555556
914	774.621	0	0
915	775.468	0	0
916	776.315	0	0
917	777.161	0	0
918	778.008	0	0
919	778.855	0	0
920	779.702	0	0
921	780.548	0	0
922	781.395	0	0
923	782.242	0	0
924	783.089	0	0
925	783.936	0	0
926	784.782	0	0
927	785.629	0	0
928	786.476	0	0
929	787.323	0	0
930	788.169	0	0
931	789.016	0	0
932	789.863	0	0
933	790.710	0	0
934	791.556	0	0
935	792.403	0	0
936	793.250	0	0
937	794.097	0	0
938	794.944	0	0
939	795.790	0	0
940	796.637	0	0
941	797.484	0	0
942	798.331	0	0
943	799.177	0	0
944	800.024	0	0
945	800.871	0	0
946	801.718	0	0
947	802.565	0	0
948	803.411	0	0
949	804.258	1	0.000555556
950	805.105	0	0
951	805.952	0	0
952	806.798	0	0
953	807.645	0	0
954	808.492	0	0
955	809.339	0	0
956	810.186	0	0
957	811.032	0	0
958	811.879	0	0
959	812.726	0	0
960	813.573	0	0
961	814.419	0	0
962	815.266	0	0
963	816.113	0	0
964	816.960	0	0
965	817.806	0	0
966	818.653	0	0
967	819.500	0	0
968	820.347	0	0
969	821.194	0	0
970	822.040	0	0
971	822.887	0	0
972	823.734	0	0
973	824.581	0	0
974	825.427	0	0
975	826.274	0	0
976	827.121	0	0
977	827.968	0	0
978	828.815	0	0
979	829.661	0	0
980	830.508	0	0
981	831.355	0	0
982	832.202	0	0
983	833.048	0	0
984	833.895	0	0
985	834.742	0	0
986	835.589	0	0
987	836.436	1	0.000555556
988	837.282	0	0
989	838.129	0	0
990	838.976	0	0
991	839.823	0	0
992	840.669	0	0
993	841.516	0	0
994	842.363	0	0
995	843.210	0	0
996	844.056	1	0.000555556
997	844.903	0	0
998	845.750	0	0
999	846.597	0	0
1000	847.444	1	0.000555556
1001	848.290	0	0
1002	849.137	0	0
1003	849.984	0	0
1004	850.831	0	0
1005	851.677	0	0
1006	852.524	0	0
1007	853.371	0	0
1008	854.218	0	0
1009	855.065	0	0
1010	855.911	0	0
1011	856.758	0	0
1012	857.605	0	0
1013	858.452	0	0
1014	859.298	0	0
1015	860.145	0	0
1016	860.992	0	0
1017	861.839	0	0
1018	862.686	0	0
1019	863.532	0	0
1020	864.379	0	0
1021	865.226	0	0
1022	866.073	0	0
1023	866.919	0	0
1024	867.766	0	0
