#
# Sample name: Sample title.                                                   
# Sample id:   
# Sample type: 
# User name:   
# Sample description: 
#
# Start time:    2024-05-22, 14:03:02
# Real time (s): 1807.320
# Live time (s): 1800.000
#
# Total counts:  180146
#
# Left marker:  511 (433.371 keV)
# Right marker: 513 (435.065 keV)
# Counts:  126
#
# Energy calibration coefficients ( E = sum(Ai * n**i) )
#     A0: 0.669355
#     A1: 0.846774
#     A2: 0.000000
#     A3: 0.000000
# Energy unit: keV
#
# Channel data
# n	energy(keV)	counts	rate(1/s)
#-----------------------------------------------------------------------
1	1.516	0	0
2	2.363	0	0
3	3.210	0	0
4	4.056	0	0
5	4.903	3	0.00166667
6	5.750	8	0.00444444
7	6.597	36	0.02
8	7.444	69	0.0383333
9	8.290	89	0.0494444
10	9.137	135	0.075
11	9.984	141	0.0783333
12	10.831	169	0.0938889
13	11.677	152	0.0844444
14	12.524	186	0.103333
15	13.371	185	0.102778
16	14.218	218	0.121111
17	15.065	208	0.115556
18	15.911	258	0.143333
19	16.758	238	0.132222
20	17.605	295	0.163889
21	18.452	298	0.165556
22	19.298	323	0.179444
23	20.145	333	0.185
24	20.992	343	0.190556
25	21.839	351	0.195
26	22.685	372	0.206667
27	23.532	361	0.200556
28	24.379	384	0.213333
29	25.226	409	0.227222
30	26.073	381	0.211667
31	26.919	407	0.226111
32	27.766	375	0.208333
33	28.613	394	0.218889
34	29.460	391	0.217222
35	30.306	394	0.218889
36	31.153	426	0.236667
37	32.000	404	0.224444
38	32.847	408	0.226667
39	33.694	388	0.215556
40	34.540	407	0.226111
41	35.387	405	0.225
42	36.234	407	0.226111
43	37.081	405	0.225
44	37.927	398	0.221111
45	38.774	414	0.23
46	39.621	395	0.219444
47	40.468	389	0.216111
48	41.315	371	0.206111
49	42.161	377	0.209444
50	43.008	416	0.231111
51	43.855	419	0.232778
52	44.702	407	0.226111
53	45.548	402	0.223333
54	46.395	396	0.22
55	47.242	416	0.231111
56	48.089	408	0.226667
57	48.935	408	0.226667
58	49.782	396	0.22
59	50.629	376	0.208889
60	51.476	408	0.226667
61	52.323	398	0.221111
62	53.169	374	0.207778
63	54.016	386	0.214444
64	54.863	398	0.221111
65	55.710	423	0.235
66	56.556	385	0.213889
67	57.403	425	0.236111
68	58.250	390	0.216667
69	59.097	424	0.235556
70	59.944	423	0.235
71	60.790	430	0.238889
72	61.637	415	0.230556
73	62.484	442	0.245556
74	63.331	410	0.227778
75	64.177	452	0.251111
76	65.024	421	0.233889
77	65.871	431	0.239444
78	66.718	444	0.246667
79	67.565	418	0.232222
80	68.411	468	0.26
81	69.258	447	0.248333
82	70.105	466	0.258889
83	70.952	466	0.258889
84	71.798	430	0.238889
85	72.645	470	0.261111
86	73.492	497	0.276111
87	74.339	466	0.258889
88	75.185	501	0.278333
89	76.032	507	0.281667
90	76.879	537	0.298333
91	77.726	524	0.291111
92	78.573	555	0.308333
93	79.419	594	0.33
94	80.266	568	0.315556
95	81.113	570	0.316667
96	81.960	574	0.318889
97	82.806	535	0.297222
98	83.653	605	0.336111
99	84.500	561	0.311667
100	85.347	557	0.309444
101	86.194	612	0.34
102	87.040	612	0.34
103	87.887	620	0.344444
104	88.734	571	0.317222
105	89.581	656	0.364444
106	90.427	619	0.343889
107	91.274	612	0.34
108	92.121	635	0.352778
109	92.968	616	0.342222
110	93.815	676	0.375556
111	94.661	608	0.337778
112	95.508	670	0.372222
113	96.355	602	0.334444
114	97.202	655	0.363889
115	98.048	665	0.369444
116	98.895	655	0.363889
117	99.742	673	0.373889
118	100.589	714	0.396667
119	101.435	627	0.348333
120	102.282	668	0.371111
121	103.129	676	0.375556
122	103.976	697	0.387222
123	104.823	655	0.363889
124	105.669	720	0.4
125	106.516	680	0.377778
126	107.363	692	0.384444
127	108.210	676	0.375556
128	109.056	708	0.393333
129	109.903	678	0.376667
130	110.750	745	0.413889
131	111.597	700	0.388889
132	112.444	677	0.376111
133	113.290	686	0.381111
134	114.137	648	0.36
135	114.984	655	0.363889
136	115.831	681	0.378333
137	116.677	693	0.385
138	117.524	689	0.382778
139	118.371	656	0.364444
140	119.218	691	0.383889
141	120.065	678	0.376667
142	120.911	649	0.360556
143	121.758	699	0.388333
144	122.605	590	0.327778
145	123.452	639	0.355
146	124.298	668	0.371111
147	125.145	725	0.402778
148	125.992	667	0.370556
149	126.839	652	0.362222
150	127.685	710	0.394444
151	128.532	625	0.347222
152	129.379	608	0.337778
153	130.226	636	0.353333
154	131.073	619	0.343889
155	131.919	656	0.364444
156	132.766	675	0.375
157	133.613	619	0.343889
158	134.460	615	0.341667
159	135.306	660	0.366667
160	136.153	649	0.360556
161	137.000	615	0.341667
162	137.847	618	0.343333
163	138.694	631	0.350556
164	139.540	596	0.331111
165	140.387	636	0.353333
166	141.234	633	0.351667
167	142.081	616	0.342222
168	142.927	610	0.338889
169	143.774	643	0.357222
170	144.621	622	0.345556
171	145.468	580	0.322222
172	146.315	627	0.348333
173	147.161	621	0.345
174	148.008	630	0.35
175	148.855	555	0.308333
176	149.702	624	0.346667
177	150.548	601	0.333889
178	151.395	616	0.342222
179	152.242	580	0.322222
180	153.089	586	0.325556
181	153.935	585	0.325
182	154.782	591	0.328333
183	155.629	580	0.322222
184	156.476	600	0.333333
185	157.323	640	0.355556
186	158.169	592	0.328889
187	159.016	563	0.312778
188	159.863	547	0.303889
189	160.710	568	0.315556
190	161.556	606	0.336667
191	162.403	576	0.32
192	163.250	584	0.324444
193	164.097	561	0.311667
194	164.944	583	0.323889
195	165.790	579	0.321667
196	166.637	571	0.317222
197	167.484	602	0.334444
198	168.331	558	0.31
199	169.177	526	0.292222
200	170.024	521	0.289444
201	170.871	571	0.317222
202	171.718	542	0.301111
203	172.565	544	0.302222
204	173.411	517	0.287222
205	174.258	559	0.310556
206	175.105	507	0.281667
207	175.952	551	0.306111
208	176.798	524	0.291111
209	177.645	540	0.3
210	178.492	532	0.295556
211	179.339	573	0.318333
212	180.185	526	0.292222
213	181.032	553	0.307222
214	181.879	485	0.269444
215	182.726	536	0.297778
216	183.573	523	0.290556
217	184.419	565	0.313889
218	185.266	525	0.291667
219	186.113	548	0.304444
220	186.960	478	0.265556
221	187.806	542	0.301111
222	188.653	475	0.263889
223	189.500	503	0.279444
224	190.347	501	0.278333
225	191.194	532	0.295556
226	192.040	488	0.271111
227	192.887	518	0.287778
228	193.734	509	0.282778
229	194.581	427	0.237222
230	195.427	488	0.271111
231	196.274	509	0.282778
232	197.121	492	0.273333
233	197.968	477	0.265
234	198.815	481	0.267222
235	199.661	487	0.270556
236	200.508	465	0.258333
237	201.355	455	0.252778
238	202.202	481	0.267222
239	203.048	442	0.245556
240	203.895	499	0.277222
241	204.742	424	0.235556
242	205.589	431	0.239444
243	206.435	436	0.242222
244	207.282	449	0.249444
245	208.129	459	0.255
246	208.976	437	0.242778
247	209.823	454	0.252222
248	210.669	423	0.235
249	211.516	463	0.257222
250	212.363	449	0.249444
251	213.210	462	0.256667
252	214.056	418	0.232222
253	214.903	432	0.24
254	215.750	399	0.221667
255	216.597	413	0.229444
256	217.444	419	0.232778
257	218.290	448	0.248889
258	219.137	416	0.231111
259	219.984	408	0.226667
260	220.831	391	0.217222
261	221.677	417	0.231667
262	222.524	397	0.220556
263	223.371	412	0.228889
264	224.218	393	0.218333
265	225.065	380	0.211111
266	225.911	407	0.226111
267	226.758	372	0.206667
268	227.605	348	0.193333
269	228.452	364	0.202222
270	229.298	370	0.205556
271	230.145	384	0.213333
272	230.992	344	0.191111
273	231.839	367	0.203889
274	232.685	398	0.221111
275	233.532	357	0.198333
276	234.379	366	0.203333
277	235.226	330	0.183333
278	236.073	330	0.183333
279	236.919	319	0.177222
280	237.766	330	0.183333
281	238.613	374	0.207778
282	239.460	321	0.178333
283	240.306	301	0.167222
284	241.153	350	0.194444
285	242.000	333	0.185
286	242.847	353	0.196111
287	243.694	317	0.176111
288	244.540	304	0.168889
289	245.387	318	0.176667
290	246.234	329	0.182778
291	247.081	320	0.177778
292	247.927	337	0.187222
293	248.774	299	0.166111
294	249.621	299	0.166111
295	250.468	298	0.165556
296	251.315	263	0.146111
297	252.161	306	0.17
298	253.008	283	0.157222
299	253.855	269	0.149444
300	254.702	283	0.157222
301	255.548	279	0.155
302	256.395	259	0.143889
303	257.242	276	0.153333
304	258.089	263	0.146111
305	258.935	270	0.15
306	259.782	297	0.165
307	260.629	293	0.162778
308	261.476	284	0.157778
309	262.323	289	0.160556
310	263.169	266	0.147778
311	264.016	258	0.143333
312	264.863	270	0.15
313	265.710	271	0.150556
314	266.556	268	0.148889
315	267.403	251	0.139444
316	268.250	239	0.132778
317	269.097	242	0.134444
318	269.944	223	0.123889
319	270.790	241	0.133889
320	271.637	247	0.137222
321	272.484	235	0.130556
322	273.331	236	0.131111
323	274.177	260	0.144444
324	275.024	243	0.135
325	275.871	241	0.133889
326	276.718	249	0.138333
327	277.565	194	0.107778
328	278.411	223	0.123889
329	279.258	207	0.115
330	280.105	230	0.127778
331	280.952	207	0.115
332	281.798	214	0.118889
333	282.645	221	0.122778
334	283.492	219	0.121667
335	284.339	206	0.114444
336	285.185	220	0.122222
337	286.032	211	0.117222
338	286.879	214	0.118889
339	287.726	218	0.121111
340	288.573	205	0.113889
341	289.419	193	0.107222
342	290.266	239	0.132778
343	291.113	172	0.0955556
344	291.960	192	0.106667
345	292.806	195	0.108333
346	293.653	206	0.114444
347	294.500	174	0.0966667
348	295.347	188	0.104444
349	296.194	180	0.1
350	297.040	194	0.107778
351	297.887	181	0.100556
352	298.734	203	0.112778
353	299.581	173	0.0961111
354	300.427	186	0.103333
355	301.274	172	0.0955556
356	302.121	174	0.0966667
357	302.968	189	0.105
358	303.815	200	0.111111
359	304.661	175	0.0972222
360	305.508	169	0.0938889
361	306.355	178	0.0988889
362	307.202	177	0.0983333
363	308.048	149	0.0827778
364	308.895	151	0.0838889
365	309.742	182	0.101111
366	310.589	165	0.0916667
367	311.435	162	0.09
368	312.282	145	0.0805556
369	313.129	141	0.0783333
370	313.976	172	0.0955556
371	314.823	160	0.0888889
372	315.669	165	0.0916667
373	316.516	154	0.0855556
374	317.363	165	0.0916667
375	318.210	155	0.0861111
376	319.056	173	0.0961111
377	319.903	154	0.0855556
378	320.750	152	0.0844444
379	321.597	135	0.075
380	322.444	137	0.0761111
381	323.290	157	0.0872222
382	324.137	135	0.075
383	324.984	145	0.0805556
384	325.831	125	0.0694444
385	326.677	150	0.0833333
386	327.524	132	0.0733333
387	328.371	146	0.0811111
388	329.218	125	0.0694444
389	330.065	124	0.0688889
390	330.911	126	0.07
391	331.758	151	0.0838889
392	332.605	124	0.0688889
393	333.452	155	0.0861111
394	334.298	147	0.0816667
395	335.145	126	0.07
396	335.992	139	0.0772222
397	336.839	118	0.0655556
398	337.685	137	0.0761111
399	338.532	136	0.0755556
400	339.379	133	0.0738889
401	340.226	103	0.0572222
402	341.073	120	0.0666667
403	341.919	107	0.0594444
404	342.766	121	0.0672222
405	343.613	121	0.0672222
406	344.460	116	0.0644444
407	345.306	148	0.0822222
408	346.153	108	0.06
409	347.000	123	0.0683333
410	347.847	113	0.0627778
411	348.694	120	0.0666667
412	349.540	107	0.0594444
413	350.387	120	0.0666667
414	351.234	122	0.0677778
415	352.081	115	0.0638889
416	352.927	110	0.0611111
417	353.774	106	0.0588889
418	354.621	111	0.0616667
419	355.468	116	0.0644444
420	356.315	113	0.0627778
421	357.161	118	0.0655556
422	358.008	112	0.0622222
423	358.855	104	0.0577778
424	359.702	80	0.0444444
425	360.548	114	0.0633333
426	361.395	109	0.0605556
427	362.242	89	0.0494444
428	363.089	106	0.0588889
429	363.935	125	0.0694444
430	364.782	107	0.0594444
431	365.629	105	0.0583333
432	366.476	94	0.0522222
433	367.323	98	0.0544444
434	368.169	105	0.0583333
435	369.016	89	0.0494444
436	369.863	83	0.0461111
437	370.710	107	0.0594444
438	371.556	103	0.0572222
439	372.403	109	0.0605556
440	373.250	99	0.055
441	374.097	103	0.0572222
442	374.944	95	0.0527778
443	375.790	107	0.0594444
444	376.637	85	0.0472222
445	377.484	74	0.0411111
446	378.331	83	0.0461111
447	379.177	92	0.0511111
448	380.024	93	0.0516667
449	380.871	81	0.045
450	381.718	87	0.0483333
451	382.565	84	0.0466667
452	383.411	83	0.0461111
453	384.258	76	0.0422222
454	385.105	102	0.0566667
455	385.952	92	0.0511111
456	386.798	87	0.0483333
457	387.645	103	0.0572222
458	388.492	76	0.0422222
459	389.339	91	0.0505556
460	390.185	94	0.0522222
461	391.032	95	0.0527778
462	391.879	102	0.0566667
463	392.726	100	0.0555556
464	393.573	81	0.045
465	394.419	67	0.0372222
466	395.266	69	0.0383333
467	396.113	89	0.0494444
468	396.960	67	0.0372222
469	397.806	74	0.0411111
470	398.653	79	0.0438889
471	399.500	99	0.055
472	400.347	80	0.0444444
473	401.194	83	0.0461111
474	402.040	69	0.0383333
475	402.887	79	0.0438889
476	403.734	84	0.0466667
477	404.581	96	0.0533333
478	405.427	87	0.0483333
479	406.274	83	0.0461111
480	407.121	94	0.0522222
481	407.968	85	0.0472222
482	408.815	76	0.0422222
483	409.661	85	0.0472222
484	410.508	91	0.0505556
485	411.355	84	0.0466667
486	412.202	79	0.0438889
487	413.048	53	0.0294444
488	413.895	80	0.0444444
489	414.742	68	0.0377778
490	415.589	65	0.0361111
491	416.435	82	0.0455556
492	417.282	69	0.0383333
493	418.129	62	0.0344444
494	418.976	80	0.0444444
495	419.823	69	0.0383333
496	420.669	79	0.0438889
497	421.516	62	0.0344444
498	422.363	71	0.0394444
499	423.210	61	0.0338889
500	424.056	80	0.0444444
501	424.903	69	0.0383333
502	425.750	69	0.0383333
503	426.597	84	0.0466667
504	427.444	64	0.0355556
505	428.290	65	0.0361111
506	429.137	62	0.0344444
507	429.984	56	0.0311111
508	430.831	60	0.0333333
509	431.677	68	0.0377778
510	432.524	69	0.0383333
511	433.371	47	0.0261111
512	434.218	58	0.0322222
513	435.065	68	0.0377778
514	435.911	49	0.0272222
515	436.758	47	0.0261111
516	437.605	73	0.0405556
517	438.452	54	0.03
518	439.298	70	0.0388889
519	440.145	68	0.0377778
520	440.992	43	0.0238889
521	441.839	58	0.0322222
522	442.685	65	0.0361111
523	443.532	52	0.0288889
524	444.379	66	0.0366667
525	445.226	65	0.0361111
526	446.073	63	0.035
527	446.919	61	0.0338889
528	447.766	56	0.0311111
529	448.613	46	0.0255556
530	449.460	53	0.0294444
531	450.306	50	0.0277778
532	451.153	51	0.0283333
533	452.000	58	0.0322222
534	452.847	60	0.0333333
535	453.694	56	0.0311111
536	454.540	53	0.0294444
537	455.387	67	0.0372222
538	456.234	46	0.0255556
539	457.081	51	0.0283333
540	457.927	67	0.0372222
541	458.774	50	0.0277778
542	459.621	56	0.0311111
543	460.468	49	0.0272222
544	461.315	50	0.0277778
545	462.161	51	0.0283333
546	463.008	48	0.0266667
547	463.855	58	0.0322222
548	464.702	63	0.035
549	465.548	65	0.0361111
550	466.395	52	0.0288889
551	467.242	45	0.025
552	468.089	45	0.025
553	468.935	56	0.0311111
554	469.782	55	0.0305556
555	470.629	61	0.0338889
556	471.476	46	0.0255556
557	472.323	44	0.0244444
558	473.169	41	0.0227778
559	474.016	49	0.0272222
560	474.863	48	0.0266667
561	475.710	42	0.0233333
562	476.556	37	0.0205556
563	477.403	40	0.0222222
564	478.250	47	0.0261111
565	479.097	35	0.0194444
566	479.944	41	0.0227778
567	480.790	56	0.0311111
568	481.637	57	0.0316667
569	482.484	51	0.0283333
570	483.331	35	0.0194444
571	484.177	40	0.0222222
572	485.024	33	0.0183333
573	485.871	55	0.0305556
574	486.718	52	0.0288889
575	487.565	33	0.0183333
576	488.411	47	0.0261111
577	489.258	48	0.0266667
578	490.105	40	0.0222222
579	490.952	51	0.0283333
580	491.798	40	0.0222222
581	492.645	34	0.0188889
582	493.492	38	0.0211111
583	494.339	39	0.0216667
584	495.185	42	0.0233333
585	496.032	36	0.02
586	496.879	45	0.025
587	497.726	28	0.0155556
588	498.573	32	0.0177778
589	499.419	36	0.02
590	500.266	39	0.0216667
591	501.113	35	0.0194444
592	501.960	34	0.0188889
593	502.806	37	0.0205556
594	503.653	36	0.02
595	504.500	18	0.01
596	505.347	43	0.0238889
597	506.194	31	0.0172222
598	507.040	27	0.015
599	507.887	29	0.0161111
600	508.734	29	0.0161111
601	509.581	35	0.0194444
602	510.427	32	0.0177778
603	511.274	33	0.0183333
604	512.121	30	0.0166667
605	512.968	33	0.0183333
606	513.815	35	0.0194444
607	514.661	40	0.0222222
608	515.508	34	0.0188889
609	516.355	30	0.0166667
610	517.202	28	0.0155556
611	518.048	33	0.0183333
612	518.895	38	0.0211111
613	519.742	38	0.0211111
614	520.589	20	0.0111111
615	521.436	34	0.0188889
616	522.282	20	0.0111111
617	523.129	27	0.015
618	523.976	18	0.01
619	524.823	28	0.0155556
620	525.669	34	0.0188889
621	526.516	21	0.0116667
622	527.363	26	0.0144444
623	528.210	32	0.0177778
624	529.056	24	0.0133333
625	529.903	27	0.015
626	530.750	31	0.0172222
627	531.597	24	0.0133333
628	532.444	24	0.0133333
629	533.290	24	0.0133333
630	534.137	22	0.0122222
631	534.984	24	0.0133333
632	535.831	26	0.0144444
633	536.677	27	0.015
634	537.524	29	0.0161111
635	538.371	46	0.0255556
636	539.218	32	0.0177778
637	540.065	31	0.0172222
638	540.911	26	0.0144444
639	541.758	24	0.0133333
640	542.605	17	0.00944444
641	543.452	17	0.00944444
642	544.298	16	0.00888889
643	545.145	31	0.0172222
644	545.992	23	0.0127778
645	546.839	35	0.0194444
646	547.686	38	0.0211111
647	548.532	27	0.015
648	549.379	26	0.0144444
649	550.226	33	0.0183333
650	551.073	21	0.0116667
651	551.919	24	0.0133333
652	552.766	17	0.00944444
653	553.613	24	0.0133333
654	554.460	20	0.0111111
655	555.306	31	0.0172222
656	556.153	30	0.0166667
657	557.000	23	0.0127778
658	557.847	17	0.00944444
659	558.694	28	0.0155556
660	559.540	15	0.00833333
661	560.387	28	0.0155556
662	561.234	23	0.0127778
663	562.081	15	0.00833333
664	562.927	19	0.0105556
665	563.774	8	0.00444444
666	564.621	27	0.015
667	565.468	28	0.0155556
668	566.315	15	0.00833333
669	567.161	19	0.0105556
670	568.008	15	0.00833333
671	568.855	18	0.01
672	569.702	20	0.0111111
673	570.548	26	0.0144444
674	571.395	26	0.0144444
675	572.242	18	0.01
676	573.089	23	0.0127778
677	573.936	25	0.0138889
678	574.782	24	0.0133333
679	575.629	15	0.00833333
680	576.476	15	0.00833333
681	577.323	28	0.0155556
682	578.169	16	0.00888889
683	579.016	13	0.00722222
684	579.863	20	0.0111111
685	580.710	6	0.00333333
686	581.556	13	0.00722222
687	582.403	19	0.0105556
688	583.250	20	0.0111111
689	584.097	14	0.00777778
690	584.944	21	0.0116667
691	585.790	10	0.00555556
692	586.637	15	0.00833333
693	587.484	12	0.00666667
694	588.331	21	0.0116667
695	589.177	16	0.00888889
696	590.024	17	0.00944444
697	590.871	18	0.01
698	591.718	16	0.00888889
699	592.565	12	0.00666667
700	593.411	15	0.00833333
701	594.258	16	0.00888889
702	595.105	15	0.00833333
703	595.952	9	0.005
704	596.798	9	0.005
705	597.645	15	0.00833333
706	598.492	12	0.00666667
707	599.339	18	0.01
708	600.186	10	0.00555556
709	601.032	18	0.01
710	601.879	17	0.00944444
711	602.726	12	0.00666667
712	603.573	12	0.00666667
713	604.419	8	0.00444444
714	605.266	16	0.00888889
715	606.113	12	0.00666667
716	606.960	14	0.00777778
717	607.806	9	0.005
718	608.653	11	0.00611111
719	609.500	14	0.00777778
720	610.347	11	0.00611111
721	611.194	15	0.00833333
722	612.040	11	0.00611111
723	612.887	16	0.00888889
724	613.734	10	0.00555556
725	614.581	14	0.00777778
726	615.427	14	0.00777778
727	616.274	9	0.005
728	617.121	7	0.00388889
729	617.968	10	0.00555556
730	618.815	12	0.00666667
731	619.661	12	0.00666667
732	620.508	11	0.00611111
733	621.355	10	0.00555556
734	622.202	10	0.00555556
735	623.048	8	0.00444444
736	623.895	13	0.00722222
737	624.742	9	0.005
738	625.589	11	0.00611111
739	626.436	7	0.00388889
740	627.282	15	0.00833333
741	628.129	10	0.00555556
742	628.976	8	0.00444444
743	629.823	6	0.00333333
744	630.669	10	0.00555556
745	631.516	10	0.00555556
746	632.363	10	0.00555556
747	633.210	8	0.00444444
748	634.056	6	0.00333333
749	634.903	7	0.00388889
750	635.750	7	0.00388889
751	636.597	12	0.00666667
752	637.444	9	0.005
753	638.290	8	0.00444444
754	639.137	15	0.00833333
755	639.984	12	0.00666667
756	640.831	11	0.00611111
757	641.677	7	0.00388889
758	642.524	9	0.005
759	643.371	4	0.00222222
760	644.218	2	0.00111111
761	645.065	2	0.00111111
762	645.911	6	0.00333333
763	646.758	3	0.00166667
764	647.605	9	0.005
765	648.452	5	0.00277778
766	649.298	5	0.00277778
767	650.145	7	0.00388889
768	650.992	9	0.005
769	651.839	9	0.005
770	652.686	4	0.00222222
771	653.532	13	0.00722222
772	654.379	8	0.00444444
773	655.226	7	0.00388889
774	656.073	3	0.00166667
775	656.919	8	0.00444444
776	657.766	8	0.00444444
777	658.613	7	0.00388889
778	659.460	7	0.00388889
779	660.306	3	0.00166667
780	661.153	13	0.00722222
781	662.000	11	0.00611111
782	662.847	4	0.00222222
783	663.694	6	0.00333333
784	664.540	5	0.00277778
785	665.387	8	0.00444444
786	666.234	10	0.00555556
787	667.081	7	0.00388889
788	667.927	3	0.00166667
789	668.774	8	0.00444444
790	669.621	2	0.00111111
791	670.468	6	0.00333333
792	671.315	10	0.00555556
793	672.161	10	0.00555556
794	673.008	5	0.00277778
795	673.855	7	0.00388889
796	674.702	7	0.00388889
797	675.548	7	0.00388889
798	676.395	5	0.00277778
799	677.242	5	0.00277778
800	678.089	6	0.00333333
801	678.936	3	0.00166667
802	679.782	6	0.00333333
803	680.629	4	0.00222222
804	681.476	4	0.00222222
805	682.323	3	0.00166667
806	683.169	4	0.00222222
807	684.016	2	0.00111111
808	684.863	7	0.00388889
809	685.710	3	0.00166667
810	686.556	3	0.00166667
811	687.403	8	0.00444444
812	688.250	3	0.00166667
813	689.097	4	0.00222222
814	689.944	5	0.00277778
815	690.790	5	0.00277778
816	691.637	4	0.00222222
817	692.484	6	0.00333333
818	693.331	4	0.00222222
819	694.177	5	0.00277778
820	695.024	3	0.00166667
821	695.871	4	0.00222222
822	696.718	6	0.00333333
823	697.565	5	0.00277778
824	698.411	3	0.00166667
825	699.258	0	0
826	700.105	0	0
827	700.952	2	0.00111111
828	701.798	2	0.00111111
829	702.645	5	0.00277778
830	703.492	6	0.00333333
831	704.339	7	0.00388889
832	705.186	2	0.00111111
833	706.032	5	0.00277778
834	706.879	4	0.00222222
835	707.726	6	0.00333333
836	708.573	8	0.00444444
837	709.419	4	0.00222222
838	710.266	2	0.00111111
839	711.113	1	0.000555556
840	711.960	1	0.000555556
841	712.806	3	0.00166667
842	713.653	0	0
843	714.500	3	0.00166667
844	715.347	1	0.000555556
845	716.194	1	0.000555556
846	717.040	2	0.00111111
847	717.887	4	0.00222222
848	718.734	3	0.00166667
849	719.581	2	0.00111111
850	720.427	5	0.00277778
851	721.274	4	0.00222222
852	722.121	2	0.00111111
853	722.968	4	0.00222222
854	723.815	3	0.00166667
855	724.661	4	0.00222222
856	725.508	2	0.00111111
857	726.355	2	0.00111111
858	727.202	1	0.000555556
859	728.048	4	0.00222222
860	728.895	1	0.000555556
861	729.742	1	0.000555556
862	730.589	6	0.00333333
863	731.436	3	0.00166667
864	732.282	0	0
865	733.129	1	0.000555556
866	733.976	6	0.00333333
867	734.823	0	0
868	735.669	2	0.00111111
869	736.516	2	0.00111111
870	737.363	1	0.000555556
871	738.210	3	0.00166667
872	739.056	2	0.00111111
873	739.903	1	0.000555556
874	740.750	0	0
875	741.597	4	0.00222222
876	742.444	4	0.00222222
877	743.290	2	0.00111111
878	744.137	1	0.000555556
879	744.984	5	0.00277778
880	745.831	1	0.000555556
881	746.677	4	0.00222222
882	747.524	1	0.000555556
883	748.371	2	0.00111111
884	749.218	1	0.000555556
885	750.065	0	0
886	750.911	3	0.00166667
887	751.758	1	0.000555556
888	752.605	3	0.00166667
889	753.452	1	0.000555556
890	754.298	2	0.00111111
891	755.145	0	0
892	755.992	2	0.00111111
893	756.839	2	0.00111111
894	757.686	1	0.000555556
895	758.532	3	0.00166667
896	759.379	0	0
897	760.226	0	0
898	761.073	3	0.00166667
899	761.919	0	0
900	762.766	1	0.000555556
901	763.613	2	0.00111111
902	764.460	1	0.000555556
903	765.306	0	0
904	766.153	0	0
905	767.000	3	0.00166667
906	767.847	0	0
907	768.694	1	0.000555556
908	769.540	1	0.000555556
909	770.387	3	0.00166667
910	771.234	2	0.00111111
911	772.081	0	0
912	772.927	4	0.00222222
913	773.774	1	0.000555556
914	774.621	0	0
915	775.468	2	0.00111111
916	776.315	1	0.000555556
917	777.161	3	0.00166667
918	778.008	1	0.000555556
919	778.855	0	0
920	779.702	0	0
921	780.548	2	0.00111111
922	781.395	0	0
923	782.242	1	0.000555556
924	783.089	0	0
925	783.936	2	0.00111111
926	784.782	1	0.000555556
927	785.629	0	0
928	786.476	1	0.000555556
929	787.323	1	0.000555556
930	788.169	0	0
931	789.016	1	0.000555556
932	789.863	1	0.000555556
933	790.710	1	0.000555556
934	791.556	2	0.00111111
935	792.403	0	0
936	793.250	0	0
937	794.097	1	0.000555556
938	794.944	0	0
939	795.790	0	0
940	796.637	0	0
941	797.484	1	0.000555556
942	798.331	1	0.000555556
943	799.177	3	0.00166667
944	800.024	0	0
945	800.871	1	0.000555556
946	801.718	1	0.000555556
947	802.565	0	0
948	803.411	0	0
949	804.258	1	0.000555556
950	805.105	2	0.00111111
951	805.952	0	0
952	806.798	0	0
953	807.645	2	0.00111111
954	808.492	3	0.00166667
955	809.339	2	0.00111111
956	810.186	1	0.000555556
957	811.032	1	0.000555556
958	811.879	0	0
959	812.726	0	0
960	813.573	1	0.000555556
961	814.419	2	0.00111111
962	815.266	1	0.000555556
963	816.113	1	0.000555556
964	816.960	1	0.000555556
965	817.806	0	0
966	818.653	0	0
967	819.500	0	0
968	820.347	0	0
969	821.194	2	0.00111111
970	822.040	3	0.00166667
971	822.887	1	0.000555556
972	823.734	0	0
973	824.581	1	0.000555556
974	825.427	0	0
975	826.274	0	0
976	827.121	0	0
977	827.968	0	0
978	828.815	0	0
979	829.661	0	0
980	830.508	0	0
981	831.355	1	0.000555556
982	832.202	1	0.000555556
983	833.048	0	0
984	833.895	0	0
985	834.742	2	0.00111111
986	835.589	0	0
987	836.436	0	0
988	837.282	1	0.000555556
989	838.129	1	0.000555556
990	838.976	2	0.00111111
991	839.823	0	0
992	840.669	1	0.000555556
993	841.516	0	0
994	842.363	0	0
995	843.210	0	0
996	844.056	1	0.000555556
997	844.903	0	0
998	845.750	0	0
999	846.597	0	0
1000	847.444	0	0
1001	848.290	0	0
1002	849.137	0	0
1003	849.984	0	0
1004	850.831	0	0
1005	851.677	1	0.000555556
1006	852.524	0	0
1007	853.371	0	0
1008	854.218	0	0
1009	855.065	1	0.000555556
1010	855.911	1	0.000555556
1011	856.758	1	0.000555556
1012	857.605	0	0
1013	858.452	1	0.000555556
1014	859.298	0	0
1015	860.145	0	0
1016	860.992	0	0
1017	861.839	1	0.000555556
1018	862.686	0	0
1019	863.532	1	0.000555556
1020	864.379	0	0
1021	865.226	0	0
1022	866.073	0	0
1023	866.919	1	0.000555556
1024	867.766	0	0
