#
# Sample name: Sample title.                                                   
# Sample id:   
# Sample type: 
# User name:   
# Sample description: 
#
# Start time:    2024-05-22, 15:57:57
# Real time (s): 1907.300
# Live time (s): 1800.000
#
# Total counts:  24412704
#
# Left marker:  511 (433.371 keV)
# Right marker: 513 (435.065 keV)
# Counts:  3488
#
# Energy calibration coefficients ( E = sum(Ai * n**i) )
#     A0: 0.669355
#     A1: 0.846774
#     A2: 0.000000
#     A3: 0.000000
# Energy unit: keV
#
# Channel data
# n	energy(keV)	counts	rate(1/s)
#-----------------------------------------------------------------------
1	1.516	143	0.0794444
2	2.363	159	0.0883333
3	3.210	137	0.0761111
4	4.056	173	0.0961111
5	4.903	929	0.516111
6	5.750	3424	1.90222
7	6.597	21830	12.1278
8	7.444	66542	36.9678
9	8.290	84059	46.6994
10	9.137	125305	69.6139
11	9.984	123697	68.7206
12	10.831	120841	67.1339
13	11.677	121705	67.6139
14	12.524	122593	68.1072
15	13.371	123147	68.415
16	14.218	124136	68.9644
17	15.065	126091	70.0506
18	15.911	127588	70.8822
19	16.758	129104	71.7244
20	17.605	130593	72.5517
21	18.452	132625	73.6806
22	19.298	134693	74.8294
23	20.145	136104	75.6133
24	20.992	138230	76.7944
25	21.839	140220	77.9
26	22.685	143405	79.6694
27	23.532	145204	80.6689
28	24.379	147680	82.0444
29	25.226	151078	83.9322
30	26.073	153994	85.5522
31	26.919	157936	87.7422
32	27.766	160149	88.9717
33	28.613	163779	90.9883
34	29.460	166274	92.3744
35	30.306	168771	93.7617
36	31.153	169982	94.4344
37	32.000	172306	95.7256
38	32.847	172960	96.0889
39	33.694	173589	96.4383
40	34.540	173891	96.6061
41	35.387	173987	96.6594
42	36.234	173444	96.3578
43	37.081	173273	96.2628
44	37.927	170787	94.8817
45	38.774	169435	94.1306
46	39.621	167648	93.1378
47	40.468	166024	92.2356
48	41.315	164140	91.1889
49	42.161	161646	89.8033
50	43.008	158940	88.3
51	43.855	157131	87.295
52	44.702	154360	85.7556
53	45.548	152465	84.7028
54	46.395	149079	82.8217
55	47.242	147224	81.7911
56	48.089	145095	80.6083
57	48.935	142987	79.4372
58	49.782	140743	78.1906
59	50.629	139525	77.5139
60	51.476	137028	76.1267
61	52.323	134714	74.8411
62	53.169	134255	74.5861
63	54.016	132537	73.6317
64	54.863	130622	72.5678
65	55.710	129178	71.7656
66	56.556	127747	70.9706
67	57.403	126113	70.0628
68	58.250	125123	69.5128
69	59.097	122894	68.2744
70	59.944	122214	67.8967
71	60.790	120652	67.0289
72	61.637	120071	66.7061
73	62.484	118277	65.7094
74	63.331	116745	64.8583
75	64.177	115969	64.4272
76	65.024	113397	62.9983
77	65.871	112589	62.5494
78	66.718	110388	61.3267
79	67.565	108494	60.2744
80	68.411	106507	59.1706
81	69.258	103657	57.5872
82	70.105	102270	56.8167
83	70.952	99891	55.495
84	71.798	97356	54.0867
85	72.645	94470	52.4833
86	73.492	91880	51.0444
87	74.339	89772	49.8733
88	75.185	86530	48.0722
89	76.032	83694	46.4967
90	76.879	81887	45.4928
91	77.726	79593	44.2183
92	78.573	77756	43.1978
93	79.419	75527	41.9594
94	80.266	73288	40.7156
95	81.113	71885	39.9361
96	81.960	71141	39.5228
97	82.806	69350	38.5278
98	83.653	68952	38.3067
99	84.500	67653	37.585
100	85.347	67699	37.6106
101	86.194	67387	37.4372
102	87.040	67717	37.6206
103	87.887	68062	37.8122
104	88.734	68734	38.1856
105	89.581	69833	38.7961
106	90.427	71395	39.6639
107	91.274	73736	40.9644
108	92.121	75913	42.1739
109	92.968	77860	43.2556
110	93.815	81658	45.3656
111	94.661	85103	47.2794
112	95.508	88398	49.11
113	96.355	93006	51.67
114	97.202	97731	54.295
115	98.048	102998	57.2211
116	98.895	108271	60.1506
117	99.742	113858	63.2544
118	100.589	119677	66.4872
119	101.435	126350	70.1944
120	102.282	131544	73.08
121	103.129	138693	77.0517
122	103.976	143439	79.6883
123	104.823	149430	83.0167
124	105.669	154847	86.0261
125	106.516	158699	88.1661
126	107.363	163601	90.8894
127	108.210	166230	92.35
128	109.056	169425	94.125
129	109.903	170402	94.6678
130	110.750	171044	95.0244
131	111.597	171864	95.48
132	112.444	170531	94.7394
133	113.290	168928	93.8489
134	114.137	166689	92.605
135	114.984	163742	90.9678
136	115.831	160830	89.35
137	116.677	156594	86.9967
138	117.524	151950	84.4167
139	118.371	148122	82.29
140	119.218	142641	79.245
141	120.065	137105	76.1694
142	120.911	131611	73.1172
143	121.758	126515	70.2861
144	122.605	121330	67.4056
145	123.452	116652	64.8067
146	124.298	111282	61.8233
147	125.145	106157	58.9761
148	125.992	101746	56.5256
149	126.839	97555	54.1972
150	127.685	92937	51.6317
151	128.532	89657	49.8094
152	129.379	85559	47.5328
153	130.226	82729	45.9606
154	131.073	79297	44.0539
155	131.919	75845	42.1361
156	132.766	72759	40.4217
157	133.613	69397	38.5539
158	134.460	67120	37.2889
159	135.306	63831	35.4617
160	136.153	62062	34.4789
161	137.000	59378	32.9878
162	137.847	57590	31.9944
163	138.694	55155	30.6417
164	139.540	53435	29.6861
165	140.387	50865	28.2583
166	141.234	49423	27.4572
167	142.081	47817	26.565
168	142.927	45722	25.4011
169	143.774	44147	24.5261
170	144.621	42703	23.7239
171	145.468	41462	23.0344
172	146.315	39608	22.0044
173	147.161	39165	21.7583
174	148.008	37580	20.8778
175	148.855	36923	20.5128
176	149.702	36049	20.0272
177	150.548	35154	19.53
178	151.395	34352	19.0844
179	152.242	33909	18.8383
180	153.089	33563	18.6461
181	153.935	32625	18.125
182	154.782	32043	17.8017
183	155.629	31730	17.6278
184	156.476	31059	17.255
185	157.323	30742	17.0789
186	158.169	30611	17.0061
187	159.016	30066	16.7033
188	159.863	29595	16.4417
189	160.710	29569	16.4272
190	161.556	29084	16.1578
191	162.403	28627	15.9039
192	163.250	28963	16.0906
193	164.097	28641	15.9117
194	164.944	28516	15.8422
195	165.790	28221	15.6783
196	166.637	28176	15.6533
197	167.484	28097	15.6094
198	168.331	27925	15.5139
199	169.177	27701	15.3894
200	170.024	27461	15.2561
201	170.871	27440	15.2444
202	171.718	27201	15.1117
203	172.565	27115	15.0639
204	173.411	27155	15.0861
205	174.258	26756	14.8644
206	175.105	26928	14.96
207	175.952	26887	14.9372
208	176.798	26509	14.7272
209	177.645	26231	14.5728
210	178.492	26499	14.7217
211	179.339	26256	14.5867
212	180.185	26253	14.585
213	181.032	26093	14.4961
214	181.879	26241	14.5783
215	182.726	25971	14.4283
216	183.573	25647	14.2483
217	184.419	25750	14.3056
218	185.266	25518	14.1767
219	186.113	25525	14.1806
220	186.960	25544	14.1911
221	187.806	25793	14.3294
222	188.653	25423	14.1239
223	189.500	25246	14.0256
224	190.347	25310	14.0611
225	191.194	25584	14.2133
226	192.040	24921	13.845
227	192.887	24986	13.8811
228	193.734	24898	13.8322
229	194.581	24906	13.8367
230	195.427	24822	13.79
231	196.274	24996	13.8867
232	197.121	24678	13.71
233	197.968	25048	13.9156
234	198.815	24534	13.63
235	199.661	24727	13.7372
236	200.508	24818	13.7878
237	201.355	24768	13.76
238	202.202	24771	13.7617
239	203.048	24738	13.7433
240	203.895	24541	13.6339
241	204.742	24618	13.6767
242	205.589	24314	13.5078
243	206.435	24191	13.4394
244	207.282	24446	13.5811
245	208.129	24453	13.585
246	208.976	24364	13.5356
247	209.823	23982	13.3233
248	210.669	24062	13.3678
249	211.516	24297	13.4983
250	212.363	24294	13.4967
251	213.210	24064	13.3689
252	214.056	23987	13.3261
253	214.903	24146	13.4144
254	215.750	23770	13.2056
255	216.597	24232	13.4622
256	217.444	23806	13.2256
257	218.290	23449	13.0272
258	219.137	23536	13.0756
259	219.984	23606	13.1144
260	220.831	23356	12.9756
261	221.677	23561	13.0894
262	222.524	23297	12.9428
263	223.371	23169	12.8717
264	224.218	23005	12.7806
265	225.065	22969	12.7606
266	225.911	22751	12.6394
267	226.758	22742	12.6344
268	227.605	22607	12.5594
269	228.452	22725	12.625
270	229.298	22345	12.4139
271	230.145	22127	12.2928
272	230.992	22041	12.245
273	231.839	21553	11.9739
274	232.685	21681	12.045
275	233.532	21343	11.8572
276	234.379	21054	11.6967
277	235.226	21167	11.7594
278	236.073	21008	11.6711
279	236.919	20552	11.4178
280	237.766	20399	11.3328
281	238.613	19975	11.0972
282	239.460	20274	11.2633
283	240.306	19958	11.0878
284	241.153	19712	10.9511
285	242.000	20045	11.1361
286	242.847	19670	10.9278
287	243.694	19263	10.7017
288	244.540	19478	10.8211
289	245.387	19242	10.69
290	246.234	18591	10.3283
291	247.081	18968	10.5378
292	247.927	18789	10.4383
293	248.774	18604	10.3356
294	249.621	18629	10.3494
295	250.468	18510	10.2833
296	251.315	18487	10.2706
297	252.161	18300	10.1667
298	253.008	18444	10.2467
299	253.855	18134	10.0744
300	254.702	18181	10.1006
301	255.548	18067	10.0372
302	256.395	18091	10.0506
303	257.242	18005	10.0028
304	258.089	18221	10.1228
305	258.935	18234	10.13
306	259.782	18403	10.2239
307	260.629	18184	10.1022
308	261.476	18401	10.2228
309	262.323	18572	10.3178
310	263.169	18450	10.25
311	264.016	18740	10.4111
312	264.863	18599	10.3328
313	265.710	18699	10.3883
314	266.556	18678	10.3767
315	267.403	18862	10.4789
316	268.250	18692	10.3844
317	269.097	18765	10.425
318	269.944	18951	10.5283
319	270.790	18608	10.3378
320	271.637	18984	10.5467
321	272.484	18878	10.4878
322	273.331	19019	10.5661
323	274.177	18692	10.3844
324	275.024	18857	10.4761
325	275.871	18457	10.2539
326	276.718	18235	10.1306
327	277.565	18033	10.0183
328	278.411	18186	10.1033
329	279.258	17988	9.99333
330	280.105	17603	9.77944
331	280.952	17536	9.74222
332	281.798	17304	9.61333
333	282.645	17077	9.48722
334	283.492	17024	9.45778
335	284.339	16568	9.20444
336	285.185	16142	8.96778
337	286.032	16189	8.99389
338	286.879	15846	8.80333
339	287.726	15599	8.66611
340	288.573	15271	8.48389
341	289.419	14844	8.24667
342	290.266	14490	8.05
343	291.113	14488	8.04889
344	291.960	14073	7.81833
345	292.806	13771	7.65056
346	293.653	13496	7.49778
347	294.500	13184	7.32444
348	295.347	12968	7.20444
349	296.194	12535	6.96389
350	297.040	12313	6.84056
351	297.887	12209	6.78278
352	298.734	11839	6.57722
353	299.581	11676	6.48667
354	300.427	11384	6.32444
355	301.274	11252	6.25111
356	302.121	11076	6.15333
357	302.968	10927	6.07056
358	303.815	10527	5.84833
359	304.661	10337	5.74278
360	305.508	10108	5.61556
361	306.355	10103	5.61278
362	307.202	9781	5.43389
363	308.048	9499	5.27722
364	308.895	9396	5.22
365	309.742	9218	5.12111
366	310.589	9056	5.03111
367	311.435	8972	4.98444
368	312.282	8542	4.74556
369	313.129	8731	4.85056
370	313.976	8491	4.71722
371	314.823	8410	4.67222
372	315.669	8251	4.58389
373	316.516	8205	4.55833
374	317.363	8116	4.50889
375	318.210	7840	4.35556
376	319.056	7770	4.31667
377	319.903	7498	4.16556
378	320.750	7538	4.18778
379	321.597	7307	4.05944
380	322.444	7191	3.995
381	323.290	7232	4.01778
382	324.137	7052	3.91778
383	324.984	6817	3.78722
384	325.831	6762	3.75667
385	326.677	6688	3.71556
386	327.524	6663	3.70167
387	328.371	6590	3.66111
388	329.218	6339	3.52167
389	330.065	6319	3.51056
390	330.911	6067	3.37056
391	331.758	6166	3.42556
392	332.605	6017	3.34278
393	333.452	5942	3.30111
394	334.298	5661	3.145
395	335.145	5623	3.12389
396	335.992	5680	3.15556
397	336.839	5491	3.05056
398	337.685	5455	3.03056
399	338.532	5386	2.99222
400	339.379	5210	2.89444
401	340.226	5136	2.85333
402	341.073	5052	2.80667
403	341.919	4951	2.75056
404	342.766	4685	2.60278
405	343.613	4781	2.65611
406	344.460	4679	2.59944
407	345.306	4515	2.50833
408	346.153	4477	2.48722
409	347.000	4450	2.47222
410	347.847	4262	2.36778
411	348.694	4324	2.40222
412	349.540	4260	2.36667
413	350.387	4185	2.325
414	351.234	4044	2.24667
415	352.081	4086	2.27
416	352.927	4120	2.28889
417	353.774	3911	2.17278
418	354.621	3855	2.14167
419	355.468	3894	2.16333
420	356.315	3730	2.07222
421	357.161	3707	2.05944
422	358.008	3623	2.01278
423	358.855	3510	1.95
424	359.702	3469	1.92722
425	360.548	3505	1.94722
426	361.395	3472	1.92889
427	362.242	3411	1.895
428	363.089	3392	1.88444
429	363.935	3305	1.83611
430	364.782	3321	1.845
431	365.629	3227	1.79278
432	366.476	3264	1.81333
433	367.323	3200	1.77778
434	368.169	3197	1.77611
435	369.016	3171	1.76167
436	369.863	3025	1.68056
437	370.710	3154	1.75222
438	371.556	3135	1.74167
439	372.403	2971	1.65056
440	373.250	2987	1.65944
441	374.097	2970	1.65
442	374.944	3037	1.68722
443	375.790	2947	1.63722
444	376.637	2895	1.60833
445	377.484	2749	1.52722
446	378.331	2734	1.51889
447	379.177	2783	1.54611
448	380.024	2730	1.51667
449	380.871	2807	1.55944
450	381.718	2804	1.55778
451	382.565	2684	1.49111
452	383.411	2696	1.49778
453	384.258	2682	1.49
454	385.105	2686	1.49222
455	385.952	2609	1.44944
456	386.798	2549	1.41611
457	387.645	2653	1.47389
458	388.492	2617	1.45389
459	389.339	2546	1.41444
460	390.185	2412	1.34
461	391.032	2485	1.38056
462	391.879	2364	1.31333
463	392.726	2439	1.355
464	393.573	2378	1.32111
465	394.419	2423	1.34611
466	395.266	2332	1.29556
467	396.113	2318	1.28778
468	396.960	2223	1.235
469	397.806	2301	1.27833
470	398.653	2270	1.26111
471	399.500	2139	1.18833
472	400.347	2165	1.20278
473	401.194	2165	1.20278
474	402.040	2116	1.17556
475	402.887	2177	1.20944
476	403.734	2114	1.17444
477	404.581	2084	1.15778
478	405.427	2126	1.18111
479	406.274	2019	1.12167
480	407.121	2167	1.20389
481	407.968	2153	1.19611
482	408.815	1955	1.08611
483	409.661	2007	1.115
484	410.508	2019	1.12167
485	411.355	1994	1.10778
486	412.202	1996	1.10889
487	413.048	2079	1.155
488	413.895	1905	1.05833
489	414.742	2083	1.15722
490	415.589	2129	1.18278
491	416.435	1972	1.09556
492	417.282	1998	1.11
493	418.129	1909	1.06056
494	418.976	1941	1.07833
495	419.823	1971	1.095
496	420.669	1868	1.03778
497	421.516	1939	1.07722
498	422.363	1896	1.05333
499	423.210	1912	1.06222
500	424.056	1924	1.06889
501	424.903	1811	1.00611
502	425.750	1813	1.00722
503	426.597	1936	1.07556
504	427.444	1933	1.07389
505	428.290	1823	1.01278
506	429.137	1945	1.08056
507	429.984	1777	0.987222
508	430.831	1791	0.995
509	431.677	1836	1.02
510	432.524	1834	1.01889
511	433.371	1773	0.985
512	434.218	1776	0.986667
513	435.065	1712	0.951111
514	435.911	1822	1.01222
515	436.758	1756	0.975556
516	437.605	1813	1.00722
517	438.452	1824	1.01333
518	439.298	1720	0.955556
519	440.145	1774	0.985556
520	440.992	1742	0.967778
521	441.839	1704	0.946667
522	442.685	1789	0.993889
523	443.532	1698	0.943333
524	444.379	1838	1.02111
525	445.226	1725	0.958333
526	446.073	1747	0.970556
527	446.919	1704	0.946667
528	447.766	1674	0.93
529	448.613	1714	0.952222
530	449.460	1740	0.966667
531	450.306	1741	0.967222
532	451.153	1696	0.942222
533	452.000	1723	0.957222
534	452.847	1633	0.907222
535	453.694	1630	0.905556
536	454.540	1644	0.913333
537	455.387	1721	0.956111
538	456.234	1643	0.912778
539	457.081	1661	0.922778
540	457.927	1580	0.877778
541	458.774	1635	0.908333
542	459.621	1642	0.912222
543	460.468	1596	0.886667
544	461.315	1609	0.893889
545	462.161	1665	0.925
546	463.008	1643	0.912778
547	463.855	1661	0.922778
548	464.702	1585	0.880556
549	465.548	1500	0.833333
550	466.395	1604	0.891111
551	467.242	1535	0.852778
552	468.089	1532	0.851111
553	468.935	1615	0.897222
554	469.782	1545	0.858333
555	470.629	1541	0.856111
556	471.476	1558	0.865556
557	472.323	1512	0.84
558	473.169	1492	0.828889
559	474.016	1522	0.845556
560	474.863	1488	0.826667
561	475.710	1486	0.825556
562	476.556	1518	0.843333
563	477.403	1497	0.831667
564	478.250	1440	0.8
565	479.097	1439	0.799444
566	479.944	1472	0.817778
567	480.790	1492	0.828889
568	481.637	1411	0.783889
569	482.484	1413	0.785
570	483.331	1391	0.772778
571	484.177	1440	0.8
572	485.024	1407	0.781667
573	485.871	1356	0.753333
574	486.718	1420	0.788889
575	487.565	1442	0.801111
576	488.411	1445	0.802778
577	489.258	1353	0.751667
578	490.105	1403	0.779444
579	490.952	1400	0.777778
580	491.798	1362	0.756667
581	492.645	1412	0.784444
582	493.492	1345	0.747222
583	494.339	1366	0.758889
584	495.185	1361	0.756111
585	496.032	1346	0.747778
586	496.879	1338	0.743333
587	497.726	1362	0.756667
588	498.573	1326	0.736667
589	499.419	1306	0.725556
590	500.266	1286	0.714444
591	501.113	1259	0.699444
592	501.960	1297	0.720556
593	502.806	1311	0.728333
594	503.653	1215	0.675
595	504.500	1263	0.701667
596	505.347	1313	0.729444
597	506.194	1222	0.678889
598	507.040	1258	0.698889
599	507.887	1216	0.675556
600	508.734	1227	0.681667
601	509.581	1214	0.674444
602	510.427	1195	0.663889
603	511.274	1163	0.646111
604	512.121	1192	0.662222
605	512.968	1234	0.685556
606	513.815	1195	0.663889
607	514.661	1177	0.653889
608	515.508	1197	0.665
609	516.355	1169	0.649444
610	517.202	1158	0.643333
611	518.048	1175	0.652778
612	518.895	1108	0.615556
613	519.742	1158	0.643333
614	520.589	1080	0.6
615	521.436	1116	0.62
616	522.282	1086	0.603333
617	523.129	1161	0.645
618	523.976	1101	0.611667
619	524.823	1064	0.591111
620	525.669	1133	0.629444
621	526.516	1071	0.595
622	527.363	1032	0.573333
623	528.210	1070	0.594444
624	529.056	1053	0.585
625	529.903	1056	0.586667
626	530.750	1026	0.57
627	531.597	1025	0.569444
628	532.444	1007	0.559444
629	533.290	1055	0.586111
630	534.137	1009	0.560556
631	534.984	1037	0.576111
632	535.831	974	0.541111
633	536.677	947	0.526111
634	537.524	982	0.545556
635	538.371	956	0.531111
636	539.218	1049	0.582778
637	540.065	902	0.501111
638	540.911	974	0.541111
639	541.758	926	0.514444
640	542.605	962	0.534444
641	543.452	997	0.553889
642	544.298	966	0.536667
643	545.145	935	0.519444
644	545.992	980	0.544444
645	546.839	945	0.525
646	547.686	891	0.495
647	548.532	951	0.528333
648	549.379	932	0.517778
649	550.226	879	0.488333
650	551.073	890	0.494444
651	551.919	909	0.505
652	552.766	939	0.521667
653	553.613	849	0.471667
654	554.460	856	0.475556
655	555.306	899	0.499444
656	556.153	904	0.502222
657	557.000	877	0.487222
658	557.847	845	0.469444
659	558.694	917	0.509444
660	559.540	900	0.5
661	560.387	932	0.517778
662	561.234	860	0.477778
663	562.081	853	0.473889
664	562.927	846	0.47
665	563.774	858	0.476667
666	564.621	830	0.461111
667	565.468	883	0.490556
668	566.315	846	0.47
669	567.161	891	0.495
670	568.008	869	0.482778
671	568.855	806	0.447778
672	569.702	864	0.48
673	570.548	817	0.453889
674	571.395	855	0.475
675	572.242	819	0.455
676	573.089	821	0.456111
677	573.936	829	0.460556
678	574.782	864	0.48
679	575.629	828	0.46
680	576.476	827	0.459444
681	577.323	819	0.455
682	578.169	780	0.433333
683	579.016	843	0.468333
684	579.863	845	0.469444
685	580.710	768	0.426667
686	581.556	825	0.458333
687	582.403	801	0.445
688	583.250	811	0.450556
689	584.097	788	0.437778
690	584.944	760	0.422222
691	585.790	803	0.446111
692	586.637	855	0.475
693	587.484	806	0.447778
694	588.331	822	0.456667
695	589.177	783	0.435
696	590.024	793	0.440556
697	590.871	795	0.441667
698	591.718	775	0.430556
699	592.565	800	0.444444
700	593.411	796	0.442222
701	594.258	784	0.435556
702	595.105	754	0.418889
703	595.952	782	0.434444
704	596.798	777	0.431667
705	597.645	745	0.413889
706	598.492	789	0.438333
707	599.339	757	0.420556
708	600.186	718	0.398889
709	601.032	713	0.396111
710	601.879	781	0.433889
711	602.726	797	0.442778
712	603.573	791	0.439444
713	604.419	759	0.421667
714	605.266	716	0.397778
715	606.113	735	0.408333
716	606.960	724	0.402222
717	607.806	727	0.403889
718	608.653	701	0.389444
719	609.500	696	0.386667
720	610.347	744	0.413333
721	611.194	691	0.383889
722	612.040	725	0.402778
723	612.887	673	0.373889
724	613.734	626	0.347778
725	614.581	675	0.375
726	615.427	629	0.349444
727	616.274	637	0.353889
728	617.121	691	0.383889
729	617.968	658	0.365556
730	618.815	641	0.356111
731	619.661	630	0.35
732	620.508	652	0.362222
733	621.355	648	0.36
734	622.202	655	0.363889
735	623.048	575	0.319444
736	623.895	621	0.345
737	624.742	658	0.365556
738	625.589	554	0.307778
739	626.436	565	0.313889
740	627.282	551	0.306111
741	628.129	574	0.318889
742	628.976	570	0.316667
743	629.823	513	0.285
744	630.669	555	0.308333
745	631.516	539	0.299444
746	632.363	512	0.284444
747	633.210	500	0.277778
748	634.056	482	0.267778
749	634.903	500	0.277778
750	635.750	471	0.261667
751	636.597	491	0.272778
752	637.444	518	0.287778
753	638.290	468	0.26
754	639.137	453	0.251667
755	639.984	444	0.246667
756	640.831	484	0.268889
757	641.677	481	0.267222
758	642.524	478	0.265556
759	643.371	476	0.264444
760	644.218	421	0.233889
761	645.065	456	0.253333
762	645.911	429	0.238333
763	646.758	396	0.22
764	647.605	414	0.23
765	648.452	382	0.212222
766	649.298	391	0.217222
767	650.145	384	0.213333
768	650.992	347	0.192778
769	651.839	360	0.2
770	652.686	372	0.206667
771	653.532	389	0.216111
772	654.379	335	0.186111
773	655.226	332	0.184444
774	656.073	363	0.201667
775	656.919	352	0.195556
776	657.766	326	0.181111
777	658.613	314	0.174444
778	659.460	328	0.182222
779	660.306	339	0.188333
780	661.153	305	0.169444
781	662.000	312	0.173333
782	662.847	354	0.196667
783	663.694	288	0.16
784	664.540	279	0.155
785	665.387	319	0.177222
786	666.234	279	0.155
787	667.081	267	0.148333
788	667.927	265	0.147222
789	668.774	279	0.155
790	669.621	301	0.167222
791	670.468	267	0.148333
792	671.315	245	0.136111
793	672.161	252	0.14
794	673.008	236	0.131111
795	673.855	264	0.146667
796	674.702	246	0.136667
797	675.548	241	0.133889
798	676.395	255	0.141667
799	677.242	243	0.135
800	678.089	256	0.142222
801	678.936	237	0.131667
802	679.782	209	0.116111
803	680.629	255	0.141667
804	681.476	238	0.132222
805	682.323	220	0.122222
806	683.169	213	0.118333
807	684.016	195	0.108333
808	684.863	213	0.118333
809	685.710	201	0.111667
810	686.556	162	0.09
811	687.403	199	0.110556
812	688.250	213	0.118333
813	689.097	191	0.106111
814	689.944	198	0.11
815	690.790	189	0.105
816	691.637	205	0.113889
817	692.484	186	0.103333
818	693.331	167	0.0927778
819	694.177	168	0.0933333
820	695.024	176	0.0977778
821	695.871	190	0.105556
822	696.718	159	0.0883333
823	697.565	174	0.0966667
824	698.411	168	0.0933333
825	699.258	183	0.101667
826	700.105	138	0.0766667
827	700.952	150	0.0833333
828	701.798	154	0.0855556
829	702.645	155	0.0861111
830	703.492	147	0.0816667
831	704.339	134	0.0744444
832	705.186	150	0.0833333
833	706.032	141	0.0783333
834	706.879	134	0.0744444
835	707.726	130	0.0722222
836	708.573	146	0.0811111
837	709.419	137	0.0761111
838	710.266	125	0.0694444
839	711.113	128	0.0711111
840	711.960	132	0.0733333
841	712.806	111	0.0616667
842	713.653	128	0.0711111
843	714.500	122	0.0677778
844	715.347	121	0.0672222
845	716.194	114	0.0633333
846	717.040	100	0.0555556
847	717.887	107	0.0594444
848	718.734	119	0.0661111
849	719.581	120	0.0666667
850	720.427	107	0.0594444
851	721.274	122	0.0677778
852	722.121	101	0.0561111
853	722.968	114	0.0633333
854	723.815	105	0.0583333
855	724.661	110	0.0611111
856	725.508	96	0.0533333
857	726.355	95	0.0527778
858	727.202	104	0.0577778
859	728.048	101	0.0561111
860	728.895	84	0.0466667
861	729.742	107	0.0594444
862	730.589	83	0.0461111
863	731.436	101	0.0561111
864	732.282	94	0.0522222
865	733.129	92	0.0511111
866	733.976	79	0.0438889
867	734.823	107	0.0594444
868	735.669	87	0.0483333
869	736.516	98	0.0544444
870	737.363	93	0.0516667
871	738.210	72	0.04
872	739.056	89	0.0494444
873	739.903	87	0.0483333
874	740.750	99	0.055
875	741.597	86	0.0477778
876	742.444	76	0.0422222
877	743.290	84	0.0466667
878	744.137	66	0.0366667
879	744.984	64	0.0355556
880	745.831	86	0.0477778
881	746.677	78	0.0433333
882	747.524	67	0.0372222
883	748.371	85	0.0472222
884	749.218	81	0.045
885	750.065	50	0.0277778
886	750.911	62	0.0344444
887	751.758	65	0.0361111
888	752.605	73	0.0405556
889	753.452	61	0.0338889
890	754.298	61	0.0338889
891	755.145	70	0.0388889
892	755.992	70	0.0388889
893	756.839	65	0.0361111
894	757.686	54	0.03
895	758.532	66	0.0366667
896	759.379	75	0.0416667
897	760.226	73	0.0405556
898	761.073	58	0.0322222
899	761.919	59	0.0327778
900	762.766	56	0.0311111
901	763.613	62	0.0344444
902	764.460	55	0.0305556
903	765.306	51	0.0283333
904	766.153	49	0.0272222
905	767.000	53	0.0294444
906	767.847	52	0.0288889
907	768.694	55	0.0305556
908	769.540	62	0.0344444
909	770.387	36	0.02
910	771.234	47	0.0261111
911	772.081	30	0.0166667
912	772.927	57	0.0316667
913	773.774	38	0.0211111
914	774.621	51	0.0283333
915	775.468	42	0.0233333
916	776.315	43	0.0238889
917	777.161	47	0.0261111
918	778.008	43	0.0238889
919	778.855	27	0.015
920	779.702	32	0.0177778
921	780.548	38	0.0211111
922	781.395	24	0.0133333
923	782.242	31	0.0172222
924	783.089	29	0.0161111
925	783.936	20	0.0111111
926	784.782	28	0.0155556
927	785.629	31	0.0172222
928	786.476	31	0.0172222
929	787.323	23	0.0127778
930	788.169	29	0.0161111
931	789.016	36	0.02
932	789.863	29	0.0161111
933	790.710	28	0.0155556
934	791.556	18	0.01
935	792.403	20	0.0111111
936	793.250	24	0.0133333
937	794.097	25	0.0138889
938	794.944	16	0.00888889
939	795.790	23	0.0127778
940	796.637	11	0.00611111
941	797.484	19	0.0105556
942	798.331	11	0.00611111
943	799.177	22	0.0122222
944	800.024	15	0.00833333
945	800.871	17	0.00944444
946	801.718	18	0.01
947	802.565	14	0.00777778
948	803.411	9	0.005
949	804.258	16	0.00888889
950	805.105	11	0.00611111
951	805.952	17	0.00944444
952	806.798	9	0.005
953	807.645	11	0.00611111
954	808.492	5	0.00277778
955	809.339	5	0.00277778
956	810.186	6	0.00333333
957	811.032	8	0.00444444
958	811.879	7	0.00388889
959	812.726	6	0.00333333
960	813.573	8	0.00444444
961	814.419	9	0.005
962	815.266	1	0.000555556
963	816.113	11	0.00611111
964	816.960	1	0.000555556
965	817.806	2	0.00111111
966	818.653	3	0.00166667
967	819.500	1	0.000555556
968	820.347	2	0.00111111
969	821.194	2	0.00111111
970	822.040	3	0.00166667
971	822.887	5	0.00277778
972	823.734	2	0.00111111
973	824.581	1	0.000555556
974	825.427	2	0.00111111
975	826.274	0	0
976	827.121	0	0
977	827.968	2	0.00111111
978	828.815	1	0.000555556
979	829.661	2	0.00111111
980	830.508	3	0.00166667
981	831.355	0	0
982	832.202	1	0.000555556
983	833.048	0	0
984	833.895	0	0
985	834.742	1	0.000555556
986	835.589	1	0.000555556
987	836.436	1	0.000555556
988	837.282	1	0.000555556
989	838.129	1	0.000555556
990	838.976	2	0.00111111
991	839.823	0	0
992	840.669	2	0.00111111
993	841.516	1	0.000555556
994	842.363	0	0
995	843.210	0	0
996	844.056	0	0
997	844.903	1	0.000555556
998	845.750	0	0
999	846.597	1	0.000555556
1000	847.444	0	0
1001	848.290	0	0
1002	849.137	0	0
1003	849.984	1	0.000555556
1004	850.831	0	0
1005	851.677	1	0.000555556
1006	852.524	0	0
1007	853.371	0	0
1008	854.218	1	0.000555556
1009	855.065	1	0.000555556
1010	855.911	1	0.000555556
1011	856.758	2	0.00111111
1012	857.605	0	0
1013	858.452	0	0
1014	859.298	0	0
1015	860.145	0	0
1016	860.992	1	0.000555556
1017	861.839	0	0
1018	862.686	0	0
1019	863.532	0	0
1020	864.379	0	0
1021	865.226	1	0.000555556
1022	866.073	0	0
1023	866.919	0	0
1024	867.766	0	0
