# 137Cs 382 3410 0.8467740000000001 0.051164451009665095 58.39520528262573
1.516129 0 0.000000 0.000000 0.000000
2.362903 0 0.000000 0.000000 0.000000
3.209678 0 0.000000 0.000000 0.000000
4.056452 0 0.000000 0.000000 0.000000
4.903226 0 0.000000 0.000000 0.000000
5.750000 0 0.000000 0.000000 0.000000
6.596775 0 0.000000 0.000000 0.000000
7.443549 0 0.000000 0.000000 0.000000
8.290323 0 0.000000 0.000000 0.000000
9.137097 0 0.000000 0.000000 0.000000
9.983871 1 1.000000 0.000293 0.000293
10.830646 2 0.707107 0.000587 0.000208
11.677420 2 0.707107 0.000587 0.000208
12.524194 4 0.500000 0.001173 0.000148
13.370968 3 0.577350 0.000880 0.000170
14.217742 12 0.288675 0.003519 0.000104
15.064517 30 0.182574 0.008798 0.000160
15.911291 70 0.119523 0.020528 0.000353
16.758065 108 0.096225 0.031672 0.000543
17.604839 181 0.074329 0.053079 0.000909
18.451613 265 0.061430 0.077713 0.001331
19.298388 323 0.055641 0.094721 0.001622
20.145162 382 0.051164 0.112023 0.001918
20.991936 294 0.058321 0.086217 0.001477
21.838710 327 0.055300 0.095894 0.001642
22.685485 278 0.059976 0.081525 0.001396
23.532259 277 0.060084 0.081232 0.001391
24.379033 264 0.061546 0.077419 0.001326
25.225807 275 0.060302 0.080645 0.001381
26.072581 308 0.056980 0.090323 0.001547
26.919356 251 0.063119 0.073607 0.001261
27.766130 266 0.061314 0.078006 0.001336
28.612904 220 0.067420 0.064516 0.001105
29.459678 241 0.064416 0.070674 0.001210
30.306453 206 0.069673 0.060411 0.001035
31.153227 191 0.072357 0.056012 0.000959
32.000001 229 0.066082 0.067155 0.001150
32.846775 222 0.067116 0.065103 0.001115
33.693550 214 0.068359 0.062757 0.001075
34.540324 200 0.070711 0.058651 0.001005
35.387098 207 0.069505 0.060704 0.001040
36.233872 215 0.068199 0.063050 0.001080
37.080647 259 0.062137 0.075953 0.001301
37.927421 236 0.065094 0.069208 0.001185
38.774195 156 0.080064 0.045748 0.000784
39.620969 208 0.069338 0.060997 0.001045
40.467743 251 0.063119 0.073607 0.001261
41.314518 238 0.064820 0.069795 0.001195
42.161292 236 0.065094 0.069208 0.001185
43.008066 188 0.072932 0.055132 0.000944
43.854840 252 0.062994 0.073900 0.001266
44.701615 163 0.078326 0.047801 0.000819
45.548389 208 0.069338 0.060997 0.001045
46.395163 226 0.066519 0.066276 0.001135
47.241937 238 0.064820 0.069795 0.001195
48.088711 209 0.069171 0.061290 0.001050
48.935485 218 0.067729 0.063930 0.001095
49.782260 227 0.066372 0.066569 0.001140
50.629034 241 0.064416 0.070674 0.001210
51.475808 198 0.071067 0.058065 0.000995
52.322582 189 0.072739 0.055425 0.000949
53.169357 236 0.065094 0.069208 0.001185
54.016131 190 0.072548 0.055718 0.000954
54.862905 211 0.068843 0.061877 0.001060
55.709679 233 0.065512 0.068328 0.001170
56.556454 205 0.069843 0.060117 0.001030
57.403228 203 0.070186 0.059531 0.001020
58.250002 247 0.063628 0.072434 0.001241
59.096776 245 0.063888 0.071848 0.001231
59.943551 242 0.064282 0.070968 0.001215
60.790325 263 0.061663 0.077126 0.001321
61.637099 209 0.069171 0.061290 0.001050
62.483873 195 0.071611 0.057185 0.000979
63.330647 253 0.062869 0.074194 0.001271
64.177421 237 0.064957 0.069501 0.001190
65.024196 272 0.060634 0.079765 0.001366
65.870970 242 0.064282 0.070968 0.001215
66.717744 292 0.058521 0.085630 0.001466
67.564518 244 0.064018 0.071554 0.001225
68.411293 237 0.064957 0.069501 0.001190
69.258067 282 0.059549 0.082698 0.001416
70.104841 256 0.062500 0.075073 0.001286
70.951615 264 0.061546 0.077419 0.001326
71.798389 228 0.066227 0.066862 0.001145
72.645164 296 0.058124 0.086804 0.001487
73.491938 358 0.052852 0.104985 0.001798
74.338712 250 0.063246 0.073314 0.001256
75.185486 291 0.058621 0.085337 0.001461
76.032260 268 0.061085 0.078592 0.001346
76.879035 266 0.061314 0.078006 0.001336
77.725809 288 0.058926 0.084457 0.001446
78.572583 273 0.060523 0.080059 0.001371
79.419357 311 0.056705 0.091202 0.001562
80.266132 301 0.057639 0.088270 0.001512
81.112906 294 0.058321 0.086217 0.001477
81.959680 253 0.062869 0.074194 0.001271
82.806454 252 0.062994 0.073900 0.001266
83.653228 312 0.056614 0.091496 0.001567
84.500003 256 0.062500 0.075073 0.001286
85.346777 235 0.065233 0.068915 0.001180
86.193551 305 0.057260 0.089443 0.001532
87.040325 250 0.063246 0.073314 0.001256
87.887100 231 0.065795 0.067742 0.001160
88.733874 276 0.060193 0.080938 0.001386
89.580648 298 0.057928 0.087390 0.001497
90.427422 223 0.066965 0.065396 0.001120
91.274196 266 0.061314 0.078006 0.001336
92.120971 284 0.059339 0.083284 0.001426
92.967745 238 0.064820 0.069795 0.001195
93.814519 257 0.062378 0.075367 0.001291
94.661293 237 0.064957 0.069501 0.001190
95.508068 270 0.060858 0.079179 0.001356
96.354842 212 0.068680 0.062170 0.001065
97.201616 266 0.061314 0.078006 0.001336
98.048390 262 0.061780 0.076833 0.001316
98.895164 204 0.070014 0.059824 0.001025
99.741939 282 0.059549 0.082698 0.001416
100.588713 268 0.061085 0.078592 0.001346
101.435487 219 0.067574 0.064223 0.001100
102.282262 178 0.074953 0.052199 0.000894
103.129036 218 0.067729 0.063930 0.001095
103.975810 217 0.067884 0.063636 0.001090
104.822584 219 0.067574 0.064223 0.001100
105.669358 158 0.079556 0.046334 0.000794
106.516132 221 0.067267 0.064809 0.001110
107.362907 254 0.062746 0.074487 0.001276
108.209681 214 0.068359 0.062757 0.001075
109.056455 222 0.067116 0.065103 0.001115
109.903229 232 0.065653 0.068035 0.001165
110.750004 223 0.066965 0.065396 0.001120
111.596778 209 0.069171 0.061290 0.001050
112.443552 185 0.073521 0.054252 0.000929
113.290326 228 0.066227 0.066862 0.001145
114.137101 224 0.066815 0.065689 0.001125
114.983875 208 0.069338 0.060997 0.001045
115.830649 159 0.079305 0.046628 0.000799
116.677423 200 0.070711 0.058651 0.001005
117.524197 166 0.077615 0.048680 0.000834
118.370972 185 0.073521 0.054252 0.000929
119.217746 270 0.060858 0.079179 0.001356
120.064520 215 0.068199 0.063050 0.001080
120.911294 213 0.068519 0.062463 0.001070
121.758068 168 0.077152 0.049267 0.000844
122.604843 197 0.071247 0.057771 0.000990
123.451617 201 0.070535 0.058944 0.001010
124.298391 195 0.071611 0.057185 0.000979
125.145165 153 0.080845 0.044868 0.000769
125.991940 151 0.081379 0.044282 0.000759
126.838714 214 0.068359 0.062757 0.001075
127.685488 200 0.070711 0.058651 0.001005
128.532262 223 0.066965 0.065396 0.001120
129.379037 207 0.069505 0.060704 0.001040
130.225811 203 0.070186 0.059531 0.001020
131.072585 196 0.071429 0.057478 0.000985
131.919359 183 0.073922 0.053666 0.000919
132.766133 220 0.067420 0.064516 0.001105
133.612908 184 0.073721 0.053959 0.000924
134.459682 160 0.079057 0.046921 0.000804
135.306456 183 0.073922 0.053666 0.000919
136.153230 153 0.080845 0.044868 0.000769
137.000004 156 0.080064 0.045748 0.000784
137.846779 218 0.067729 0.063930 0.001095
138.693553 157 0.079809 0.046041 0.000789
139.540327 201 0.070535 0.058944 0.001010
140.387101 202 0.070360 0.059238 0.001015
141.233876 163 0.078326 0.047801 0.000819
142.080650 132 0.087039 0.038710 0.000663
142.927424 207 0.069505 0.060704 0.001040
143.774198 164 0.078087 0.048094 0.000824
144.620972 192 0.072169 0.056305 0.000964
145.467747 156 0.080064 0.045748 0.000784
146.314521 184 0.073721 0.053959 0.000924
147.161295 138 0.085126 0.040469 0.000693
148.008069 180 0.074536 0.052786 0.000904
148.854844 256 0.062500 0.075073 0.001286
149.701618 199 0.070888 0.058358 0.001000
150.548392 224 0.066815 0.065689 0.001125
151.395166 239 0.064685 0.070088 0.001200
152.241940 151 0.081379 0.044282 0.000759
153.088715 164 0.078087 0.048094 0.000824
153.935489 131 0.087370 0.038416 0.000658
154.782263 194 0.071796 0.056891 0.000974
155.629037 147 0.082479 0.043109 0.000739
156.475812 154 0.080582 0.045161 0.000774
157.322586 158 0.079556 0.046334 0.000794
158.169360 185 0.073521 0.054252 0.000929
159.016134 186 0.073324 0.054545 0.000934
159.862909 184 0.073721 0.053959 0.000924
160.709683 172 0.076249 0.050440 0.000864
161.556457 171 0.076472 0.050147 0.000859
162.403231 188 0.072932 0.055132 0.000944
163.250005 130 0.087706 0.038123 0.000653
164.096780 176 0.075378 0.051613 0.000884
164.943554 189 0.072739 0.055425 0.000949
165.790328 193 0.071982 0.056598 0.000969
166.637102 134 0.086387 0.039296 0.000673
167.483877 212 0.068680 0.062170 0.001065
168.330651 174 0.075810 0.051026 0.000874
169.177425 204 0.070014 0.059824 0.001025
170.024199 111 0.094916 0.032551 0.000558
170.870973 136 0.085749 0.039883 0.000683
171.717748 187 0.073127 0.054839 0.000939
172.564522 149 0.081923 0.043695 0.000749
173.411296 164 0.078087 0.048094 0.000824
174.258070 140 0.084515 0.041056 0.000704
175.104844 179 0.074744 0.052493 0.000899
175.951618 222 0.067116 0.065103 0.001115
176.798393 179 0.074744 0.052493 0.000899
177.645167 184 0.073721 0.053959 0.000924
178.491941 178 0.074953 0.052199 0.000894
179.338716 148 0.082199 0.043402 0.000744
180.185490 148 0.082199 0.043402 0.000744
181.032264 155 0.080322 0.045455 0.000779
181.879038 202 0.070360 0.059238 0.001015
182.725812 174 0.075810 0.051026 0.000874
183.572586 156 0.080064 0.045748 0.000784
184.419361 174 0.075810 0.051026 0.000874
185.266135 170 0.076696 0.049853 0.000854
186.112909 182 0.074125 0.053372 0.000914
186.959684 148 0.082199 0.043402 0.000744
187.806458 159 0.079305 0.046628 0.000799
188.653232 152 0.081111 0.044575 0.000764
189.500006 175 0.075593 0.051320 0.000879
190.346780 108 0.096225 0.031672 0.000543
191.193555 179 0.074744 0.052493 0.000899
192.040329 160 0.079057 0.046921 0.000804
192.887103 154 0.080582 0.045161 0.000774
193.733877 133 0.086711 0.039003 0.000668
194.580651 150 0.081650 0.043988 0.000754
195.427426 182 0.074125 0.053372 0.000914
196.274200 186 0.073324 0.054545 0.000934
197.120974 93 0.103695 0.027273 0.000468
197.967748 100 0.100000 0.029326 0.000503
198.814523 188 0.072932 0.055132 0.000944
199.661297 178 0.074953 0.052199 0.000894
200.508071 157 0.079809 0.046041 0.000789
201.354845 119 0.091670 0.034897 0.000598
202.201619 160 0.079057 0.046921 0.000804
203.048394 218 0.067729 0.063930 0.001095
203.895168 126 0.089087 0.036950 0.000633
204.741942 187 0.073127 0.054839 0.000939
205.588716 138 0.085126 0.040469 0.000693
206.435491 176 0.075378 0.051613 0.000884
207.282265 90 0.105409 0.026393 0.000453
208.129039 137 0.085436 0.040176 0.000688
208.975813 122 0.090536 0.035777 0.000613
209.822587 152 0.081111 0.044575 0.000764
210.669362 155 0.080322 0.045455 0.000779
211.516136 125 0.089443 0.036657 0.000628
212.362910 162 0.078567 0.047507 0.000814
213.209684 116 0.092848 0.034018 0.000583
214.056459 152 0.081111 0.044575 0.000764
214.903233 135 0.086066 0.039589 0.000678
215.750007 65 0.124035 0.019062 0.000328
216.596781 162 0.078567 0.047507 0.000814
217.443556 109 0.095783 0.031965 0.000548
218.290330 159 0.079305 0.046628 0.000799
219.137104 160 0.079057 0.046921 0.000804
219.983878 118 0.092057 0.034604 0.000593
220.830652 107 0.096674 0.031378 0.000538
221.677427 71 0.118678 0.020821 0.000358
222.524201 163 0.078326 0.047801 0.000819
223.370975 88 0.106600 0.025806 0.000443
224.217749 107 0.096674 0.031378 0.000538
225.064524 71 0.118678 0.020821 0.000358
225.911298 111 0.094916 0.032551 0.000558
226.758072 101 0.099504 0.029619 0.000508
227.604846 135 0.086066 0.039589 0.000678
228.451620 107 0.096674 0.031378 0.000538
229.298395 129 0.088045 0.037830 0.000648
230.145169 116 0.092848 0.034018 0.000583
230.991943 133 0.086711 0.039003 0.000668
231.838717 151 0.081379 0.044282 0.000759
232.685491 107 0.096674 0.031378 0.000538
233.532265 105 0.097590 0.030792 0.000528
234.379040 115 0.093250 0.033724 0.000578
235.225814 102 0.099015 0.029912 0.000513
236.072588 131 0.087370 0.038416 0.000658
236.919363 123 0.090167 0.036070 0.000618
237.766137 77 0.113961 0.022581 0.000388
238.612911 98 0.101015 0.028739 0.000493
239.459685 117 0.092450 0.034311 0.000588
240.306459 100 0.100000 0.029326 0.000503
241.153233 115 0.093250 0.033724 0.000578
242.000008 119 0.091670 0.034897 0.000598
242.846782 92 0.104257 0.026979 0.000463
243.693556 96 0.102062 0.028152 0.000483
244.540331 144 0.083333 0.042229 0.000724
245.387105 71 0.118678 0.020821 0.000358
246.233879 82 0.110432 0.024047 0.000413
247.080653 110 0.095346 0.032258 0.000553
247.927427 122 0.090536 0.035777 0.000613
248.774202 85 0.108465 0.024927 0.000428
249.620976 143 0.083624 0.041935 0.000719
250.467750 123 0.090167 0.036070 0.000618
251.314524 178 0.074953 0.052199 0.000894
252.161298 98 0.101015 0.028739 0.000493
253.008073 115 0.093250 0.033724 0.000578
253.854847 121 0.090909 0.035484 0.000608
254.701621 166 0.077615 0.048680 0.000834
255.548395 109 0.095783 0.031965 0.000548
256.395170 121 0.090909 0.035484 0.000608
257.241944 133 0.086711 0.039003 0.000668
258.088718 174 0.075810 0.051026 0.000874
258.935492 137 0.085436 0.040176 0.000688
259.782266 91 0.104828 0.026686 0.000458
260.629041 135 0.086066 0.039589 0.000678
261.475815 120 0.091287 0.035191 0.000603
262.322589 181 0.074329 0.053079 0.000909
263.169363 162 0.078567 0.047507 0.000814
264.016138 186 0.073324 0.054545 0.000934
264.862912 176 0.075378 0.051613 0.000884
265.709686 166 0.077615 0.048680 0.000834
266.556460 227 0.066372 0.066569 0.001140
267.403234 176 0.075378 0.051613 0.000884
268.250009 255 0.062622 0.074780 0.001281
269.096783 151 0.081379 0.044282 0.000759
269.943557 198 0.071067 0.058065 0.000995
270.790331 162 0.078567 0.047507 0.000814
271.637106 237 0.064957 0.069501 0.001190
272.483880 183 0.073922 0.053666 0.000919
273.330654 178 0.074953 0.052199 0.000894
274.177428 198 0.071067 0.058065 0.000995
275.024203 219 0.067574 0.064223 0.001100
275.870977 220 0.067420 0.064516 0.001105
276.717751 185 0.073521 0.054252 0.000929
277.564525 161 0.078811 0.047214 0.000809
278.411299 223 0.066965 0.065396 0.001120
279.258074 199 0.070888 0.058358 0.001000
280.104848 163 0.078326 0.047801 0.000819
280.951622 182 0.074125 0.053372 0.000914
281.798396 192 0.072169 0.056305 0.000964
282.645170 212 0.068680 0.062170 0.001065
283.491945 219 0.067574 0.064223 0.001100
284.338719 193 0.071982 0.056598 0.000969
285.185493 212 0.068680 0.062170 0.001065
286.032267 189 0.072739 0.055425 0.000949
286.879041 215 0.068199 0.063050 0.001080
287.725816 220 0.067420 0.064516 0.001105
288.572590 235 0.065233 0.068915 0.001180
289.419364 190 0.072548 0.055718 0.000954
290.266138 196 0.071429 0.057478 0.000985
291.112912 196 0.071429 0.057478 0.000985
291.959687 194 0.071796 0.056891 0.000974
292.806461 172 0.076249 0.050440 0.000864
293.653235 184 0.073721 0.053959 0.000924
294.500010 228 0.066227 0.066862 0.001145
295.346784 185 0.073521 0.054252 0.000929
296.193558 159 0.079305 0.046628 0.000799
297.040332 212 0.068680 0.062170 0.001065
297.887106 219 0.067574 0.064223 0.001100
298.733880 151 0.081379 0.044282 0.000759
299.580655 211 0.068843 0.061877 0.001060
300.427429 163 0.078326 0.047801 0.000819
301.274203 200 0.070711 0.058651 0.001005
302.120977 170 0.076696 0.049853 0.000854
302.967752 181 0.074329 0.053079 0.000909
303.814526 202 0.070360 0.059238 0.001015
304.661300 149 0.081923 0.043695 0.000749
305.508074 191 0.072357 0.056012 0.000959
306.354849 176 0.075378 0.051613 0.000884
307.201623 132 0.087039 0.038710 0.000663
308.048397 152 0.081111 0.044575 0.000764
308.895171 129 0.088045 0.037830 0.000648
309.741946 176 0.075378 0.051613 0.000884
310.588720 101 0.099504 0.029619 0.000508
311.435494 184 0.073721 0.053959 0.000924
312.282268 137 0.085436 0.040176 0.000688
313.129042 107 0.096674 0.031378 0.000538
313.975817 187 0.073127 0.054839 0.000939
314.822591 105 0.097590 0.030792 0.000528
315.669365 144 0.083333 0.042229 0.000724
316.516139 133 0.086711 0.039003 0.000668
317.362913 138 0.085126 0.040469 0.000693
318.209688 102 0.099015 0.029912 0.000513
319.056462 152 0.081111 0.044575 0.000764
319.903236 115 0.093250 0.033724 0.000578
320.750010 131 0.087370 0.038416 0.000658
321.596785 134 0.086387 0.039296 0.000673
322.443559 123 0.090167 0.036070 0.000618
323.290333 68 0.121268 0.019941 0.000343
324.137107 90 0.105409 0.026393 0.000453
324.983881 99 0.100504 0.029032 0.000498
325.830656 110 0.095346 0.032258 0.000553
326.677430 105 0.097590 0.030792 0.000528
327.524204 133 0.086711 0.039003 0.000668
328.370978 100 0.100000 0.029326 0.000503
329.217753 89 0.106000 0.026100 0.000448
330.064527 127 0.088736 0.037243 0.000638
330.911301 122 0.090536 0.035777 0.000613
331.758075 117 0.092450 0.034311 0.000588
332.604849 103 0.098533 0.030205 0.000518
333.451623 83 0.109764 0.024340 0.000418
334.298398 113 0.094072 0.033138 0.000568
335.145172 83 0.109764 0.024340 0.000418
335.991946 119 0.091670 0.034897 0.000598
336.838721 55 0.134840 0.016129 0.000279
337.685495 58 0.131306 0.017009 0.000294
338.532269 72 0.117851 0.021114 0.000363
339.379043 102 0.099015 0.029912 0.000513
340.225817 62 0.127000 0.018182 0.000314
341.072592 63 0.125988 0.018475 0.000319
341.919366 66 0.123091 0.019355 0.000333
342.766140 79 0.112509 0.023167 0.000398
343.612914 95 0.102598 0.027859 0.000478
344.459689 49 0.142857 0.014370 0.000250
345.306463 79 0.112509 0.023167 0.000398
346.153237 100 0.100000 0.029326 0.000503
347.000011 63 0.125988 0.018475 0.000319
347.846785 102 0.099015 0.029912 0.000513
348.693559 54 0.136083 0.015836 0.000274
349.540334 79 0.112509 0.023167 0.000398
350.387108 80 0.111803 0.023460 0.000403
351.233882 73 0.117041 0.021408 0.000368
352.080657 102 0.099015 0.029912 0.000513
352.927431 74 0.116248 0.021701 0.000373
353.774205 54 0.136083 0.015836 0.000274
354.620979 60 0.129099 0.017595 0.000304
355.467753 95 0.102598 0.027859 0.000478
356.314527 59 0.130189 0.017302 0.000299
357.161302 63 0.125988 0.018475 0.000319
358.008076 38 0.162221 0.011144 0.000197
358.854850 60 0.129099 0.017595 0.000304
359.701624 61 0.128037 0.017889 0.000309
360.548399 70 0.119523 0.020528 0.000353
361.395173 52 0.138675 0.015249 0.000264
362.241947 31 0.179605 0.009091 0.000164
363.088721 26 0.196116 0.007625 0.000143
363.935496 51 0.140028 0.014956 0.000259
364.782270 49 0.142857 0.014370 0.000250
365.629044 55 0.134840 0.016129 0.000279
366.475818 74 0.116248 0.021701 0.000373
367.322593 56 0.133631 0.016422 0.000284
368.169367 40 0.158114 0.011730 0.000206
369.016141 38 0.162221 0.011144 0.000197
369.862915 41 0.156174 0.012023 0.000211
370.709689 25 0.200000 0.007331 0.000139
371.556464 62 0.127000 0.018182 0.000314
372.403238 18 0.235702 0.005279 0.000114
373.250012 42 0.154303 0.012317 0.000216
374.096786 43 0.152499 0.012610 0.000221
374.943560 29 0.185695 0.008504 0.000155
375.790335 24 0.204124 0.007038 0.000135
376.637109 23 0.208514 0.006745 0.000131
377.483883 61 0.128037 0.017889 0.000309
378.330657 20 0.223607 0.005865 0.000120
379.177432 43 0.152499 0.012610 0.000221
380.024206 36 0.166667 0.010557 0.000187
380.870980 46 0.147442 0.013490 0.000235
381.717754 23 0.208514 0.006745 0.000131
382.564528 37 0.164399 0.010850 0.000192
383.411303 83 0.109764 0.024340 0.000418
384.258077 7 0.377964 0.002053 0.000116
385.104851 44 0.150756 0.012903 0.000225
385.951625 48 0.144338 0.014076 0.000245
386.798400 28 0.188982 0.008211 0.000151
387.645174 19 0.229416 0.005572 0.000117
388.491948 34 0.171499 0.009971 0.000178
389.338722 42 0.154303 0.012317 0.000216
390.185496 46 0.147442 0.013490 0.000235
391.032270 67 0.122169 0.019648 0.000338
391.879045 17 0.242536 0.004985 0.000111
392.725819 23 0.208514 0.006745 0.000131
393.572593 38 0.162221 0.011144 0.000197
394.419368 52 0.138675 0.015249 0.000264
395.266142 22 0.213201 0.006452 0.000127
396.112916 27 0.192450 0.007918 0.000147
396.959690 38 0.162221 0.011144 0.000197
397.806464 58 0.131306 0.017009 0.000294
398.653239 13 0.277350 0.003812 0.000104
399.500013 33 0.174078 0.009677 0.000173
400.346787 45 0.149071 0.013196 0.000230
401.193561 20 0.223607 0.005865 0.000120
402.040336 0 0.000000 0.000000 0.000000
402.887110 39 0.160128 0.011437 0.000201
403.733884 29 0.185695 0.008504 0.000155
404.580658 35 0.169031 0.010264 0.000183
405.427432 33 0.174078 0.009677 0.000173
406.274206 42 0.154303 0.012317 0.000216
407.120981 39 0.160128 0.011437 0.000201
407.967755 40 0.158114 0.011730 0.000206
408.814529 29 0.185695 0.008504 0.000155
409.661304 37 0.164399 0.010850 0.000192
410.508078 19 0.229416 0.005572 0.000117
411.354852 56 0.133631 0.016422 0.000284
412.201626 1 1.000000 0.000293 0.000293
413.048400 34 0.171499 0.009971 0.000178
413.895174 -7 0.000000 -0.002053 0.000000
414.741949 34 0.171499 0.009971 0.000178
415.588723 48 0.144338 0.014076 0.000245
416.435497 42 0.154303 0.012317 0.000216
417.282271 32 0.176777 0.009384 0.000169
418.129046 38 0.162221 0.011144 0.000197
418.975820 7 0.377964 0.002053 0.000116
419.822594 42 0.154303 0.012317 0.000216
420.669368 44 0.150756 0.012903 0.000225
421.516143 10 0.316228 0.002933 0.000105
422.362917 37 0.164399 0.010850 0.000192
423.209691 45 0.149071 0.013196 0.000230
424.056465 26 0.196116 0.007625 0.000143
424.903240 45 0.149071 0.013196 0.000230
425.750014 31 0.179605 0.009091 0.000164
426.596788 33 0.174078 0.009677 0.000173
427.443562 55 0.134840 0.016129 0.000279
428.290336 28 0.188982 0.008211 0.000151
429.137111 24 0.204124 0.007038 0.000135
429.983885 35 0.169031 0.010264 0.000183
430.830659 26 0.196116 0.007625 0.000143
431.677433 18 0.235702 0.005279 0.000114
432.524207 20 0.223607 0.005865 0.000120
433.370982 27 0.192450 0.007918 0.000147
434.217756 14 0.267261 0.004106 0.000105
435.064530 32 0.176777 0.009384 0.000169
435.911304 14 0.267261 0.004106 0.000105
436.758079 44 0.150756 0.012903 0.000225
437.604853 18 0.235702 0.005279 0.000114
438.451627 34 0.171499 0.009971 0.000178
439.298401 35 0.169031 0.010264 0.000183
440.145175 28 0.188982 0.008211 0.000151
440.991950 -11 0.000000 -0.003226 0.000000
441.838724 17 0.242536 0.004985 0.000111
442.685498 13 0.277350 0.003812 0.000104
443.532272 -8 0.000000 -0.002346 0.000000
444.379047 34 0.171499 0.009971 0.000178
445.225821 37 0.164399 0.010850 0.000192
446.072595 8 0.353553 0.002346 0.000111
446.919369 27 0.192450 0.007918 0.000147
447.766143 15 0.258199 0.004399 0.000107
448.612917 25 0.200000 0.007331 0.000139
449.459692 9 0.333333 0.002639 0.000108
450.306466 8 0.353553 0.002346 0.000111
451.153240 -8 0.000000 -0.002346 0.000000
452.000015 18 0.235702 0.005279 0.000114
452.846789 15 0.258199 0.004399 0.000107
453.693563 38 0.162221 0.011144 0.000197
454.540337 30 0.182574 0.008798 0.000160
455.387111 13 0.277350 0.003812 0.000104
456.233886 38 0.162221 0.011144 0.000197
457.080660 22 0.213201 0.006452 0.000127
457.927434 20 0.223607 0.005865 0.000120
458.774208 16 0.250000 0.004692 0.000109
459.620983 15 0.258199 0.004399 0.000107
460.467757 29 0.185695 0.008504 0.000155
461.314531 30 0.182574 0.008798 0.000160
462.161305 18 0.235702 0.005279 0.000114
463.008079 16 0.250000 0.004692 0.000109
463.854853 25 0.200000 0.007331 0.000139
464.701628 29 0.185695 0.008504 0.000155
465.548402 -2 0.000000 -0.000587 0.000000
466.395176 25 0.200000 0.007331 0.000139
467.241951 33 0.174078 0.009677 0.000173
468.088725 36 0.166667 0.010557 0.000187
468.935499 41 0.156174 0.012023 0.000211
469.782273 43 0.152499 0.012610 0.000221
470.629047 29 0.185695 0.008504 0.000155
471.475821 14 0.267261 0.004106 0.000105
472.322596 27 0.192450 0.007918 0.000147
473.169370 18 0.235702 0.005279 0.000114
474.016144 24 0.204124 0.007038 0.000135
474.862918 29 0.185695 0.008504 0.000155
475.709693 21 0.218218 0.006158 0.000123
476.556467 11 0.301511 0.003226 0.000104
477.403241 33 0.174078 0.009677 0.000173
478.250015 23 0.208514 0.006745 0.000131
479.096789 16 0.250000 0.004692 0.000109
479.943564 38 0.162221 0.011144 0.000197
480.790338 39 0.160128 0.011437 0.000201
481.637112 49 0.142857 0.014370 0.000250
482.483887 13 0.277350 0.003812 0.000104
483.330661 -4 0.000000 -0.001173 0.000000
484.177435 20 0.223607 0.005865 0.000120
485.024209 21 0.218218 0.006158 0.000123
485.870983 5 0.447214 0.001466 0.000134
486.717758 13 0.277350 0.003812 0.000104
487.564532 -2 0.000000 -0.000587 0.000000
488.411306 25 0.200000 0.007331 0.000139
489.258080 21 0.218218 0.006158 0.000123
490.104854 28 0.188982 0.008211 0.000151
490.951629 39 0.160128 0.011437 0.000201
491.798403 5 0.447214 0.001466 0.000134
492.645177 21 0.218218 0.006158 0.000123
493.491951 -1 0.000000 -0.000293 0.000000
494.338726 24 0.204124 0.007038 0.000135
495.185500 3 0.577350 0.000880 0.000170
496.032274 7 0.377964 0.002053 0.000116
496.879048 28 0.188982 0.008211 0.000151
497.725822 13 0.277350 0.003812 0.000104
498.572597 18 0.235702 0.005279 0.000114
499.419371 31 0.179605 0.009091 0.000164
500.266145 20 0.223607 0.005865 0.000120
501.112919 30 0.182574 0.008798 0.000160
501.959694 13 0.277350 0.003812 0.000104
502.806468 15 0.258199 0.004399 0.000107
503.653242 1 1.000000 0.000293 0.000293
504.500016 19 0.229416 0.005572 0.000117
505.346790 14 0.267261 0.004106 0.000105
506.193564 20 0.223607 0.005865 0.000120
507.040339 12 0.288675 0.003519 0.000104
507.887113 37 0.164399 0.010850 0.000192
508.733887 31 0.179605 0.009091 0.000164
509.580662 23 0.208514 0.006745 0.000131
510.427436 7 0.377964 0.002053 0.000116
511.274210 21 0.218218 0.006158 0.000123
512.120984 29 0.185695 0.008504 0.000155
512.967758 20 0.223607 0.005865 0.000120
513.814532 17 0.242536 0.004985 0.000111
514.661307 11 0.301511 0.003226 0.000104
515.508081 39 0.160128 0.011437 0.000201
516.354855 36 0.166667 0.010557 0.000187
517.201629 32 0.176777 0.009384 0.000169
518.048404 15 0.258199 0.004399 0.000107
518.895178 8 0.353553 0.002346 0.000111
519.741952 39 0.160128 0.011437 0.000201
520.588726 15 0.258199 0.004399 0.000107
521.435500 16 0.250000 0.004692 0.000109
522.282275 20 0.223607 0.005865 0.000120
523.129049 26 0.196116 0.007625 0.000143
523.975823 12 0.288675 0.003519 0.000104
524.822597 15 0.258199 0.004399 0.000107
525.669372 22 0.213201 0.006452 0.000127
526.516146 3 0.577350 0.000880 0.000170
527.362920 11 0.301511 0.003226 0.000104
528.209694 14 0.267261 0.004106 0.000105
529.056468 28 0.188982 0.008211 0.000151
529.903243 8 0.353553 0.002346 0.000111
530.750017 -5 0.000000 -0.001466 0.000000
531.596791 22 0.213201 0.006452 0.000127
532.443565 24 0.204124 0.007038 0.000135
533.290340 13 0.277350 0.003812 0.000104
534.137114 12 0.288675 0.003519 0.000104
534.983888 13 0.277350 0.003812 0.000104
535.830662 21 0.218218 0.006158 0.000123
536.677436 20 0.223607 0.005865 0.000120
537.524211 22 0.213201 0.006452 0.000127
538.370985 13 0.277350 0.003812 0.000104
539.217759 19 0.229416 0.005572 0.000117
540.064533 18 0.235702 0.005279 0.000114
540.911308 11 0.301511 0.003226 0.000104
541.758082 19 0.229416 0.005572 0.000117
542.604856 27 0.192450 0.007918 0.000147
543.451630 50 0.141421 0.014663 0.000254
544.298404 16 0.250000 0.004692 0.000109
545.145179 29 0.185695 0.008504 0.000155
545.991953 16 0.250000 0.004692 0.000109
546.838727 13 0.277350 0.003812 0.000104
547.685501 10 0.316228 0.002933 0.000105
548.532275 25 0.200000 0.007331 0.000139
549.379050 8 0.353553 0.002346 0.000111
550.225824 8 0.353553 0.002346 0.000111
551.072598 21 0.218218 0.006158 0.000123
551.919373 26 0.196116 0.007625 0.000143
552.766147 15 0.258199 0.004399 0.000107
553.612921 17 0.242536 0.004985 0.000111
554.459695 27 0.192450 0.007918 0.000147
555.306469 22 0.213201 0.006452 0.000127
556.153243 27 0.192450 0.007918 0.000147
557.000018 -9 0.000000 -0.002639 0.000000
557.846792 8 0.353553 0.002346 0.000111
558.693566 13 0.277350 0.003812 0.000104
559.540340 16 0.250000 0.004692 0.000109
560.387115 4 0.500000 0.001173 0.000148
561.233889 7 0.377964 0.002053 0.000116
562.080663 6 0.408248 0.001760 0.000123
562.927437 30 0.182574 0.008798 0.000160
563.774211 9 0.333333 0.002639 0.000108
564.620986 17 0.242536 0.004985 0.000111
565.467760 13 0.277350 0.003812 0.000104
566.314534 16 0.250000 0.004692 0.000109
567.161308 19 0.229416 0.005572 0.000117
568.008083 13 0.277350 0.003812 0.000104
568.854857 21 0.218218 0.006158 0.000123
569.701631 28 0.188982 0.008211 0.000151
570.548405 24 0.204124 0.007038 0.000135
571.395179 20 0.223607 0.005865 0.000120
572.241954 0 0.000000 0.000000 0.000000
573.088728 15 0.258199 0.004399 0.000107
573.935502 15 0.258199 0.004399 0.000107
574.782276 25 0.200000 0.007331 0.000139
575.629051 25 0.200000 0.007331 0.000139
576.475825 14 0.267261 0.004106 0.000105
577.322599 26 0.196116 0.007625 0.000143
578.169373 18 0.235702 0.005279 0.000114
579.016147 25 0.200000 0.007331 0.000139
579.862922 17 0.242536 0.004985 0.000111
580.709696 19 0.229416 0.005572 0.000117
581.556470 15 0.258199 0.004399 0.000107
582.403244 30 0.182574 0.008798 0.000160
583.250019 9 0.333333 0.002639 0.000108
584.096793 12 0.288675 0.003519 0.000104
584.943567 6 0.408248 0.001760 0.000123
585.790341 3 0.577350 0.000880 0.000170
586.637115 22 0.213201 0.006452 0.000127
587.483890 8 0.353553 0.002346 0.000111
588.330664 16 0.250000 0.004692 0.000109
589.177438 14 0.267261 0.004106 0.000105
590.024212 28 0.188982 0.008211 0.000151
590.870987 4 0.500000 0.001173 0.000148
591.717761 16 0.250000 0.004692 0.000109
592.564535 -10 0.000000 -0.002933 0.000000
593.411309 -3 0.000000 -0.000880 0.000000
594.258083 20 0.223607 0.005865 0.000120
595.104858 12 0.288675 0.003519 0.000104
595.951632 18 0.235702 0.005279 0.000114
596.798406 11 0.301511 0.003226 0.000104
597.645180 19 0.229416 0.005572 0.000117
598.491955 30 0.182574 0.008798 0.000160
599.338729 10 0.316228 0.002933 0.000105
600.185503 13 0.277350 0.003812 0.000104
601.032277 21 0.218218 0.006158 0.000123
601.879051 24 0.204124 0.007038 0.000135
602.725826 -1 0.000000 -0.000293 0.000000
603.572600 30 0.182574 0.008798 0.000160
604.419374 5 0.447214 0.001466 0.000134
605.266148 16 0.250000 0.004692 0.000109
606.112922 20 0.223607 0.005865 0.000120
606.959697 1 1.000000 0.000293 0.000293
607.806471 24 0.204124 0.007038 0.000135
608.653245 24 0.204124 0.007038 0.000135
609.500020 8 0.353553 0.002346 0.000111
610.346794 38 0.162221 0.011144 0.000197
611.193568 15 0.258199 0.004399 0.000107
612.040342 20 0.223607 0.005865 0.000120
612.887116 10 0.316228 0.002933 0.000105
613.733890 21 0.218218 0.006158 0.000123
614.580665 24 0.204124 0.007038 0.000135
615.427439 3 0.577350 0.000880 0.000170
616.274213 13 0.277350 0.003812 0.000104
617.120987 7 0.377964 0.002053 0.000116
617.967762 18 0.235702 0.005279 0.000114
618.814536 9 0.333333 0.002639 0.000108
619.661310 1 1.000000 0.000293 0.000293
620.508084 14 0.267261 0.004106 0.000105
621.354858 27 0.192450 0.007918 0.000147
622.201633 25 0.200000 0.007331 0.000139
623.048407 19 0.229416 0.005572 0.000117
623.895181 18 0.235702 0.005279 0.000114
624.741955 14 0.267261 0.004106 0.000105
625.588730 14 0.267261 0.004106 0.000105
626.435504 27 0.192450 0.007918 0.000147
627.282278 31 0.179605 0.009091 0.000164
628.129052 4 0.500000 0.001173 0.000148
628.975826 13 0.277350 0.003812 0.000104
629.822601 16 0.250000 0.004692 0.000109
630.669375 13 0.277350 0.003812 0.000104
631.516149 13 0.277350 0.003812 0.000104
632.362923 31 0.179605 0.009091 0.000164
633.209698 20 0.223607 0.005865 0.000120
634.056472 14 0.267261 0.004106 0.000105
634.903246 13 0.277350 0.003812 0.000104
635.750020 4 0.500000 0.001173 0.000148
636.596794 30 0.182574 0.008798 0.000160
637.443569 5 0.447214 0.001466 0.000134
638.290343 5 0.447214 0.001466 0.000134
639.137117 -6 0.000000 -0.001760 0.000000
639.983891 13 0.277350 0.003812 0.000104
640.830666 17 0.242536 0.004985 0.000111
641.677440 38 0.162221 0.011144 0.000197
642.524214 18 0.235702 0.005279 0.000114
643.370988 22 0.213201 0.006452 0.000127
644.217762 18 0.235702 0.005279 0.000114
645.064537 22 0.213201 0.006452 0.000127
645.911311 3 0.577350 0.000880 0.000170
646.758085 16 0.250000 0.004692 0.000109
647.604859 28 0.188982 0.008211 0.000151
648.451634 19 0.229416 0.005572 0.000117
649.298408 12 0.288675 0.003519 0.000104
650.145182 7 0.377964 0.002053 0.000116
650.991956 13 0.277350 0.003812 0.000104
651.838730 8 0.353553 0.002346 0.000111
652.685505 9 0.333333 0.002639 0.000108
653.532279 15 0.258199 0.004399 0.000107
654.379053 20 0.223607 0.005865 0.000120
655.225827 11 0.301511 0.003226 0.000104
656.072602 15 0.258199 0.004399 0.000107
656.919376 13 0.277350 0.003812 0.000104
657.766150 15 0.258199 0.004399 0.000107
658.612924 24 0.204124 0.007038 0.000135
659.459698 22 0.213201 0.006452 0.000127
660.306473 11 0.301511 0.003226 0.000104
661.153247 23 0.208514 0.006745 0.000131
662.000021 11 0.301511 0.003226 0.000104
662.846795 22 0.213201 0.006452 0.000127
663.693569 15 0.258199 0.004399 0.000107
664.540344 12 0.288675 0.003519 0.000104
665.387118 21 0.218218 0.006158 0.000123
666.233892 14 0.267261 0.004106 0.000105
667.080667 19 0.229416 0.005572 0.000117
667.927441 17 0.242536 0.004985 0.000111
668.774215 25 0.200000 0.007331 0.000139
669.620989 15 0.258199 0.004399 0.000107
670.467763 16 0.250000 0.004692 0.000109
671.314537 10 0.316228 0.002933 0.000105
672.161312 8 0.353553 0.002346 0.000111
673.008086 19 0.229416 0.005572 0.000117
673.854860 8 0.353553 0.002346 0.000111
674.701634 15 0.258199 0.004399 0.000107
675.548409 2 0.707107 0.000587 0.000208
676.395183 0 0.000000 0.000000 0.000000
677.241957 23 0.208514 0.006745 0.000131
678.088731 12 0.288675 0.003519 0.000104
678.935505 12 0.288675 0.003519 0.000104
679.782280 7 0.377964 0.002053 0.000116
680.629054 10 0.316228 0.002933 0.000105
681.475828 4 0.500000 0.001173 0.000148
682.322602 11 0.301511 0.003226 0.000104
683.169377 20 0.223607 0.005865 0.000120
684.016151 9 0.333333 0.002639 0.000108
684.862925 15 0.258199 0.004399 0.000107
685.709699 13 0.277350 0.003812 0.000104
686.556473 4 0.500000 0.001173 0.000148
687.403248 -12 0.000000 -0.003519 0.000000
688.250022 5 0.447214 0.001466 0.000134
689.096796 8 0.353553 0.002346 0.000111
689.943570 4 0.500000 0.001173 0.000148
690.790345 18 0.235702 0.005279 0.000114
691.637119 0 0.000000 0.000000 0.000000
692.483893 21 0.218218 0.006158 0.000123
693.330667 -2 0.000000 -0.000587 0.000000
694.177441 10 0.316228 0.002933 0.000105
695.024216 5 0.447214 0.001466 0.000134
695.870990 4 0.500000 0.001173 0.000148
696.717764 25 0.200000 0.007331 0.000139
697.564538 4 0.500000 0.001173 0.000148
698.411313 8 0.353553 0.002346 0.000111
699.258087 22 0.213201 0.006452 0.000127
700.104861 17 0.242536 0.004985 0.000111
700.951635 17 0.242536 0.004985 0.000111
701.798409 1 1.000000 0.000293 0.000293
702.645184 6 0.408248 0.001760 0.000123
703.491958 4 0.500000 0.001173 0.000148
704.338732 9 0.333333 0.002639 0.000108
705.185506 -2 0.000000 -0.000587 0.000000
706.032281 15 0.258199 0.004399 0.000107
706.879055 13 0.277350 0.003812 0.000104
707.725829 17 0.242536 0.004985 0.000111
708.572603 11 0.301511 0.003226 0.000104
709.419377 4 0.500000 0.001173 0.000148
710.266152 4 0.500000 0.001173 0.000148
711.112926 5 0.447214 0.001466 0.000134
711.959700 12 0.288675 0.003519 0.000104
712.806474 2 0.707107 0.000587 0.000208
713.653249 2 0.707107 0.000587 0.000208
714.500023 13 0.277350 0.003812 0.000104
715.346797 9 0.333333 0.002639 0.000108
716.193571 16 0.250000 0.004692 0.000109
717.040345 12 0.288675 0.003519 0.000104
717.887120 -1 0.000000 -0.000293 0.000000
718.733894 15 0.258199 0.004399 0.000107
719.580668 -7 0.000000 -0.002053 0.000000
720.427442 13 0.277350 0.003812 0.000104
721.274216 -1 0.000000 -0.000293 0.000000
722.120991 6 0.408248 0.001760 0.000123
722.967765 9 0.333333 0.002639 0.000108
723.814539 12 0.288675 0.003519 0.000104
724.661314 7 0.377964 0.002053 0.000116
725.508088 11 0.301511 0.003226 0.000104
726.354862 -2 0.000000 -0.000587 0.000000
727.201636 10 0.316228 0.002933 0.000105
728.048410 8 0.353553 0.002346 0.000111
728.895184 5 0.447214 0.001466 0.000134
729.741959 -1 0.000000 -0.000293 0.000000
730.588733 7 0.377964 0.002053 0.000116
731.435507 2 0.707107 0.000587 0.000208
732.282281 0 0.000000 0.000000 0.000000
733.129056 13 0.277350 0.003812 0.000104
733.975830 7 0.377964 0.002053 0.000116
734.822604 12 0.288675 0.003519 0.000104
735.669378 4 0.500000 0.001173 0.000148
736.516152 6 0.408248 0.001760 0.000123
737.362927 -3 0.000000 -0.000880 0.000000
738.209701 11 0.301511 0.003226 0.000104
739.056475 -6 0.000000 -0.001760 0.000000
739.903249 17 0.242536 0.004985 0.000111
740.750024 0 0.000000 0.000000 0.000000
741.596798 4 0.500000 0.001173 0.000148
742.443572 1 1.000000 0.000293 0.000293
743.290346 16 0.250000 0.004692 0.000109
744.137120 3 0.577350 0.000880 0.000170
744.983895 12 0.288675 0.003519 0.000104
745.830669 9 0.333333 0.002639 0.000108
746.677443 12 0.288675 0.003519 0.000104
747.524217 4 0.500000 0.001173 0.000148
748.370992 0 0.000000 0.000000 0.000000
749.217766 0 0.000000 0.000000 0.000000
750.064540 11 0.301511 0.003226 0.000104
750.911314 7 0.377964 0.002053 0.000116
751.758088 2 0.707107 0.000587 0.000208
752.604863 2 0.707107 0.000587 0.000208
753.451637 4 0.500000 0.001173 0.000148
754.298411 9 0.333333 0.002639 0.000108
755.145185 -1 0.000000 -0.000293 0.000000
755.991960 -8 0.000000 -0.002346 0.000000
756.838734 5 0.447214 0.001466 0.000134
757.685508 4 0.500000 0.001173 0.000148
758.532282 -2 0.000000 -0.000587 0.000000
759.379056 1 1.000000 0.000293 0.000293
760.225831 1 1.000000 0.000293 0.000293
761.072605 2 0.707107 0.000587 0.000208
761.919379 7 0.377964 0.002053 0.000116
762.766153 4 0.500000 0.001173 0.000148
763.612927 5 0.447214 0.001466 0.000134
764.459702 -6 0.000000 -0.001760 0.000000
765.306476 3 0.577350 0.000880 0.000170
766.153250 3 0.577350 0.000880 0.000170
767.000024 2 0.707107 0.000587 0.000208
767.846799 -3 0.000000 -0.000880 0.000000
768.693573 0 0.000000 0.000000 0.000000
769.540347 7 0.377964 0.002053 0.000116
770.387121 12 0.288675 0.003519 0.000104
771.233896 10 0.316228 0.002933 0.000105
772.080670 2 0.707107 0.000587 0.000208
772.927444 1 1.000000 0.000293 0.000293
773.774218 -5 0.000000 -0.001466 0.000000
774.620992 10 0.316228 0.002933 0.000105
775.467767 7 0.377964 0.002053 0.000116
776.314541 -3 0.000000 -0.000880 0.000000
777.161315 2 0.707107 0.000587 0.000208
778.008089 7 0.377964 0.002053 0.000116
778.854863 -6 0.000000 -0.001760 0.000000
779.701638 -1 0.000000 -0.000293 0.000000
780.548412 8 0.353553 0.002346 0.000111
781.395186 -1 0.000000 -0.000293 0.000000
782.241961 8 0.353553 0.002346 0.000111
783.088735 9 0.333333 0.002639 0.000108
783.935509 1 1.000000 0.000293 0.000293
784.782283 8 0.353553 0.002346 0.000111
785.629057 4 0.500000 0.001173 0.000148
786.475831 -4 0.000000 -0.001173 0.000000
787.322606 -1 0.000000 -0.000293 0.000000
788.169380 3 0.577350 0.000880 0.000170
789.016154 3 0.577350 0.000880 0.000170
789.862928 7 0.377964 0.002053 0.000116
790.709703 2 0.707107 0.000587 0.000208
791.556477 7 0.377964 0.002053 0.000116
792.403251 5 0.447214 0.001466 0.000134
793.250025 11 0.301511 0.003226 0.000104
794.096799 -10 0.000000 -0.002933 0.000000
794.943574 11 0.301511 0.003226 0.000104
795.790348 -2 0.000000 -0.000587 0.000000
796.637122 3 0.577350 0.000880 0.000170
797.483896 7 0.377964 0.002053 0.000116
798.330671 3 0.577350 0.000880 0.000170
799.177445 4 0.500000 0.001173 0.000148
800.024219 -16 0.000000 -0.004692 0.000000
800.870993 6 0.408248 0.001760 0.000123
801.717767 -1 0.000000 -0.000293 0.000000
802.564542 2 0.707107 0.000587 0.000208
803.411316 -2 0.000000 -0.000587 0.000000
804.258090 -3 0.000000 -0.000880 0.000000
805.104864 -4 0.000000 -0.001173 0.000000
805.951639 -4 0.000000 -0.001173 0.000000
806.798413 3 0.577350 0.000880 0.000170
807.645187 8 0.353553 0.002346 0.000111
808.491961 6 0.408248 0.001760 0.000123
809.338735 0 0.000000 0.000000 0.000000
810.185510 0 0.000000 0.000000 0.000000
811.032284 -4 0.000000 -0.001173 0.000000
811.879058 -1 0.000000 -0.000293 0.000000
812.725832 4 0.500000 0.001173 0.000148
813.572607 2 0.707107 0.000587 0.000208
814.419381 0 0.000000 0.000000 0.000000
815.266155 5 0.447214 0.001466 0.000134
816.112929 -3 0.000000 -0.000880 0.000000
816.959703 2 0.707107 0.000587 0.000208
817.806478 3 0.577350 0.000880 0.000170
818.653252 5 0.447214 0.001466 0.000134
819.500026 5 0.447214 0.001466 0.000134
820.346800 -1 0.000000 -0.000293 0.000000
821.193574 -6 0.000000 -0.001760 0.000000
822.040349 -1 0.000000 -0.000293 0.000000
822.887123 -1 0.000000 -0.000293 0.000000
823.733897 10 0.316228 0.002933 0.000105
824.580671 2 0.707107 0.000587 0.000208
825.427446 2 0.707107 0.000587 0.000208
826.274220 1 1.000000 0.000293 0.000293
827.120994 8 0.353553 0.002346 0.000111
827.967768 3 0.577350 0.000880 0.000170
828.814543 7 0.377964 0.002053 0.000116
829.661317 -1 0.000000 -0.000293 0.000000
830.508091 0 0.000000 0.000000 0.000000
831.354865 -2 0.000000 -0.000587 0.000000
832.201639 3 0.577350 0.000880 0.000170
833.048414 2 0.707107 0.000587 0.000208
833.895188 1 1.000000 0.000293 0.000293
834.741962 2 0.707107 0.000587 0.000208
835.588736 3 0.577350 0.000880 0.000170
836.435510 2 0.707107 0.000587 0.000208
837.282285 1 1.000000 0.000293 0.000293
838.129059 0 0.000000 0.000000 0.000000
838.975833 -1 0.000000 -0.000293 0.000000
839.822608 2 0.707107 0.000587 0.000208
840.669382 -2 0.000000 -0.000587 0.000000
841.516156 2 0.707107 0.000587 0.000208
842.362930 0 0.000000 0.000000 0.000000
843.209704 1 1.000000 0.000293 0.000293
844.056478 7 0.377964 0.002053 0.000116
844.903253 5 0.447214 0.001466 0.000134
845.750027 2 0.707107 0.000587 0.000208
846.596801 2 0.707107 0.000587 0.000208
847.443575 8 0.353553 0.002346 0.000111
848.290350 1 1.000000 0.000293 0.000293
849.137124 -3 0.000000 -0.000880 0.000000
849.983898 2 0.707107 0.000587 0.000208
850.830672 0 0.000000 0.000000 0.000000
851.677446 -6 0.000000 -0.001760 0.000000
852.524221 1 1.000000 0.000293 0.000293
853.370995 -4 0.000000 -0.001173 0.000000
854.217769 4 0.500000 0.001173 0.000148
855.064543 6 0.408248 0.001760 0.000123
855.911318 0 0.000000 0.000000 0.000000
856.758092 7 0.377964 0.002053 0.000116
857.604866 2 0.707107 0.000587 0.000208
858.451640 -2 0.000000 -0.000587 0.000000
859.298414 2 0.707107 0.000587 0.000208
860.145189 2 0.707107 0.000587 0.000208
860.991963 -3 0.000000 -0.000880 0.000000
861.838737 0 0.000000 0.000000 0.000000
862.685511 1 1.000000 0.000293 0.000293
863.532286 10 0.316228 0.002933 0.000105
864.379060 -5 0.000000 -0.001466 0.000000
865.225834 1 1.000000 0.000293 0.000293
866.072608 1 1.000000 0.000293 0.000293
866.919382 -4 0.000000 -0.001173 0.000000
867.766157 -4 0.000000 -0.001173 0.000000
