# 22Na 3410 3410 0.8467740000000001 0.017124693631268544 58.39520528262573
1.516129 1 1.000000 0.000293 0.000293
2.362903 2 0.707107 0.000587 0.000208
3.209678 1 1.000000 0.000293 0.000293
4.056452 3 0.577350 0.000880 0.000170
4.903226 3 0.577350 0.000880 0.000170
5.750000 1 1.000000 0.000293 0.000293
6.596775 0 0.000000 0.000000 0.000000
7.443549 1 1.000000 0.000293 0.000293
8.290323 0 0.000000 0.000000 0.000000
9.137097 4 0.500000 0.001173 0.000148
9.983871 4 0.500000 0.001173 0.000148
10.830646 11 0.301511 0.003226 0.000104
11.677420 16 0.250000 0.004692 0.000109
12.524194 37 0.164399 0.010850 0.000192
13.370968 61 0.128037 0.017889 0.000309
14.217742 163 0.078326 0.047801 0.000819
15.064517 298 0.057928 0.087390 0.001497
15.911291 575 0.041703 0.168622 0.002888
16.758065 934 0.032721 0.273900 0.004690
17.604839 1474 0.026047 0.432258 0.007402
18.451613 1863 0.023168 0.546334 0.009356
19.298388 2083 0.021911 0.610850 0.010461
20.145162 2237 0.021143 0.656012 0.011234
20.991936 2233 0.021162 0.654839 0.011214
21.838710 2426 0.020303 0.711437 0.012183
22.685485 2280 0.020943 0.668622 0.011450
23.532259 2306 0.020824 0.676246 0.011581
24.379033 2339 0.020677 0.685924 0.011746
25.225807 2370 0.020541 0.695015 0.011902
26.072581 2381 0.020494 0.698240 0.011957
26.919356 2401 0.020408 0.704106 0.012058
27.766130 2434 0.020269 0.713783 0.012223
28.612904 2401 0.020408 0.704106 0.012058
29.459678 2410 0.020370 0.706745 0.012103
30.306453 2411 0.020366 0.707038 0.012108
31.153227 2384 0.020481 0.699120 0.011972
32.000001 2394 0.020438 0.702053 0.012022
32.846775 2360 0.020585 0.692082 0.011852
33.693550 2533 0.019869 0.742815 0.012720
34.540324 2509 0.019964 0.735777 0.012600
35.387098 2453 0.020191 0.719355 0.012319
36.233872 2466 0.020137 0.723167 0.012384
37.080647 2559 0.019768 0.750440 0.012851
37.927421 2484 0.020064 0.728446 0.012474
38.774195 2558 0.019772 0.750147 0.012846
39.620969 2512 0.019952 0.736657 0.012615
40.467743 2578 0.019695 0.756012 0.012946
41.314518 2573 0.019714 0.754545 0.012921
42.161292 2611 0.019570 0.765689 0.013112
43.008066 2634 0.019485 0.772434 0.013228
43.854840 2690 0.019281 0.788856 0.013509
44.701615 2666 0.019367 0.781818 0.013388
45.548389 2670 0.019353 0.782991 0.013408
46.395163 2561 0.019760 0.751026 0.012861
47.241937 2773 0.018990 0.813196 0.013926
48.088711 2770 0.019000 0.812317 0.013911
48.935485 2869 0.018670 0.841349 0.014408
49.782260 2693 0.019270 0.789736 0.013524
50.629034 2831 0.018794 0.830205 0.014217
51.475808 2933 0.018465 0.860117 0.014729
52.322582 2836 0.018778 0.831672 0.014242
53.169357 2971 0.018346 0.871261 0.014920
54.016131 2956 0.018393 0.866862 0.014845
54.862905 3025 0.018182 0.887097 0.015191
55.709679 3083 0.018010 0.904106 0.015483
56.556454 3051 0.018104 0.894721 0.015322
57.403228 3187 0.017714 0.934604 0.016005
58.250002 3090 0.017990 0.906158 0.015518
59.096776 3093 0.017981 0.907038 0.015533
59.943551 3245 0.017555 0.951613 0.016296
60.790325 3364 0.017241 0.986510 0.016894
61.637099 3364 0.017241 0.986510 0.016894
62.483873 3317 0.017363 0.972727 0.016658
63.330647 3362 0.017247 0.985924 0.016884
64.177421 3221 0.017620 0.944575 0.016176
65.024196 3374 0.017216 0.989443 0.016944
65.870970 3410 0.017125 1.000000 0.017125
66.717744 3362 0.017247 0.985924 0.016884
67.564518 3273 0.017479 0.959824 0.016437
68.411293 3239 0.017571 0.949853 0.016266
69.258067 3335 0.017316 0.978006 0.016748
70.104841 3296 0.017418 0.966569 0.016552
70.951615 3352 0.017272 0.982991 0.016833
71.798389 3301 0.017405 0.968035 0.016577
72.645164 3298 0.017413 0.967155 0.016562
73.491938 3358 0.017257 0.984751 0.016864
74.338712 3331 0.017327 0.976833 0.016728
75.185486 3403 0.017142 0.997947 0.017090
76.032260 3313 0.017374 0.971554 0.016638
76.879035 3197 0.017686 0.937537 0.016055
77.725809 3167 0.017770 0.928739 0.015904
78.572583 3232 0.017590 0.947801 0.016231
79.419357 3255 0.017528 0.954545 0.016346
80.266132 3137 0.017854 0.919941 0.015754
81.112906 3185 0.017719 0.934018 0.015995
81.959680 3111 0.017929 0.912317 0.015623
82.806454 3200 0.017678 0.938416 0.016070
83.653228 3117 0.017911 0.914076 0.015653
84.500003 3012 0.018221 0.883284 0.015126
85.346777 3134 0.017863 0.919062 0.015739
86.193551 3112 0.017926 0.912610 0.015628
87.040325 2936 0.018455 0.860997 0.014744
87.887100 2888 0.018608 0.846921 0.014503
88.733874 2902 0.018563 0.851026 0.014574
89.580648 2870 0.018666 0.841642 0.014413
90.427422 2888 0.018608 0.846921 0.014503
91.274196 2900 0.018570 0.850440 0.014564
92.120971 2822 0.018824 0.827566 0.014172
92.967745 2846 0.018745 0.834604 0.014292
93.814519 2734 0.019125 0.801760 0.013730
94.661293 2703 0.019234 0.792669 0.013574
95.508068 2793 0.018922 0.819062 0.014026
96.354842 2727 0.019149 0.799707 0.013695
97.201616 2687 0.019292 0.787977 0.013494
98.048390 2656 0.019404 0.778886 0.013338
98.895164 2644 0.019448 0.775367 0.013278
99.741939 2627 0.019511 0.770381 0.013193
100.588713 2707 0.019220 0.793842 0.013594
101.435487 2612 0.019567 0.765982 0.013117
102.282262 2567 0.019737 0.752786 0.012891
103.129036 2520 0.019920 0.739003 0.012655
103.975810 2623 0.019525 0.769208 0.013172
104.822584 2534 0.019865 0.743109 0.012726
105.669358 2456 0.020178 0.720235 0.012334
106.516132 2509 0.019964 0.735777 0.012600
107.362907 2494 0.020024 0.731378 0.012525
108.209681 2451 0.020199 0.718768 0.012309
109.056455 2467 0.020133 0.723460 0.012389
109.903229 2358 0.020593 0.691496 0.011842
110.750004 2500 0.020000 0.733138 0.012555
111.596778 2428 0.020294 0.712023 0.012193
112.443552 2436 0.020261 0.714370 0.012233
113.290326 2427 0.020299 0.711730 0.012188
114.137101 2312 0.020797 0.678006 0.011611
114.983875 2407 0.020383 0.705865 0.012088
115.830649 2234 0.021157 0.655132 0.011219
116.677423 2346 0.020646 0.687977 0.011781
117.524197 2267 0.021003 0.664809 0.011385
118.370972 2283 0.020929 0.669501 0.011465
119.217746 2254 0.021063 0.660997 0.011319
120.064520 2211 0.021267 0.648387 0.011103
120.911294 2132 0.021657 0.625220 0.010707
121.758068 2083 0.021911 0.610850 0.010461
122.604843 2144 0.021597 0.628739 0.010767
123.451617 2035 0.022168 0.596774 0.010220
124.298391 2108 0.021780 0.618182 0.010586
125.145165 2017 0.022266 0.591496 0.010129
125.991940 1881 0.023057 0.551613 0.009446
126.838714 2029 0.022200 0.595015 0.010189
127.685488 1957 0.022605 0.573900 0.009828
128.532262 1833 0.023357 0.537537 0.009205
129.379037 1864 0.023162 0.546628 0.009361
130.225811 1866 0.023150 0.547214 0.009371
131.072585 1798 0.023583 0.527273 0.009029
131.919359 1727 0.024063 0.506452 0.008673
132.766133 1695 0.024289 0.497067 0.008512
133.612908 1682 0.024383 0.493255 0.008447
134.459682 1693 0.024304 0.496481 0.008502
135.306456 1545 0.025441 0.453079 0.007759
136.153230 1625 0.024807 0.476540 0.008161
137.000004 1568 0.025254 0.459824 0.007874
137.846779 1532 0.025549 0.449267 0.007694
138.693553 1507 0.025760 0.441935 0.007568
139.540327 1506 0.025768 0.441642 0.007563
140.387101 1409 0.026641 0.413196 0.007076
141.233876 1444 0.026316 0.423460 0.007252
142.080650 1451 0.026252 0.425513 0.007287
142.927424 1327 0.027451 0.389150 0.006664
143.774198 1345 0.027267 0.394428 0.006754
144.620972 1315 0.027576 0.385630 0.006604
145.467747 1377 0.026948 0.403812 0.006915
146.314521 1308 0.027650 0.383578 0.006569
147.161295 1262 0.028149 0.370088 0.006338
148.008069 1326 0.027462 0.388856 0.006659
148.854844 1317 0.027555 0.386217 0.006614
149.701618 1320 0.027524 0.387097 0.006629
150.548392 1309 0.027639 0.383871 0.006574
151.395166 1276 0.027995 0.374194 0.006408
152.241940 1365 0.027067 0.400293 0.006855
153.088715 1274 0.028017 0.373607 0.006398
153.935489 1263 0.028138 0.370381 0.006343
154.782263 1246 0.028330 0.365396 0.006257
155.629037 1291 0.027832 0.378592 0.006483
156.475812 1343 0.027287 0.393842 0.006744
157.322586 1301 0.027724 0.381525 0.006534
158.169360 1370 0.027017 0.401760 0.006880
159.016134 1382 0.026900 0.405279 0.006940
159.862909 1362 0.027096 0.399413 0.006840
160.709683 1461 0.026162 0.428446 0.007337
161.556457 1383 0.026890 0.405572 0.006945
162.403231 1442 0.026334 0.422874 0.007242
163.250005 1494 0.025872 0.438123 0.007503
164.096780 1492 0.025889 0.437537 0.007493
164.943554 1523 0.025624 0.446628 0.007648
165.790328 1658 0.024559 0.486217 0.008326
166.637102 1678 0.024412 0.492082 0.008427
167.483877 1743 0.023953 0.511144 0.008753
168.330651 1769 0.023776 0.518768 0.008884
169.177425 1830 0.023376 0.536657 0.009190
170.024199 1884 0.023039 0.552493 0.009461
170.870973 1872 0.023113 0.548974 0.009401
171.717748 2114 0.021749 0.619941 0.010616
172.564522 2004 0.022338 0.587683 0.010064
173.411296 2132 0.021657 0.625220 0.010707
174.258070 2285 0.020920 0.670088 0.011475
175.104844 2270 0.020989 0.665689 0.011400
175.951618 2341 0.020668 0.686510 0.011756
176.798393 2345 0.020650 0.687683 0.011776
177.645167 2467 0.020133 0.723460 0.012389
178.491941 2509 0.019964 0.735777 0.012600
179.338716 2640 0.019462 0.774194 0.013258
180.185490 2752 0.019062 0.807038 0.013820
181.032264 2645 0.019444 0.775660 0.013283
181.879038 2800 0.018898 0.821114 0.014061
182.725812 2905 0.018554 0.851906 0.014589
183.572586 2872 0.018660 0.842229 0.014423
184.419361 3111 0.017929 0.912317 0.015623
185.266135 3056 0.018089 0.896188 0.015347
186.112909 3170 0.017761 0.929619 0.015919
186.959684 3217 0.017631 0.943402 0.016155
187.806458 3099 0.017963 0.908798 0.015563
188.653232 3237 0.017576 0.949267 0.016256
189.500006 3228 0.017601 0.946628 0.016211
190.346780 3202 0.017672 0.939003 0.016080
191.193555 3303 0.017400 0.968622 0.016587
192.040329 3281 0.017458 0.962170 0.016477
192.887103 3340 0.017303 0.979472 0.016773
193.733877 3315 0.017368 0.972141 0.016648
194.580651 3319 0.017358 0.973314 0.016668
195.427426 3271 0.017485 0.959238 0.016427
196.274200 3285 0.017447 0.963343 0.016497
197.120974 3206 0.017661 0.940176 0.016100
197.967748 3065 0.018063 0.898827 0.015392
198.814523 3122 0.017897 0.915543 0.015678
199.661297 2955 0.018396 0.866569 0.014840
200.508071 3109 0.017935 0.911730 0.015613
201.354845 2972 0.018343 0.871554 0.014925
202.201619 2928 0.018481 0.858651 0.014704
203.048394 2856 0.018712 0.837537 0.014343
203.895168 2833 0.018788 0.830792 0.014227
204.741942 2782 0.018959 0.815836 0.013971
205.588716 2559 0.019768 0.750440 0.012851
206.435491 2773 0.018990 0.813196 0.013926
207.282265 2528 0.019889 0.741349 0.012695
208.129039 2517 0.019932 0.738123 0.012640
208.975813 2443 0.020232 0.716422 0.012269
209.822587 2368 0.020550 0.694428 0.011892
210.669362 2389 0.020459 0.700587 0.011997
211.516136 2329 0.020721 0.682991 0.011696
212.362910 2275 0.020966 0.667155 0.011425
213.209684 2298 0.020861 0.673900 0.011540
214.056459 2126 0.021688 0.623460 0.010677
214.903233 2162 0.021507 0.634018 0.010857
215.750007 1995 0.022389 0.585044 0.010019
216.596781 2130 0.021668 0.624633 0.010697
217.443556 2003 0.022344 0.587390 0.010059
218.290330 1943 0.022686 0.569795 0.009758
219.137104 1900 0.022942 0.557185 0.009542
219.983878 1858 0.023199 0.544868 0.009331
220.830652 1995 0.022389 0.585044 0.010019
221.677427 1844 0.023287 0.540762 0.009260
222.524201 1811 0.023499 0.531085 0.009095
223.370975 1752 0.023891 0.513783 0.008798
224.217749 1716 0.024140 0.503226 0.008618
225.064524 1664 0.024515 0.487977 0.008356
225.911298 1728 0.024056 0.506745 0.008678
226.758072 1571 0.025230 0.460704 0.007889
227.604846 1679 0.024405 0.492375 0.008432
228.451620 1554 0.025367 0.455718 0.007804
229.298395 1553 0.025375 0.455425 0.007799
230.145169 1585 0.025118 0.464809 0.007960
230.991943 1612 0.024907 0.472727 0.008095
231.838717 1498 0.025837 0.439296 0.007523
232.685491 1476 0.026029 0.432845 0.007412
233.532265 1501 0.025811 0.440176 0.007538
234.379040 1458 0.026189 0.427566 0.007322
235.225814 1420 0.026537 0.416422 0.007131
236.072588 1351 0.027206 0.396188 0.006785
236.919363 1347 0.027247 0.395015 0.006765
237.766137 1346 0.027257 0.394721 0.006759
238.612911 1341 0.027308 0.393255 0.006734
239.459685 1417 0.026565 0.415543 0.007116
240.306459 1339 0.027328 0.392669 0.006724
241.153233 1251 0.028273 0.366862 0.006282
242.000008 1273 0.028028 0.373314 0.006393
242.846782 1200 0.028868 0.351906 0.006026
243.693556 1206 0.028796 0.353666 0.006056
244.540331 1265 0.028116 0.370968 0.006353
245.387105 1169 0.029248 0.342815 0.005871
246.233879 1110 0.030015 0.325513 0.005574
247.080653 1147 0.029527 0.336364 0.005760
247.927427 1216 0.028677 0.356598 0.006107
248.774202 1149 0.029501 0.336950 0.005770
249.620976 1088 0.030317 0.319062 0.005464
250.467750 1136 0.029670 0.333138 0.005705
251.314524 1123 0.029841 0.329326 0.005640
252.161298 1083 0.030387 0.317595 0.005439
253.008073 992 0.031750 0.290909 0.004982
253.854847 1041 0.030994 0.305279 0.005228
254.701621 1043 0.030964 0.305865 0.005238
255.548395 926 0.032862 0.271554 0.004650
256.395170 919 0.032987 0.269501 0.004615
257.241944 939 0.032634 0.275367 0.004716
258.088718 878 0.033748 0.257478 0.004409
258.935492 826 0.034794 0.242229 0.004148
259.782266 872 0.033864 0.255718 0.004379
260.629041 835 0.034606 0.244868 0.004193
261.475815 828 0.034752 0.242815 0.004158
262.322589 794 0.035489 0.232845 0.003987
263.169363 772 0.035991 0.226393 0.003877
264.016138 784 0.035714 0.229912 0.003937
264.862912 730 0.037012 0.214076 0.003666
265.709686 771 0.036014 0.226100 0.003872
266.556460 739 0.036786 0.216716 0.003711
267.403234 789 0.035601 0.231378 0.003962
268.250009 777 0.035875 0.227859 0.003902
269.096783 682 0.038292 0.200000 0.003425
269.943557 701 0.037769 0.205572 0.003520
270.790331 785 0.035692 0.230205 0.003942
271.637106 773 0.035968 0.226686 0.003882
272.483880 688 0.038125 0.201760 0.003455
273.330654 670 0.038633 0.196481 0.003365
274.177428 701 0.037769 0.205572 0.003520
275.024203 643 0.039436 0.188563 0.003229
275.870977 727 0.037088 0.213196 0.003651
276.717751 632 0.039778 0.185337 0.003174
277.564525 625 0.040000 0.183284 0.003139
278.411299 656 0.039043 0.192375 0.003294
279.258074 626 0.039968 0.183578 0.003144
280.104848 639 0.039559 0.187390 0.003209
280.951622 592 0.041100 0.173607 0.002973
281.798396 558 0.042333 0.163636 0.002802
282.645170 630 0.039841 0.184751 0.003164
283.491945 606 0.040622 0.177713 0.003043
284.338719 617 0.040258 0.180938 0.003099
285.185493 594 0.041030 0.174194 0.002983
286.032267 593 0.041065 0.173900 0.002978
286.879041 551 0.042601 0.161584 0.002767
287.725816 619 0.040193 0.181525 0.003109
288.572590 586 0.041310 0.171848 0.002943
289.419364 573 0.041776 0.168035 0.002878
290.266138 563 0.042145 0.165103 0.002827
291.112912 532 0.043355 0.156012 0.002672
291.959687 522 0.043769 0.153079 0.002621
292.806461 537 0.043153 0.157478 0.002697
293.653235 577 0.041631 0.169208 0.002898
294.500010 552 0.042563 0.161877 0.002772
295.346784 536 0.043193 0.157185 0.002692
296.193558 530 0.043437 0.155425 0.002662
297.040332 568 0.041959 0.166569 0.002852
297.887106 527 0.043561 0.154545 0.002647
298.733880 483 0.045502 0.141642 0.002426
299.580655 483 0.045502 0.141642 0.002426
300.427429 566 0.042033 0.165982 0.002842
301.274203 563 0.042145 0.165103 0.002827
302.120977 555 0.042448 0.162757 0.002787
302.967752 510 0.044281 0.149560 0.002561
303.814526 556 0.042409 0.163050 0.002792
304.661300 502 0.044632 0.147214 0.002521
305.508074 494 0.044992 0.144868 0.002481
306.354849 520 0.043853 0.152493 0.002611
307.201623 441 0.047619 0.129326 0.002215
308.048397 528 0.043519 0.154839 0.002652
308.895171 535 0.043234 0.156891 0.002687
309.741946 550 0.042640 0.161290 0.002762
310.588720 449 0.047193 0.131672 0.002255
311.435494 520 0.043853 0.152493 0.002611
312.282268 504 0.044544 0.147801 0.002531
313.129042 446 0.047351 0.130792 0.002240
313.975817 491 0.045129 0.143988 0.002466
314.822591 498 0.044811 0.146041 0.002501
315.669365 484 0.045455 0.141935 0.002431
316.516139 487 0.045314 0.142815 0.002446
317.362913 526 0.043602 0.154252 0.002642
318.209688 467 0.046274 0.136950 0.002345
319.056462 481 0.045596 0.141056 0.002416
319.903236 489 0.045222 0.143402 0.002456
320.750010 532 0.043355 0.156012 0.002672
321.596785 472 0.046029 0.138416 0.002370
322.443559 453 0.046984 0.132845 0.002275
323.290333 477 0.045787 0.139883 0.002395
324.137107 464 0.046424 0.136070 0.002330
324.983881 512 0.044194 0.150147 0.002571
325.830656 406 0.049629 0.119062 0.002039
326.677430 438 0.047782 0.128446 0.002200
327.524204 452 0.047036 0.132551 0.002270
328.370978 464 0.046424 0.136070 0.002330
329.217753 481 0.045596 0.141056 0.002416
330.064527 505 0.044499 0.148094 0.002536
330.911301 458 0.046727 0.134311 0.002300
331.758075 501 0.044677 0.146921 0.002516
332.604849 493 0.045038 0.144575 0.002476
333.451623 513 0.044151 0.150440 0.002576
334.298398 514 0.044108 0.150733 0.002581
335.145172 461 0.046575 0.135191 0.002315
335.991946 492 0.045083 0.144282 0.002471
336.838721 432 0.048113 0.126686 0.002170
337.685495 467 0.046274 0.136950 0.002345
338.532269 448 0.047246 0.131378 0.002250
339.379043 498 0.044811 0.146041 0.002501
340.225817 493 0.045038 0.144575 0.002476
341.072592 443 0.047511 0.129912 0.002225
341.919366 530 0.043437 0.155425 0.002662
342.766140 447 0.047298 0.131085 0.002245
343.612914 479 0.045691 0.140469 0.002406
344.459689 466 0.046324 0.136657 0.002340
345.306463 460 0.046625 0.134897 0.002310
346.153237 424 0.048564 0.124340 0.002129
347.000011 515 0.044065 0.151026 0.002586
347.846785 468 0.046225 0.137243 0.002350
348.693559 511 0.044237 0.149853 0.002566
349.540334 494 0.044992 0.144868 0.002481
350.387108 503 0.044588 0.147507 0.002526
351.233882 470 0.046127 0.137830 0.002360
352.080657 512 0.044194 0.150147 0.002571
352.927431 452 0.047036 0.132551 0.002270
353.774205 453 0.046984 0.132845 0.002275
354.620979 452 0.047036 0.132551 0.002270
355.467753 471 0.046078 0.138123 0.002365
356.314527 497 0.044856 0.145748 0.002496
357.161302 454 0.046932 0.133138 0.002280
358.008076 459 0.046676 0.134604 0.002305
358.854850 470 0.046127 0.137830 0.002360
359.701624 456 0.046829 0.133724 0.002290
360.548399 469 0.046176 0.137537 0.002355
361.395173 471 0.046078 0.138123 0.002365
362.241947 433 0.048057 0.126979 0.002175
363.088721 434 0.048002 0.127273 0.002180
363.935496 428 0.048337 0.125513 0.002149
364.782270 490 0.045175 0.143695 0.002461
365.629044 451 0.047088 0.132258 0.002265
366.475818 438 0.047782 0.128446 0.002200
367.322593 468 0.046225 0.137243 0.002350
368.169367 412 0.049266 0.120821 0.002069
369.016141 454 0.046932 0.133138 0.002280
369.862915 417 0.048970 0.122287 0.002094
370.709689 416 0.049029 0.121994 0.002089
371.556464 480 0.045644 0.140762 0.002411
372.403238 454 0.046932 0.133138 0.002280
373.250012 454 0.046932 0.133138 0.002280
374.096786 474 0.045932 0.139003 0.002380
374.943560 498 0.044811 0.146041 0.002501
375.790335 358 0.052852 0.104985 0.001798
376.637109 457 0.046778 0.134018 0.002295
377.483883 435 0.047946 0.127566 0.002185
378.330657 446 0.047351 0.130792 0.002240
379.177432 461 0.046575 0.135191 0.002315
380.024206 444 0.047458 0.130205 0.002230
380.870980 454 0.046932 0.133138 0.002280
381.717754 464 0.046424 0.136070 0.002330
382.564528 443 0.047511 0.129912 0.002225
383.411303 414 0.049147 0.121408 0.002079
384.258077 398 0.050125 0.116716 0.001999
385.104851 420 0.048795 0.123167 0.002109
385.951625 446 0.047351 0.130792 0.002240
386.798400 389 0.050702 0.114076 0.001954
387.645174 403 0.049814 0.118182 0.002024
388.491948 380 0.051299 0.111437 0.001908
389.338722 421 0.048737 0.123460 0.002114
390.185496 414 0.049147 0.121408 0.002079
391.032270 463 0.046474 0.135777 0.002325
391.879045 431 0.048168 0.126393 0.002164
392.725819 436 0.047891 0.127859 0.002190
393.572593 401 0.049938 0.117595 0.002014
394.419368 381 0.051232 0.111730 0.001913
395.266142 393 0.050443 0.115249 0.001974
396.112916 400 0.050000 0.117302 0.002009
396.959690 389 0.050702 0.114076 0.001954
397.806464 445 0.047405 0.130499 0.002235
398.653239 399 0.050063 0.117009 0.002004
399.500013 364 0.052414 0.106745 0.001828
400.346787 392 0.050508 0.114956 0.001969
401.193561 385 0.050965 0.112903 0.001933
402.040336 387 0.050833 0.113490 0.001944
402.887110 342 0.054074 0.100293 0.001718
403.733884 343 0.053995 0.100587 0.001723
404.580658 341 0.054153 0.100000 0.001713
405.427432 335 0.054636 0.098240 0.001682
406.274206 370 0.051988 0.108504 0.001858
407.120981 376 0.051571 0.110264 0.001888
407.967755 345 0.053838 0.101173 0.001733
408.814529 356 0.053000 0.104399 0.001788
409.661304 354 0.053149 0.103812 0.001778
410.508078 350 0.053452 0.102639 0.001758
411.354852 371 0.051917 0.108798 0.001863
412.201626 324 0.055556 0.095015 0.001627
413.048400 335 0.054636 0.098240 0.001682
413.895174 317 0.056166 0.092962 0.001592
414.741949 351 0.053376 0.102933 0.001763
415.588723 333 0.054800 0.097654 0.001672
416.435497 346 0.053760 0.101466 0.001738
417.282271 330 0.055048 0.096774 0.001657
418.129046 314 0.056433 0.092082 0.001577
418.975820 316 0.056254 0.092669 0.001587
419.822594 335 0.054636 0.098240 0.001682
420.669368 344 0.053916 0.100880 0.001728
421.516143 332 0.054882 0.097361 0.001667
422.362917 337 0.054473 0.098827 0.001692
423.209691 332 0.054882 0.097361 0.001667
424.056465 307 0.057073 0.090029 0.001542
424.903240 336 0.054554 0.098534 0.001687
425.750014 291 0.058621 0.085337 0.001461
426.596788 356 0.053000 0.104399 0.001788
427.443562 302 0.057544 0.088563 0.001517
428.290336 304 0.057354 0.089150 0.001527
429.137111 321 0.055815 0.094135 0.001612
429.983885 316 0.056254 0.092669 0.001587
430.830659 330 0.055048 0.096774 0.001657
431.677433 326 0.055385 0.095601 0.001637
432.524207 342 0.054074 0.100293 0.001718
433.370982 306 0.057166 0.089736 0.001537
434.217756 350 0.053452 0.102639 0.001758
435.064530 368 0.052129 0.107918 0.001848
435.911304 327 0.055300 0.095894 0.001642
436.758079 321 0.055815 0.094135 0.001612
437.604853 275 0.060302 0.080645 0.001381
438.451627 346 0.053760 0.101466 0.001738
439.298401 366 0.052271 0.107331 0.001838
440.145175 321 0.055815 0.094135 0.001612
440.991950 311 0.056705 0.091202 0.001562
441.838724 339 0.054313 0.099413 0.001703
442.685498 300 0.057735 0.087977 0.001507
443.532272 332 0.054882 0.097361 0.001667
444.379047 349 0.053529 0.102346 0.001753
445.225821 326 0.055385 0.095601 0.001637
446.072595 293 0.058421 0.085924 0.001472
446.919369 315 0.056344 0.092375 0.001582
447.766143 314 0.056433 0.092082 0.001577
448.612917 362 0.052559 0.106158 0.001818
449.459692 304 0.057354 0.089150 0.001527
450.306466 321 0.055815 0.094135 0.001612
451.153240 260 0.062017 0.076246 0.001306
452.000015 358 0.052852 0.104985 0.001798
452.846789 331 0.054965 0.097067 0.001662
453.693563 365 0.052342 0.107038 0.001833
454.540337 341 0.054153 0.100000 0.001713
455.387111 336 0.054554 0.098534 0.001687
456.233886 330 0.055048 0.096774 0.001657
457.080660 326 0.055385 0.095601 0.001637
457.927434 355 0.053074 0.104106 0.001783
458.774208 370 0.051988 0.108504 0.001858
459.620983 371 0.051917 0.108798 0.001863
460.467757 430 0.048224 0.126100 0.002159
461.314531 387 0.050833 0.113490 0.001944
462.161305 333 0.054800 0.097654 0.001672
463.008079 368 0.052129 0.107918 0.001848
463.854853 372 0.051848 0.109091 0.001868
464.701628 386 0.050899 0.113196 0.001939
465.548402 326 0.055385 0.095601 0.001637
466.395176 356 0.053000 0.104399 0.001788
467.241951 378 0.051434 0.110850 0.001898
468.088725 361 0.052632 0.105865 0.001813
468.935499 420 0.048795 0.123167 0.002109
469.782273 393 0.050443 0.115249 0.001974
470.629047 430 0.048224 0.126100 0.002159
471.475821 380 0.051299 0.111437 0.001908
472.322596 355 0.053074 0.104106 0.001783
473.169370 388 0.050767 0.113783 0.001949
474.016144 372 0.051848 0.109091 0.001868
474.862918 408 0.049507 0.119648 0.002049
475.709693 367 0.052200 0.107625 0.001843
476.556467 378 0.051434 0.110850 0.001898
477.403241 354 0.053149 0.103812 0.001778
478.250015 355 0.053074 0.104106 0.001783
479.096789 386 0.050899 0.113196 0.001939
479.943564 385 0.050965 0.112903 0.001933
480.790338 345 0.053838 0.101173 0.001733
481.637112 353 0.053225 0.103519 0.001773
482.483887 334 0.054718 0.097947 0.001677
483.330661 299 0.057831 0.087683 0.001502
484.177435 365 0.052342 0.107038 0.001833
485.024209 344 0.053916 0.100880 0.001728
485.870983 328 0.055216 0.096188 0.001647
486.717758 360 0.052705 0.105572 0.001808
487.564532 330 0.055048 0.096774 0.001657
488.411306 313 0.056523 0.091789 0.001572
489.258080 348 0.053606 0.102053 0.001748
490.104854 342 0.054074 0.100293 0.001718
490.951629 331 0.054965 0.097067 0.001662
491.798403 321 0.055815 0.094135 0.001612
492.645177 329 0.055132 0.096481 0.001652
493.491951 334 0.054718 0.097947 0.001677
494.338726 335 0.054636 0.098240 0.001682
495.185500 328 0.055216 0.096188 0.001647
496.032274 309 0.056888 0.090616 0.001552
496.879048 301 0.057639 0.088270 0.001512
497.725822 280 0.059761 0.082111 0.001406
498.572597 307 0.057073 0.090029 0.001542
499.419371 325 0.055470 0.095308 0.001632
500.266145 284 0.059339 0.083284 0.001426
501.112919 309 0.056888 0.090616 0.001552
501.959694 300 0.057735 0.087977 0.001507
502.806468 296 0.058124 0.086804 0.001487
503.653242 270 0.060858 0.079179 0.001356
504.500016 313 0.056523 0.091789 0.001572
505.346790 325 0.055470 0.095308 0.001632
506.193564 290 0.058722 0.085044 0.001456
507.040339 270 0.060858 0.079179 0.001356
507.887113 300 0.057735 0.087977 0.001507
508.733887 267 0.061199 0.078299 0.001341
509.580662 280 0.059761 0.082111 0.001406
510.427436 302 0.057544 0.088563 0.001517
511.274210 272 0.060634 0.079765 0.001366
512.120984 271 0.060746 0.079472 0.001361
512.967758 233 0.065512 0.068328 0.001170
513.814532 218 0.067729 0.063930 0.001095
514.661307 260 0.062017 0.076246 0.001306
515.508081 261 0.061898 0.076540 0.001311
516.354855 266 0.061314 0.078006 0.001336
517.201629 320 0.055902 0.093842 0.001607
518.048404 256 0.062500 0.075073 0.001286
518.895178 237 0.064957 0.069501 0.001190
519.741952 263 0.061663 0.077126 0.001321
520.588726 224 0.066815 0.065689 0.001125
521.435500 207 0.069505 0.060704 0.001040
522.282275 233 0.065512 0.068328 0.001170
523.129049 252 0.062994 0.073900 0.001266
523.975823 207 0.069505 0.060704 0.001040
524.822597 225 0.066667 0.065982 0.001130
525.669372 224 0.066815 0.065689 0.001125
526.516146 224 0.066815 0.065689 0.001125
527.362920 227 0.066372 0.066569 0.001140
528.209694 238 0.064820 0.069795 0.001195
529.056468 233 0.065512 0.068328 0.001170
529.903243 194 0.071796 0.056891 0.000974
530.750017 198 0.071067 0.058065 0.000995
531.596791 234 0.065372 0.068622 0.001175
532.443565 193 0.071982 0.056598 0.000969
533.290340 212 0.068680 0.062170 0.001065
534.137114 189 0.072739 0.055425 0.000949
534.983888 226 0.066519 0.066276 0.001135
535.830662 216 0.068041 0.063343 0.001085
536.677436 191 0.072357 0.056012 0.000959
537.524211 202 0.070360 0.059238 0.001015
538.370985 206 0.069673 0.060411 0.001035
539.217759 231 0.065795 0.067742 0.001160
540.064533 243 0.064150 0.071261 0.001220
540.911308 189 0.072739 0.055425 0.000949
541.758082 172 0.076249 0.050440 0.000864
542.604856 198 0.071067 0.058065 0.000995
543.451630 178 0.074953 0.052199 0.000894
544.298404 185 0.073521 0.054252 0.000929
545.145179 214 0.068359 0.062757 0.001075
545.991953 186 0.073324 0.054545 0.000934
546.838727 174 0.075810 0.051026 0.000874
547.685501 194 0.071796 0.056891 0.000974
548.532275 210 0.069007 0.061584 0.001055
549.379050 160 0.079057 0.046921 0.000804
550.225824 177 0.075165 0.051906 0.000889
551.072598 175 0.075593 0.051320 0.000879
551.919373 207 0.069505 0.060704 0.001040
552.766147 191 0.072357 0.056012 0.000959
553.612921 140 0.084515 0.041056 0.000704
554.459695 192 0.072169 0.056305 0.000964
555.306469 182 0.074125 0.053372 0.000914
556.153243 184 0.073721 0.053959 0.000924
557.000018 153 0.080845 0.044868 0.000769
557.846792 158 0.079556 0.046334 0.000794
558.693566 144 0.083333 0.042229 0.000724
559.540340 142 0.083918 0.041642 0.000714
560.387115 177 0.075165 0.051906 0.000889
561.233889 146 0.082761 0.042815 0.000734
562.080663 160 0.079057 0.046921 0.000804
562.927437 148 0.082199 0.043402 0.000744
563.774211 167 0.077382 0.048974 0.000839
564.620986 149 0.081923 0.043695 0.000749
565.467760 141 0.084215 0.041349 0.000709
566.314534 164 0.078087 0.048094 0.000824
567.161308 128 0.088388 0.037537 0.000643
568.008083 158 0.079556 0.046334 0.000794
568.854857 157 0.079809 0.046041 0.000789
569.701631 181 0.074329 0.053079 0.000909
570.548405 168 0.077152 0.049267 0.000844
571.395179 133 0.086711 0.039003 0.000668
572.241954 141 0.084215 0.041349 0.000709
573.088728 118 0.092057 0.034604 0.000593
573.935502 138 0.085126 0.040469 0.000693
574.782276 134 0.086387 0.039296 0.000673
575.629051 146 0.082761 0.042815 0.000734
576.475825 143 0.083624 0.041935 0.000719
577.322599 117 0.092450 0.034311 0.000588
578.169373 170 0.076696 0.049853 0.000854
579.016147 140 0.084515 0.041056 0.000704
579.862922 124 0.089803 0.036364 0.000623
580.709696 136 0.085749 0.039883 0.000683
581.556470 123 0.090167 0.036070 0.000618
582.403244 138 0.085126 0.040469 0.000693
583.250019 117 0.092450 0.034311 0.000588
584.096793 137 0.085436 0.040176 0.000688
584.943567 133 0.086711 0.039003 0.000668
585.790341 135 0.086066 0.039589 0.000678
586.637115 148 0.082199 0.043402 0.000744
587.483890 120 0.091287 0.035191 0.000603
588.330664 119 0.091670 0.034897 0.000598
589.177438 108 0.096225 0.031672 0.000543
590.024212 120 0.091287 0.035191 0.000603
590.870987 138 0.085126 0.040469 0.000693
591.717761 137 0.085436 0.040176 0.000688
592.564535 103 0.098533 0.030205 0.000518
593.411309 111 0.094916 0.032551 0.000558
594.258083 148 0.082199 0.043402 0.000744
595.104858 107 0.096674 0.031378 0.000538
595.951632 130 0.087706 0.038123 0.000653
596.798406 124 0.089803 0.036364 0.000623
597.645180 113 0.094072 0.033138 0.000568
598.491955 119 0.091670 0.034897 0.000598
599.338729 145 0.083045 0.042522 0.000729
600.185503 133 0.086711 0.039003 0.000668
601.032277 131 0.087370 0.038416 0.000658
601.879051 107 0.096674 0.031378 0.000538
602.725826 98 0.101015 0.028739 0.000493
603.572600 103 0.098533 0.030205 0.000518
604.419374 111 0.094916 0.032551 0.000558
605.266148 102 0.099015 0.029912 0.000513
606.112922 115 0.093250 0.033724 0.000578
606.959697 101 0.099504 0.029619 0.000508
607.806471 94 0.103142 0.027566 0.000473
608.653245 107 0.096674 0.031378 0.000538
609.500020 98 0.101015 0.028739 0.000493
610.346794 105 0.097590 0.030792 0.000528
611.193568 92 0.104257 0.026979 0.000463
612.040342 101 0.099504 0.029619 0.000508
612.887116 104 0.098058 0.030499 0.000523
613.733890 100 0.100000 0.029326 0.000503
614.580665 81 0.111111 0.023754 0.000408
615.427439 76 0.114708 0.022287 0.000383
616.274213 101 0.099504 0.029619 0.000508
617.120987 90 0.105409 0.026393 0.000453
617.967762 91 0.104828 0.026686 0.000458
618.814536 94 0.103142 0.027566 0.000473
619.661310 81 0.111111 0.023754 0.000408
620.508084 93 0.103695 0.027273 0.000468
621.354858 89 0.106000 0.026100 0.000448
622.201633 100 0.100000 0.029326 0.000503
623.048407 87 0.107211 0.025513 0.000438
623.895181 91 0.104828 0.026686 0.000458
624.741955 88 0.106600 0.025806 0.000443
625.588730 75 0.115470 0.021994 0.000378
626.435504 83 0.109764 0.024340 0.000418
627.282278 98 0.101015 0.028739 0.000493
628.129052 56 0.133631 0.016422 0.000284
628.975826 59 0.130189 0.017302 0.000299
629.822601 86 0.107833 0.025220 0.000433
630.669375 72 0.117851 0.021114 0.000363
631.516149 107 0.096674 0.031378 0.000538
632.362923 102 0.099015 0.029912 0.000513
633.209698 70 0.119523 0.020528 0.000353
634.056472 66 0.123091 0.019355 0.000333
634.903246 83 0.109764 0.024340 0.000418
635.750020 62 0.127000 0.018182 0.000314
636.596794 69 0.120386 0.020235 0.000348
637.443569 66 0.123091 0.019355 0.000333
638.290343 71 0.118678 0.020821 0.000358
639.137117 57 0.132453 0.016716 0.000289
639.983891 63 0.125988 0.018475 0.000319
640.830666 65 0.124035 0.019062 0.000328
641.677440 54 0.136083 0.015836 0.000274
642.524214 70 0.119523 0.020528 0.000353
643.370988 79 0.112509 0.023167 0.000398
644.217762 80 0.111803 0.023460 0.000403
645.064537 56 0.133631 0.016422 0.000284
645.911311 79 0.112509 0.023167 0.000398
646.758085 79 0.112509 0.023167 0.000398
647.604859 68 0.121268 0.019941 0.000343
648.451634 54 0.136083 0.015836 0.000274
649.298408 61 0.128037 0.017889 0.000309
650.145182 52 0.138675 0.015249 0.000264
650.991956 92 0.104257 0.026979 0.000463
651.838730 52 0.138675 0.015249 0.000264
652.685505 66 0.123091 0.019355 0.000333
653.532279 62 0.127000 0.018182 0.000314
654.379053 84 0.109109 0.024633 0.000423
655.225827 53 0.137361 0.015543 0.000269
656.072602 60 0.129099 0.017595 0.000304
656.919376 43 0.152499 0.012610 0.000221
657.766150 81 0.111111 0.023754 0.000408
658.612924 59 0.130189 0.017302 0.000299
659.459698 59 0.130189 0.017302 0.000299
660.306473 68 0.121268 0.019941 0.000343
661.153247 59 0.130189 0.017302 0.000299
662.000021 62 0.127000 0.018182 0.000314
662.846795 70 0.119523 0.020528 0.000353
663.693569 59 0.130189 0.017302 0.000299
664.540344 48 0.144338 0.014076 0.000245
665.387118 65 0.124035 0.019062 0.000328
666.233892 53 0.137361 0.015543 0.000269
667.080667 54 0.136083 0.015836 0.000274
667.927441 63 0.125988 0.018475 0.000319
668.774215 62 0.127000 0.018182 0.000314
669.620989 48 0.144338 0.014076 0.000245
670.467763 50 0.141421 0.014663 0.000254
671.314537 56 0.133631 0.016422 0.000284
672.161312 64 0.125000 0.018768 0.000323
673.008086 66 0.123091 0.019355 0.000333
673.854860 68 0.121268 0.019941 0.000343
674.701634 65 0.124035 0.019062 0.000328
675.548409 59 0.130189 0.017302 0.000299
676.395183 40 0.158114 0.011730 0.000206
677.241957 56 0.133631 0.016422 0.000284
678.088731 56 0.133631 0.016422 0.000284
678.935505 63 0.125988 0.018475 0.000319
679.782280 46 0.147442 0.013490 0.000235
680.629054 62 0.127000 0.018182 0.000314
681.475828 57 0.132453 0.016716 0.000289
682.322602 33 0.174078 0.009677 0.000173
683.169377 62 0.127000 0.018182 0.000314
684.016151 45 0.149071 0.013196 0.000230
684.862925 42 0.154303 0.012317 0.000216
685.709699 69 0.120386 0.020235 0.000348
686.556473 53 0.137361 0.015543 0.000269
687.403248 40 0.158114 0.011730 0.000206
688.250022 54 0.136083 0.015836 0.000274
689.096796 33 0.174078 0.009677 0.000173
689.943570 49 0.142857 0.014370 0.000250
690.790345 68 0.121268 0.019941 0.000343
691.637119 44 0.150756 0.012903 0.000225
692.483893 53 0.137361 0.015543 0.000269
693.330667 54 0.136083 0.015836 0.000274
694.177441 50 0.141421 0.014663 0.000254
695.024216 52 0.138675 0.015249 0.000264
695.870990 56 0.133631 0.016422 0.000284
696.717764 56 0.133631 0.016422 0.000284
697.564538 42 0.154303 0.012317 0.000216
698.411313 49 0.142857 0.014370 0.000250
699.258087 35 0.169031 0.010264 0.000183
700.104861 61 0.128037 0.017889 0.000309
700.951635 60 0.129099 0.017595 0.000304
701.798409 38 0.162221 0.011144 0.000197
702.645184 38 0.162221 0.011144 0.000197
703.491958 58 0.131306 0.017009 0.000294
704.338732 47 0.145865 0.013783 0.000240
705.185506 38 0.162221 0.011144 0.000197
706.032281 57 0.132453 0.016716 0.000289
706.879055 39 0.160128 0.011437 0.000201
707.725829 47 0.145865 0.013783 0.000240
708.572603 54 0.136083 0.015836 0.000274
709.419377 34 0.171499 0.009971 0.000178
710.266152 49 0.142857 0.014370 0.000250
711.112926 48 0.144338 0.014076 0.000245
711.959700 42 0.154303 0.012317 0.000216
712.806474 52 0.138675 0.015249 0.000264
713.653249 35 0.169031 0.010264 0.000183
714.500023 52 0.138675 0.015249 0.000264
715.346797 45 0.149071 0.013196 0.000230
716.193571 45 0.149071 0.013196 0.000230
717.040345 35 0.169031 0.010264 0.000183
717.887120 25 0.200000 0.007331 0.000139
718.733894 44 0.150756 0.012903 0.000225
719.580668 39 0.160128 0.011437 0.000201
720.427442 39 0.160128 0.011437 0.000201
721.274216 19 0.229416 0.005572 0.000117
722.120991 36 0.166667 0.010557 0.000187
722.967765 47 0.145865 0.013783 0.000240
723.814539 31 0.179605 0.009091 0.000164
724.661314 51 0.140028 0.014956 0.000259
725.508088 34 0.171499 0.009971 0.000178
726.354862 32 0.176777 0.009384 0.000169
727.201636 44 0.150756 0.012903 0.000225
728.048410 38 0.162221 0.011144 0.000197
728.895184 56 0.133631 0.016422 0.000284
729.741959 43 0.152499 0.012610 0.000221
730.588733 37 0.164399 0.010850 0.000192
731.435507 28 0.188982 0.008211 0.000151
732.282281 33 0.174078 0.009677 0.000173
733.129056 50 0.141421 0.014663 0.000254
733.975830 42 0.154303 0.012317 0.000216
734.822604 48 0.144338 0.014076 0.000245
735.669378 35 0.169031 0.010264 0.000183
736.516152 32 0.176777 0.009384 0.000169
737.362927 21 0.218218 0.006158 0.000123
738.209701 37 0.164399 0.010850 0.000192
739.056475 35 0.169031 0.010264 0.000183
739.903249 38 0.162221 0.011144 0.000197
740.750024 42 0.154303 0.012317 0.000216
741.596798 25 0.200000 0.007331 0.000139
742.443572 35 0.169031 0.010264 0.000183
743.290346 40 0.158114 0.011730 0.000206
744.137120 28 0.188982 0.008211 0.000151
744.983895 39 0.160128 0.011437 0.000201
745.830669 42 0.154303 0.012317 0.000216
746.677443 35 0.169031 0.010264 0.000183
747.524217 42 0.154303 0.012317 0.000216
748.370992 39 0.160128 0.011437 0.000201
749.217766 22 0.213201 0.006452 0.000127
750.064540 35 0.169031 0.010264 0.000183
750.911314 36 0.166667 0.010557 0.000187
751.758088 12 0.288675 0.003519 0.000104
752.604863 38 0.162221 0.011144 0.000197
753.451637 28 0.188982 0.008211 0.000151
754.298411 33 0.174078 0.009677 0.000173
755.145185 39 0.160128 0.011437 0.000201
755.991960 36 0.166667 0.010557 0.000187
756.838734 30 0.182574 0.008798 0.000160
757.685508 33 0.174078 0.009677 0.000173
758.532282 23 0.208514 0.006745 0.000131
759.379056 30 0.182574 0.008798 0.000160
760.225831 32 0.176777 0.009384 0.000169
761.072605 36 0.166667 0.010557 0.000187
761.919379 35 0.169031 0.010264 0.000183
762.766153 30 0.182574 0.008798 0.000160
763.612927 32 0.176777 0.009384 0.000169
764.459702 24 0.204124 0.007038 0.000135
765.306476 39 0.160128 0.011437 0.000201
766.153250 33 0.174078 0.009677 0.000173
767.000024 30 0.182574 0.008798 0.000160
767.846799 31 0.179605 0.009091 0.000164
768.693573 23 0.208514 0.006745 0.000131
769.540347 24 0.204124 0.007038 0.000135
770.387121 29 0.185695 0.008504 0.000155
771.233896 30 0.182574 0.008798 0.000160
772.080670 31 0.179605 0.009091 0.000164
772.927444 39 0.160128 0.011437 0.000201
773.774218 36 0.166667 0.010557 0.000187
774.620992 29 0.185695 0.008504 0.000155
775.467767 48 0.144338 0.014076 0.000245
776.314541 42 0.154303 0.012317 0.000216
777.161315 32 0.176777 0.009384 0.000169
778.008089 31 0.179605 0.009091 0.000164
778.854863 36 0.166667 0.010557 0.000187
779.701638 22 0.213201 0.006452 0.000127
780.548412 42 0.154303 0.012317 0.000216
781.395186 34 0.171499 0.009971 0.000178
782.241961 35 0.169031 0.010264 0.000183
783.088735 18 0.235702 0.005279 0.000114
783.935509 49 0.142857 0.014370 0.000250
784.782283 31 0.179605 0.009091 0.000164
785.629057 21 0.218218 0.006158 0.000123
786.475831 26 0.196116 0.007625 0.000143
787.322606 27 0.192450 0.007918 0.000147
788.169380 25 0.200000 0.007331 0.000139
789.016154 27 0.192450 0.007918 0.000147
789.862928 30 0.182574 0.008798 0.000160
790.709703 38 0.162221 0.011144 0.000197
791.556477 35 0.169031 0.010264 0.000183
792.403251 33 0.174078 0.009677 0.000173
793.250025 37 0.164399 0.010850 0.000192
794.096799 18 0.235702 0.005279 0.000114
794.943574 34 0.171499 0.009971 0.000178
795.790348 34 0.171499 0.009971 0.000178
796.637122 30 0.182574 0.008798 0.000160
797.483896 28 0.188982 0.008211 0.000151
798.330671 37 0.164399 0.010850 0.000192
799.177445 32 0.176777 0.009384 0.000169
800.024219 8 0.353553 0.002346 0.000111
800.870993 29 0.185695 0.008504 0.000155
801.717767 27 0.192450 0.007918 0.000147
802.564542 22 0.213201 0.006452 0.000127
803.411316 22 0.213201 0.006452 0.000127
804.258090 18 0.235702 0.005279 0.000114
805.104864 13 0.277350 0.003812 0.000104
805.951639 35 0.169031 0.010264 0.000183
806.798413 29 0.185695 0.008504 0.000155
807.645187 31 0.179605 0.009091 0.000164
808.491961 25 0.200000 0.007331 0.000139
809.338735 33 0.174078 0.009677 0.000173
810.185510 25 0.200000 0.007331 0.000139
811.032284 29 0.185695 0.008504 0.000155
811.879058 17 0.242536 0.004985 0.000111
812.725832 33 0.174078 0.009677 0.000173
813.572607 35 0.169031 0.010264 0.000183
814.419381 30 0.182574 0.008798 0.000160
815.266155 20 0.223607 0.005865 0.000120
816.112929 15 0.258199 0.004399 0.000107
816.959703 30 0.182574 0.008798 0.000160
817.806478 37 0.164399 0.010850 0.000192
818.653252 28 0.188982 0.008211 0.000151
819.500026 27 0.192450 0.007918 0.000147
820.346800 43 0.152499 0.012610 0.000221
821.193574 30 0.182574 0.008798 0.000160
822.040349 26 0.196116 0.007625 0.000143
822.887123 30 0.182574 0.008798 0.000160
823.733897 20 0.223607 0.005865 0.000120
824.580671 23 0.208514 0.006745 0.000131
825.427446 31 0.179605 0.009091 0.000164
826.274220 30 0.182574 0.008798 0.000160
827.120994 31 0.179605 0.009091 0.000164
827.967768 39 0.160128 0.011437 0.000201
828.814543 31 0.179605 0.009091 0.000164
829.661317 36 0.166667 0.010557 0.000187
830.508091 28 0.188982 0.008211 0.000151
831.354865 20 0.223607 0.005865 0.000120
832.201639 23 0.208514 0.006745 0.000131
833.048414 44 0.150756 0.012903 0.000225
833.895188 26 0.196116 0.007625 0.000143
834.741962 28 0.188982 0.008211 0.000151
835.588736 13 0.277350 0.003812 0.000104
836.435510 17 0.242536 0.004985 0.000111
837.282285 27 0.192450 0.007918 0.000147
838.129059 27 0.192450 0.007918 0.000147
838.975833 26 0.196116 0.007625 0.000143
839.822608 30 0.182574 0.008798 0.000160
840.669382 29 0.185695 0.008504 0.000155
841.516156 30 0.182574 0.008798 0.000160
842.362930 25 0.200000 0.007331 0.000139
843.209704 31 0.179605 0.009091 0.000164
844.056478 28 0.188982 0.008211 0.000151
844.903253 32 0.176777 0.009384 0.000169
845.750027 24 0.204124 0.007038 0.000135
846.596801 20 0.223607 0.005865 0.000120
847.443575 27 0.192450 0.007918 0.000147
848.290350 30 0.182574 0.008798 0.000160
849.137124 17 0.242536 0.004985 0.000111
849.983898 29 0.185695 0.008504 0.000155
850.830672 24 0.204124 0.007038 0.000135
851.677446 23 0.208514 0.006745 0.000131
852.524221 19 0.229416 0.005572 0.000117
853.370995 26 0.196116 0.007625 0.000143
854.217769 16 0.250000 0.004692 0.000109
855.064543 26 0.196116 0.007625 0.000143
855.911318 21 0.218218 0.006158 0.000123
856.758092 28 0.188982 0.008211 0.000151
857.604866 27 0.192450 0.007918 0.000147
858.451640 20 0.223607 0.005865 0.000120
859.298414 21 0.218218 0.006158 0.000123
860.145189 28 0.188982 0.008211 0.000151
860.991963 29 0.185695 0.008504 0.000155
861.838737 23 0.208514 0.006745 0.000131
862.685511 24 0.204124 0.007038 0.000135
863.532286 30 0.182574 0.008798 0.000160
864.379060 30 0.182574 0.008798 0.000160
865.225834 22 0.213201 0.006452 0.000127
866.072608 29 0.185695 0.008504 0.000155
866.919382 32 0.176777 0.009384 0.000169
867.766157 27 0.192450 0.007918 0.000147
