# 54Mn 2719 3410 0.8467740000000001 0.019177650348633602 58.39520528262573
1.516129 0 0.000000 0.000000 0.000000
2.362903 1 1.000000 0.000293 0.000293
3.209678 0 0.000000 0.000000 0.000000
4.056452 0 0.000000 0.000000 0.000000
4.903226 0 0.000000 0.000000 0.000000
5.750000 1 1.000000 0.000293 0.000293
6.596775 0 0.000000 0.000000 0.000000
7.443549 0 0.000000 0.000000 0.000000
8.290323 0 0.000000 0.000000 0.000000
9.137097 0 0.000000 0.000000 0.000000
9.983871 2 0.707107 0.000587 0.000208
10.830646 3 0.577350 0.000880 0.000170
11.677420 15 0.258199 0.004399 0.000107
12.524194 19 0.229416 0.005572 0.000117
13.370968 25 0.200000 0.007331 0.000139
14.217742 59 0.130189 0.017302 0.000299
15.064517 110 0.095346 0.032258 0.000553
15.911291 244 0.064018 0.071554 0.001225
16.758065 481 0.045596 0.141056 0.002416
17.604839 860 0.034100 0.252199 0.004319
18.451613 1131 0.029735 0.331672 0.005680
19.298388 1445 0.026307 0.423754 0.007257
20.145162 1678 0.024412 0.492082 0.008427
20.991936 1641 0.024686 0.481232 0.008241
21.838710 1724 0.024084 0.505572 0.008658
22.685485 1688 0.024340 0.495015 0.008477
23.532259 1698 0.024268 0.497947 0.008527
24.379033 1724 0.024084 0.505572 0.008658
25.225807 1717 0.024133 0.503519 0.008623
26.072581 1729 0.024049 0.507038 0.008683
26.919356 1616 0.024876 0.473900 0.008115
27.766130 1668 0.024485 0.489150 0.008377
28.612904 1678 0.024412 0.492082 0.008427
29.459678 1683 0.024376 0.493548 0.008452
30.306453 1766 0.023796 0.517889 0.008869
31.153227 1771 0.023762 0.519355 0.008894
32.000001 1780 0.023702 0.521994 0.008939
32.846775 1702 0.024239 0.499120 0.008547
33.693550 1774 0.023742 0.520235 0.008909
34.540324 1813 0.023486 0.531672 0.009105
35.387098 1759 0.023843 0.515836 0.008834
36.233872 1788 0.023649 0.524340 0.008979
37.080647 1812 0.023492 0.531378 0.009100
37.927421 1870 0.023125 0.548387 0.009391
38.774195 1808 0.023518 0.530205 0.009080
39.620969 1844 0.023287 0.540762 0.009260
40.467743 1917 0.022840 0.562170 0.009627
41.314518 1931 0.022757 0.566276 0.009697
42.161292 1896 0.022966 0.556012 0.009522
43.008066 1989 0.022422 0.583284 0.009989
43.854840 1929 0.022768 0.565689 0.009687
44.701615 1930 0.022763 0.565982 0.009692
45.548389 1911 0.022875 0.560411 0.009597
46.395163 2050 0.022086 0.601173 0.010295
47.241937 1948 0.022657 0.571261 0.009783
48.088711 1995 0.022389 0.585044 0.010019
48.935485 2012 0.022294 0.590029 0.010104
49.782260 1962 0.022576 0.575367 0.009853
50.629034 2064 0.022011 0.605279 0.010365
51.475808 2012 0.022294 0.590029 0.010104
52.322582 2012 0.022294 0.590029 0.010104
53.169357 2076 0.021948 0.608798 0.010425
54.016131 2102 0.021811 0.616422 0.010556
54.862905 2114 0.021749 0.619941 0.010616
55.709679 2138 0.021627 0.626979 0.010737
56.556454 2076 0.021948 0.608798 0.010425
57.403228 2315 0.020784 0.678886 0.011626
58.250002 2258 0.021044 0.662170 0.011339
59.096776 2281 0.020938 0.668915 0.011455
59.943551 2208 0.021281 0.647507 0.011088
60.790325 2328 0.020726 0.682698 0.011691
61.637099 2373 0.020528 0.695894 0.011917
62.483873 2328 0.020726 0.682698 0.011691
63.330647 2402 0.020404 0.704399 0.012063
64.177421 2403 0.020400 0.704692 0.012068
65.024196 2470 0.020121 0.724340 0.012404
65.870970 2327 0.020730 0.682405 0.011686
66.717744 2560 0.019764 0.750733 0.012856
67.564518 2615 0.019555 0.766862 0.013132
68.411293 2610 0.019574 0.765396 0.013107
69.258067 2539 0.019846 0.744575 0.012751
70.104841 2560 0.019764 0.750733 0.012856
70.951615 2585 0.019668 0.758065 0.012982
71.798389 2631 0.019496 0.771554 0.013213
72.645164 2594 0.019634 0.760704 0.013027
73.491938 2617 0.019548 0.767449 0.013142
74.338712 2593 0.019638 0.760411 0.013022
75.185486 2662 0.019382 0.780645 0.013368
76.032260 2640 0.019462 0.774194 0.013258
76.879035 2592 0.019642 0.760117 0.013017
77.725809 2719 0.019178 0.797361 0.013655
78.572583 2602 0.019604 0.763050 0.013067
79.419357 2654 0.019411 0.778299 0.013328
80.266132 2632 0.019492 0.771848 0.013218
81.112906 2609 0.019578 0.765103 0.013102
81.959680 2679 0.019320 0.785630 0.013454
82.806454 2617 0.019548 0.767449 0.013142
83.653228 2547 0.019815 0.746921 0.012791
84.500003 2650 0.019426 0.777126 0.013308
85.346777 2559 0.019768 0.750440 0.012851
86.193551 2529 0.019885 0.741642 0.012700
87.040325 2589 0.019653 0.759238 0.013002
87.887100 2614 0.019559 0.766569 0.013127
88.733874 2412 0.020362 0.707331 0.012113
89.580648 2463 0.020150 0.722287 0.012369
90.427422 2504 0.019984 0.734311 0.012575
91.274196 2409 0.020374 0.706452 0.012098
92.120971 2470 0.020121 0.724340 0.012404
92.967745 2455 0.020182 0.719941 0.012329
93.814519 2429 0.020290 0.712317 0.012198
94.661293 2353 0.020615 0.690029 0.011817
95.508068 2368 0.020550 0.694428 0.011892
96.354842 2354 0.020611 0.690323 0.011822
97.201616 2338 0.020681 0.685630 0.011741
98.048390 2328 0.020726 0.682698 0.011691
98.895164 2267 0.021003 0.664809 0.011385
99.741939 2181 0.021413 0.639589 0.010953
100.588713 2163 0.021502 0.634311 0.010862
101.435487 2187 0.021383 0.641349 0.010983
102.282262 2150 0.021567 0.630499 0.010797
103.129036 2303 0.020838 0.675367 0.011565
103.975810 2157 0.021532 0.632551 0.010832
104.822584 2140 0.021617 0.627566 0.010747
105.669358 2064 0.022011 0.605279 0.010365
106.516132 2096 0.021843 0.614663 0.010526
107.362907 2035 0.022168 0.596774 0.010220
108.209681 1940 0.022704 0.568915 0.009742
109.056455 2108 0.021780 0.618182 0.010586
109.903229 1981 0.022468 0.580938 0.009948
110.750004 1953 0.022628 0.572727 0.009808
111.596778 1938 0.022716 0.568328 0.009732
112.443552 1950 0.022646 0.571848 0.009793
113.290326 2011 0.022299 0.589736 0.010099
114.137101 1891 0.022996 0.554545 0.009496
114.983875 1869 0.023131 0.548094 0.009386
115.830649 1853 0.023231 0.543402 0.009306
116.677423 1825 0.023408 0.535191 0.009165
117.524197 1767 0.023789 0.518182 0.008874
118.370972 1855 0.023218 0.543988 0.009316
119.217746 1880 0.023063 0.551320 0.009441
120.064520 1710 0.024183 0.501466 0.008587
120.911294 1770 0.023769 0.519062 0.008889
121.758068 1734 0.024015 0.508504 0.008708
122.604843 1794 0.023610 0.526100 0.009009
123.451617 1733 0.024022 0.508211 0.008703
124.298391 1713 0.024161 0.502346 0.008603
125.145165 1672 0.024456 0.490323 0.008397
125.991940 1650 0.024618 0.483871 0.008286
126.838714 1705 0.024218 0.500000 0.008562
127.685488 1690 0.024325 0.495601 0.008487
128.532262 1670 0.024470 0.489736 0.008387
129.379037 1595 0.025039 0.467742 0.008010
130.225811 1624 0.024815 0.476246 0.008156
131.072585 1614 0.024891 0.473314 0.008105
131.919359 1600 0.025000 0.469208 0.008035
132.766133 1580 0.025158 0.463343 0.007935
133.612908 1493 0.025880 0.437830 0.007498
134.459682 1611 0.024915 0.472434 0.008090
135.306456 1575 0.025198 0.461877 0.007910
136.153230 1475 0.026038 0.432551 0.007407
137.000004 1591 0.025071 0.466569 0.007990
137.846779 1589 0.025086 0.465982 0.007980
138.693553 1539 0.025491 0.451320 0.007729
139.540327 1485 0.025950 0.435484 0.007458
140.387101 1480 0.025994 0.434018 0.007432
141.233876 1463 0.026144 0.429032 0.007347
142.080650 1472 0.026064 0.431672 0.007392
142.927424 1477 0.026020 0.433138 0.007417
143.774198 1486 0.025941 0.435777 0.007463
144.620972 1425 0.026491 0.417889 0.007156
145.467747 1518 0.025666 0.445161 0.007623
146.314521 1518 0.025666 0.445161 0.007623
147.161295 1479 0.026003 0.433724 0.007427
148.008069 1478 0.026011 0.433431 0.007422
148.854844 1524 0.025616 0.446921 0.007653
149.701618 1424 0.026500 0.417595 0.007151
150.548392 1412 0.026612 0.414076 0.007091
151.395166 1453 0.026234 0.426100 0.007297
152.241940 1403 0.026698 0.411437 0.007046
153.088715 1457 0.026198 0.427273 0.007317
153.935489 1374 0.026978 0.402933 0.006900
154.782263 1498 0.025837 0.439296 0.007523
155.629037 1417 0.026565 0.415543 0.007116
156.475812 1430 0.026444 0.419355 0.007181
157.322586 1420 0.026537 0.416422 0.007131
158.169360 1370 0.027017 0.401760 0.006880
159.016134 1390 0.026822 0.407625 0.006980
159.862909 1412 0.026612 0.414076 0.007091
160.709683 1438 0.026371 0.421701 0.007222
161.556457 1377 0.026948 0.403812 0.006915
162.403231 1425 0.026491 0.417889 0.007156
163.250005 1329 0.027431 0.389736 0.006674
164.096780 1308 0.027650 0.383578 0.006569
164.943554 1390 0.026822 0.407625 0.006980
165.790328 1353 0.027186 0.396774 0.006795
166.637102 1359 0.027126 0.398534 0.006825
167.483877 1393 0.026793 0.408504 0.006996
168.330651 1314 0.027587 0.385337 0.006599
169.177425 1322 0.027503 0.387683 0.006639
170.024199 1331 0.027410 0.390323 0.006684
170.870973 1417 0.026565 0.415543 0.007116
171.717748 1322 0.027503 0.387683 0.006639
172.564522 1308 0.027650 0.383578 0.006569
173.411296 1325 0.027472 0.388563 0.006654
174.258070 1296 0.027778 0.380059 0.006508
175.104844 1351 0.027206 0.396188 0.006785
175.951618 1306 0.027671 0.382991 0.006559
176.798393 1320 0.027524 0.387097 0.006629
177.645167 1334 0.027379 0.391202 0.006699
178.491941 1411 0.026622 0.413783 0.007086
179.338716 1336 0.027359 0.391789 0.006709
180.185490 1299 0.027746 0.380938 0.006523
181.032264 1325 0.027472 0.388563 0.006654
181.879038 1335 0.027369 0.391496 0.006704
182.725812 1363 0.027086 0.399707 0.006845
183.572586 1317 0.027555 0.386217 0.006614
184.419361 1311 0.027618 0.384457 0.006584
185.266135 1337 0.027349 0.392082 0.006714
186.112909 1339 0.027328 0.392669 0.006724
186.959684 1326 0.027462 0.388856 0.006659
187.806458 1273 0.028028 0.373314 0.006393
188.653232 1339 0.027328 0.392669 0.006724
189.500006 1350 0.027217 0.395894 0.006780
190.346780 1259 0.028183 0.369208 0.006323
191.193555 1306 0.027671 0.382991 0.006559
192.040329 1296 0.027778 0.380059 0.006508
192.887103 1312 0.027608 0.384751 0.006589
193.733877 1267 0.028094 0.371554 0.006363
194.580651 1372 0.026997 0.402346 0.006890
195.427426 1452 0.026243 0.425806 0.007292
196.274200 1360 0.027116 0.398827 0.006830
197.120974 1285 0.027896 0.376833 0.006453
197.967748 1325 0.027472 0.388563 0.006654
198.814523 1425 0.026491 0.417889 0.007156
199.661297 1291 0.027832 0.378592 0.006483
200.508071 1285 0.027896 0.376833 0.006453
201.354845 1306 0.027671 0.382991 0.006559
202.201619 1335 0.027369 0.391496 0.006704
203.048394 1392 0.026803 0.408211 0.006990
203.895168 1316 0.027566 0.385924 0.006609
204.741942 1363 0.027086 0.399707 0.006845
205.588716 1295 0.027789 0.379765 0.006503
206.435491 1384 0.026880 0.405865 0.006950
207.282265 1311 0.027618 0.384457 0.006584
208.129039 1377 0.026948 0.403812 0.006915
208.975813 1286 0.027886 0.377126 0.006458
209.822587 1345 0.027267 0.394428 0.006754
210.669362 1319 0.027535 0.386804 0.006624
211.516136 1339 0.027328 0.392669 0.006724
212.362910 1319 0.027535 0.386804 0.006624
213.209684 1294 0.027799 0.379472 0.006498
214.056459 1410 0.026631 0.413490 0.007081
214.903233 1381 0.026909 0.404985 0.006935
215.750007 1302 0.027714 0.381818 0.006539
216.596781 1232 0.028490 0.361290 0.006187
217.443556 1336 0.027359 0.391789 0.006709
218.290330 1392 0.026803 0.408211 0.006990
219.137104 1400 0.026726 0.410557 0.007031
219.983878 1311 0.027618 0.384457 0.006584
220.830652 1253 0.028250 0.367449 0.006292
221.677427 1379 0.026929 0.404399 0.006925
222.524201 1323 0.027493 0.387977 0.006644
223.370975 1333 0.027390 0.390909 0.006694
224.217749 1319 0.027535 0.386804 0.006624
225.064524 1245 0.028341 0.365103 0.006252
225.911298 1364 0.027077 0.400000 0.006850
226.758072 1330 0.027420 0.390029 0.006679
227.604846 1295 0.027789 0.379765 0.006503
228.451620 1291 0.027832 0.378592 0.006483
229.298395 1227 0.028548 0.359824 0.006162
230.145169 1334 0.027379 0.391202 0.006699
230.991943 1204 0.028820 0.353079 0.006046
231.838717 1298 0.027756 0.380645 0.006518
232.685491 1279 0.027962 0.375073 0.006423
233.532265 1181 0.029099 0.346334 0.005931
234.379040 1285 0.027896 0.376833 0.006453
235.225814 1281 0.027940 0.375660 0.006433
236.072588 1259 0.028183 0.369208 0.006323
236.919363 1179 0.029123 0.345748 0.005921
237.766137 1101 0.030137 0.322874 0.005529
238.612911 1157 0.029399 0.339296 0.005810
239.459685 1162 0.029336 0.340762 0.005835
240.306459 1151 0.029476 0.337537 0.005780
241.153233 1199 0.028880 0.351613 0.006021
242.000008 1156 0.029412 0.339003 0.005805
242.846782 1187 0.029025 0.348094 0.005961
243.693556 1147 0.029527 0.336364 0.005760
244.540331 1042 0.030979 0.305572 0.005233
245.387105 1054 0.030802 0.309091 0.005293
246.233879 1040 0.031009 0.304985 0.005223
247.080653 1021 0.031296 0.299413 0.005127
247.927427 1092 0.030261 0.320235 0.005484
248.774202 1034 0.031099 0.303226 0.005193
249.620976 1054 0.030802 0.309091 0.005293
250.467750 959 0.032292 0.281232 0.004816
251.314524 1016 0.031373 0.297947 0.005102
252.161298 1008 0.031497 0.295601 0.005062
253.008073 995 0.031702 0.291789 0.004997
253.854847 998 0.031654 0.292669 0.005012
254.701621 1011 0.031450 0.296481 0.005077
255.548395 926 0.032862 0.271554 0.004650
256.395170 920 0.032969 0.269795 0.004620
257.241944 929 0.032809 0.272434 0.004665
258.088718 897 0.033389 0.263050 0.004505
258.935492 1024 0.031250 0.300293 0.005142
259.782266 905 0.033241 0.265396 0.004545
260.629041 845 0.034401 0.247801 0.004244
261.475815 843 0.034442 0.247214 0.004233
262.322589 895 0.033426 0.262463 0.004495
263.169363 871 0.033884 0.255425 0.004374
264.016138 824 0.034837 0.241642 0.004138
264.862912 832 0.034669 0.243988 0.004178
265.709686 801 0.035333 0.234897 0.004023
266.556460 828 0.034752 0.242815 0.004158
267.403234 834 0.034627 0.244575 0.004188
268.250009 890 0.033520 0.260997 0.004470
269.096783 803 0.035289 0.235484 0.004033
269.943557 772 0.035991 0.226393 0.003877
270.790331 782 0.035760 0.229326 0.003927
271.637106 812 0.035093 0.238123 0.004078
272.483880 847 0.034360 0.248387 0.004254
273.330654 791 0.035556 0.231965 0.003972
274.177428 787 0.035646 0.230792 0.003952
275.024203 809 0.035158 0.237243 0.004063
275.870977 836 0.034586 0.245161 0.004198
276.717751 784 0.035714 0.229912 0.003937
277.564525 798 0.035400 0.234018 0.004007
278.411299 826 0.034794 0.242229 0.004148
279.258074 762 0.036226 0.223460 0.003827
280.104848 811 0.035115 0.237830 0.004073
280.951622 784 0.035714 0.229912 0.003937
281.798396 848 0.034340 0.248680 0.004259
282.645170 755 0.036394 0.221408 0.003792
283.491945 819 0.034943 0.240176 0.004113
284.338719 820 0.034922 0.240469 0.004118
285.185493 881 0.033691 0.258358 0.004424
286.032267 844 0.034421 0.247507 0.004238
286.879041 870 0.033903 0.255132 0.004369
287.725816 945 0.032530 0.277126 0.004746
288.572590 966 0.032174 0.283284 0.004851
289.419364 858 0.034139 0.251613 0.004309
290.266138 915 0.033059 0.268328 0.004595
291.112912 993 0.031734 0.291202 0.004987
291.959687 939 0.032634 0.275367 0.004716
292.806461 913 0.033095 0.267742 0.004585
293.653235 984 0.031879 0.288563 0.004942
294.500010 930 0.032791 0.272727 0.004670
295.346784 944 0.032547 0.276833 0.004741
296.193558 1011 0.031450 0.296481 0.005077
297.040332 1011 0.031450 0.296481 0.005077
297.887106 1063 0.030671 0.311730 0.005338
298.733880 963 0.032225 0.282405 0.004836
299.580655 1104 0.030096 0.323754 0.005544
300.427429 1043 0.030964 0.305865 0.005238
301.274203 1131 0.029735 0.331672 0.005680
302.120977 1214 0.028701 0.356012 0.006097
302.967752 1078 0.030457 0.316129 0.005414
303.814526 1147 0.029527 0.336364 0.005760
304.661300 1163 0.029323 0.341056 0.005840
305.508074 1225 0.028571 0.359238 0.006152
306.354849 1153 0.029450 0.338123 0.005790
307.201623 1216 0.028677 0.356598 0.006107
308.048397 1199 0.028880 0.351613 0.006021
308.895171 1249 0.028296 0.366276 0.006272
309.741946 1139 0.029630 0.334018 0.005720
310.588720 1216 0.028677 0.356598 0.006107
311.435494 1210 0.028748 0.354839 0.006077
312.282268 1229 0.028525 0.360411 0.006172
313.129042 1193 0.028952 0.349853 0.005991
313.975817 1248 0.028307 0.365982 0.006267
314.822591 1228 0.028537 0.360117 0.006167
315.669365 1212 0.028724 0.355425 0.006087
316.516139 1181 0.029099 0.346334 0.005931
317.362913 1231 0.028502 0.360997 0.006182
318.209688 1119 0.029894 0.328152 0.005620
319.056462 1233 0.028479 0.361584 0.006192
319.903236 1171 0.029223 0.343402 0.005881
320.750010 1167 0.029273 0.342229 0.005861
321.596785 1146 0.029540 0.336070 0.005755
322.443559 1121 0.029867 0.328739 0.005630
323.290333 1157 0.029399 0.339296 0.005810
324.137107 1102 0.030124 0.323167 0.005534
324.983881 1128 0.029775 0.330792 0.005665
325.830656 1164 0.029311 0.341349 0.005846
326.677430 1141 0.029604 0.334604 0.005730
327.524204 1080 0.030429 0.316716 0.005424
328.370978 1076 0.030486 0.315543 0.005404
329.217753 1096 0.030206 0.321408 0.005504
330.064527 1083 0.030387 0.317595 0.005439
330.911301 1099 0.030165 0.322287 0.005519
331.758075 1041 0.030994 0.305279 0.005228
332.604849 968 0.032141 0.283871 0.004861
333.451623 994 0.031718 0.291496 0.004992
334.298398 1059 0.030729 0.310557 0.005318
335.145172 982 0.031911 0.287977 0.004932
335.991946 965 0.032191 0.282991 0.004846
336.838721 945 0.032530 0.277126 0.004746
337.685495 858 0.034139 0.251613 0.004309
338.532269 835 0.034606 0.244868 0.004193
339.379043 951 0.032427 0.278886 0.004776
340.225817 931 0.032774 0.273021 0.004675
341.072592 893 0.033464 0.261877 0.004485
341.919366 898 0.033370 0.263343 0.004510
342.766140 844 0.034421 0.247507 0.004238
343.612914 883 0.033653 0.258944 0.004434
344.459689 828 0.034752 0.242815 0.004158
345.306463 818 0.034964 0.239883 0.004108
346.153237 866 0.033981 0.253959 0.004349
347.000011 878 0.033748 0.257478 0.004409
347.846785 820 0.034922 0.240469 0.004118
348.693559 795 0.035466 0.233138 0.003992
349.540334 861 0.034080 0.252493 0.004324
350.387108 865 0.034001 0.253666 0.004344
351.233882 859 0.034120 0.251906 0.004314
352.080657 800 0.035355 0.234604 0.004018
352.927431 831 0.034690 0.243695 0.004173
353.774205 796 0.035444 0.233431 0.003997
354.620979 794 0.035489 0.232845 0.003987
355.467753 752 0.036466 0.220528 0.003776
356.314527 776 0.035898 0.227566 0.003897
357.161302 792 0.035533 0.232258 0.003977
358.008076 747 0.036588 0.219062 0.003751
358.854850 812 0.035093 0.238123 0.004078
359.701624 796 0.035444 0.233431 0.003997
360.548399 811 0.035115 0.237830 0.004073
361.395173 757 0.036346 0.221994 0.003802
362.241947 768 0.036084 0.225220 0.003857
363.088721 752 0.036466 0.220528 0.003776
363.935496 732 0.036961 0.214663 0.003676
364.782270 720 0.037268 0.211144 0.003616
365.629044 717 0.037346 0.210264 0.003601
366.475818 745 0.036637 0.218475 0.003741
367.322593 699 0.037823 0.204985 0.003510
368.169367 716 0.037372 0.209971 0.003596
369.016141 713 0.037450 0.209091 0.003581
369.862915 696 0.037905 0.204106 0.003495
370.709689 708 0.037582 0.207625 0.003556
371.556464 716 0.037372 0.209971 0.003596
372.403238 640 0.039528 0.187683 0.003214
373.250012 705 0.037662 0.206745 0.003540
374.096786 684 0.038236 0.200587 0.003435
374.943560 640 0.039528 0.187683 0.003214
375.790335 623 0.040064 0.182698 0.003129
376.637109 686 0.038180 0.201173 0.003445
377.483883 656 0.039043 0.192375 0.003294
378.330657 667 0.038720 0.195601 0.003350
379.177432 761 0.036250 0.223167 0.003822
380.024206 688 0.038125 0.201760 0.003455
380.870980 651 0.039193 0.190909 0.003269
381.717754 582 0.041451 0.170674 0.002923
382.564528 672 0.038576 0.197067 0.003375
383.411303 689 0.038097 0.202053 0.003460
384.258077 584 0.041380 0.171261 0.002933
385.104851 623 0.040064 0.182698 0.003129
385.951625 619 0.040193 0.181525 0.003109
386.798400 601 0.040791 0.176246 0.003018
387.645174 601 0.040791 0.176246 0.003018
388.491948 621 0.040129 0.182111 0.003119
389.338722 652 0.039163 0.191202 0.003274
390.185496 589 0.041204 0.172727 0.002958
391.032270 606 0.040622 0.177713 0.003043
391.879045 548 0.042718 0.160704 0.002752
392.725819 583 0.041416 0.170968 0.002928
393.572593 550 0.042640 0.161290 0.002762
394.419368 581 0.041487 0.170381 0.002918
395.266142 540 0.043033 0.158358 0.002712
396.112916 484 0.045455 0.141935 0.002431
396.959690 555 0.042448 0.162757 0.002787
397.806464 578 0.041595 0.169501 0.002903
398.653239 469 0.046176 0.137537 0.002355
399.500013 488 0.045268 0.143109 0.002451
400.346787 503 0.044588 0.147507 0.002526
401.193561 474 0.045932 0.139003 0.002380
402.040336 436 0.047891 0.127859 0.002190
402.887110 466 0.046324 0.136657 0.002340
403.733884 457 0.046778 0.134018 0.002295
404.580658 486 0.045361 0.142522 0.002441
405.427432 517 0.043980 0.151613 0.002596
406.274206 515 0.044065 0.151026 0.002586
407.120981 458 0.046727 0.134311 0.002300
407.967755 456 0.046829 0.133724 0.002290
408.814529 435 0.047946 0.127566 0.002185
409.661304 455 0.046881 0.133431 0.002285
410.508078 442 0.047565 0.129619 0.002220
411.354852 426 0.048450 0.124927 0.002139
412.201626 422 0.048679 0.123754 0.002119
413.048400 423 0.048622 0.124047 0.002124
413.895174 384 0.051031 0.112610 0.001928
414.741949 410 0.049386 0.120235 0.002059
415.588723 404 0.049752 0.118475 0.002029
416.435497 426 0.048450 0.124927 0.002139
417.282271 386 0.050899 0.113196 0.001939
418.129046 414 0.049147 0.121408 0.002079
418.975820 403 0.049814 0.118182 0.002024
419.822594 404 0.049752 0.118475 0.002029
420.669368 376 0.051571 0.110264 0.001888
421.516143 357 0.052926 0.104692 0.001793
422.362917 357 0.052926 0.104692 0.001793
423.209691 377 0.051503 0.110557 0.001893
424.056465 368 0.052129 0.107918 0.001848
424.903240 331 0.054965 0.097067 0.001662
425.750014 361 0.052632 0.105865 0.001813
426.596788 381 0.051232 0.111730 0.001913
427.443562 345 0.053838 0.101173 0.001733
428.290336 329 0.055132 0.096481 0.001652
429.137111 351 0.053376 0.102933 0.001763
429.983885 333 0.054800 0.097654 0.001672
430.830659 408 0.049507 0.119648 0.002049
431.677433 305 0.057260 0.089443 0.001532
432.524207 306 0.057166 0.089736 0.001537
433.370982 295 0.058222 0.086510 0.001482
434.217756 270 0.060858 0.079179 0.001356
435.064530 304 0.057354 0.089150 0.001527
435.911304 305 0.057260 0.089443 0.001532
436.758079 275 0.060302 0.080645 0.001381
437.604853 289 0.058824 0.084751 0.001451
438.451627 312 0.056614 0.091496 0.001567
439.298401 291 0.058621 0.085337 0.001461
440.145175 268 0.061085 0.078592 0.001346
440.991950 267 0.061199 0.078299 0.001341
441.838724 270 0.060858 0.079179 0.001356
442.685498 231 0.065795 0.067742 0.001160
443.532272 236 0.065094 0.069208 0.001185
444.379047 305 0.057260 0.089443 0.001532
445.225821 272 0.060634 0.079765 0.001366
446.072595 245 0.063888 0.071848 0.001231
446.919369 226 0.066519 0.066276 0.001135
447.766143 237 0.064957 0.069501 0.001190
448.612917 250 0.063246 0.073314 0.001256
449.459692 211 0.068843 0.061877 0.001060
450.306466 256 0.062500 0.075073 0.001286
451.153240 217 0.067884 0.063636 0.001090
452.000015 252 0.062994 0.073900 0.001266
452.846789 274 0.060412 0.080352 0.001376
453.693563 245 0.063888 0.071848 0.001231
454.540337 254 0.062746 0.074487 0.001276
455.387111 239 0.064685 0.070088 0.001200
456.233886 270 0.060858 0.079179 0.001356
457.080660 229 0.066082 0.067155 0.001150
457.927434 278 0.059976 0.081525 0.001396
458.774208 224 0.066815 0.065689 0.001125
459.620983 204 0.070014 0.059824 0.001025
460.467757 232 0.065653 0.068035 0.001165
461.314531 252 0.062994 0.073900 0.001266
462.161305 205 0.069843 0.060117 0.001030
463.008079 207 0.069505 0.060704 0.001040
463.854853 223 0.066965 0.065396 0.001120
464.701628 224 0.066815 0.065689 0.001125
465.548402 212 0.068680 0.062170 0.001065
466.395176 210 0.069007 0.061584 0.001055
467.241951 180 0.074536 0.052786 0.000904
468.088725 228 0.066227 0.066862 0.001145
468.935499 213 0.068519 0.062463 0.001070
469.782273 197 0.071247 0.057771 0.000990
470.629047 211 0.068843 0.061877 0.001060
471.475821 168 0.077152 0.049267 0.000844
472.322596 177 0.075165 0.051906 0.000889
473.169370 180 0.074536 0.052786 0.000904
474.016144 218 0.067729 0.063930 0.001095
474.862918 219 0.067574 0.064223 0.001100
475.709693 222 0.067116 0.065103 0.001115
476.556467 173 0.076029 0.050733 0.000869
477.403241 178 0.074953 0.052199 0.000894
478.250015 174 0.075810 0.051026 0.000874
479.096789 176 0.075378 0.051613 0.000884
479.943564 219 0.067574 0.064223 0.001100
480.790338 219 0.067574 0.064223 0.001100
481.637112 206 0.069673 0.060411 0.001035
482.483887 201 0.070535 0.058944 0.001010
483.330661 161 0.078811 0.047214 0.000809
484.177435 186 0.073324 0.054545 0.000934
485.024209 183 0.073922 0.053666 0.000919
485.870983 200 0.070711 0.058651 0.001005
486.717758 193 0.071982 0.056598 0.000969
487.564532 184 0.073721 0.053959 0.000924
488.411306 207 0.069505 0.060704 0.001040
489.258080 185 0.073521 0.054252 0.000929
490.104854 208 0.069338 0.060997 0.001045
490.951629 201 0.070535 0.058944 0.001010
491.798403 201 0.070535 0.058944 0.001010
492.645177 180 0.074536 0.052786 0.000904
493.491951 160 0.079057 0.046921 0.000804
494.338726 162 0.078567 0.047507 0.000814
495.185500 196 0.071429 0.057478 0.000985
496.032274 183 0.073922 0.053666 0.000919
496.879048 170 0.076696 0.049853 0.000854
497.725822 194 0.071796 0.056891 0.000974
498.572597 158 0.079556 0.046334 0.000794
499.419371 204 0.070014 0.059824 0.001025
500.266145 165 0.077850 0.048387 0.000829
501.112919 197 0.071247 0.057771 0.000990
501.959694 175 0.075593 0.051320 0.000879
502.806468 192 0.072169 0.056305 0.000964
503.653242 172 0.076249 0.050440 0.000864
504.500016 165 0.077850 0.048387 0.000829
505.346790 219 0.067574 0.064223 0.001100
506.193564 167 0.077382 0.048974 0.000839
507.040339 160 0.079057 0.046921 0.000804
507.887113 219 0.067574 0.064223 0.001100
508.733887 204 0.070014 0.059824 0.001025
509.580662 180 0.074536 0.052786 0.000904
510.427436 155 0.080322 0.045455 0.000779
511.274210 162 0.078567 0.047507 0.000814
512.120984 156 0.080064 0.045748 0.000784
512.967758 175 0.075593 0.051320 0.000879
513.814532 168 0.077152 0.049267 0.000844
514.661307 188 0.072932 0.055132 0.000944
515.508081 187 0.073127 0.054839 0.000939
516.354855 166 0.077615 0.048680 0.000834
517.201629 169 0.076923 0.049560 0.000849
518.048404 165 0.077850 0.048387 0.000829
518.895178 155 0.080322 0.045455 0.000779
519.741952 181 0.074329 0.053079 0.000909
520.588726 182 0.074125 0.053372 0.000914
521.435500 161 0.078811 0.047214 0.000809
522.282275 196 0.071429 0.057478 0.000985
523.129049 161 0.078811 0.047214 0.000809
523.975823 164 0.078087 0.048094 0.000824
524.822597 166 0.077615 0.048680 0.000834
525.669372 171 0.076472 0.050147 0.000859
526.516146 161 0.078811 0.047214 0.000809
527.362920 201 0.070535 0.058944 0.001010
528.209694 162 0.078567 0.047507 0.000814
529.056468 190 0.072548 0.055718 0.000954
529.903243 163 0.078326 0.047801 0.000819
530.750017 125 0.089443 0.036657 0.000628
531.596791 154 0.080582 0.045161 0.000774
532.443565 157 0.079809 0.046041 0.000789
533.290340 154 0.080582 0.045161 0.000774
534.137114 145 0.083045 0.042522 0.000729
534.983888 154 0.080582 0.045161 0.000774
535.830662 129 0.088045 0.037830 0.000648
536.677436 159 0.079305 0.046628 0.000799
537.524211 158 0.079556 0.046334 0.000794
538.370985 163 0.078326 0.047801 0.000819
539.217759 145 0.083045 0.042522 0.000729
540.064533 160 0.079057 0.046921 0.000804
540.911308 129 0.088045 0.037830 0.000648
541.758082 148 0.082199 0.043402 0.000744
542.604856 198 0.071067 0.058065 0.000995
543.451630 179 0.074744 0.052493 0.000899
544.298404 166 0.077615 0.048680 0.000834
545.145179 170 0.076696 0.049853 0.000854
545.991953 140 0.084515 0.041056 0.000704
546.838727 139 0.084819 0.040762 0.000698
547.685501 161 0.078811 0.047214 0.000809
548.532275 173 0.076029 0.050733 0.000869
549.379050 141 0.084215 0.041349 0.000709
550.225824 140 0.084515 0.041056 0.000704
551.072598 150 0.081650 0.043988 0.000754
551.919373 165 0.077850 0.048387 0.000829
552.766147 161 0.078811 0.047214 0.000809
553.612921 152 0.081111 0.044575 0.000764
554.459695 138 0.085126 0.040469 0.000693
555.306469 141 0.084215 0.041349 0.000709
556.153243 143 0.083624 0.041935 0.000719
557.000018 127 0.088736 0.037243 0.000638
557.846792 164 0.078087 0.048094 0.000824
558.693566 169 0.076923 0.049560 0.000849
559.540340 143 0.083624 0.041935 0.000719
560.387115 170 0.076696 0.049853 0.000854
561.233889 132 0.087039 0.038710 0.000663
562.080663 149 0.081923 0.043695 0.000749
562.927437 141 0.084215 0.041349 0.000709
563.774211 131 0.087370 0.038416 0.000658
564.620986 144 0.083333 0.042229 0.000724
565.467760 146 0.082761 0.042815 0.000734
566.314534 142 0.083918 0.041642 0.000714
567.161308 138 0.085126 0.040469 0.000693
568.008083 144 0.083333 0.042229 0.000724
568.854857 132 0.087039 0.038710 0.000663
569.701631 175 0.075593 0.051320 0.000879
570.548405 159 0.079305 0.046628 0.000799
571.395179 130 0.087706 0.038123 0.000653
572.241954 112 0.094491 0.032845 0.000563
573.088728 129 0.088045 0.037830 0.000648
573.935502 126 0.089087 0.036950 0.000633
574.782276 115 0.093250 0.033724 0.000578
575.629051 141 0.084215 0.041349 0.000709
576.475825 122 0.090536 0.035777 0.000613
577.322599 148 0.082199 0.043402 0.000744
578.169373 141 0.084215 0.041349 0.000709
579.016147 150 0.081650 0.043988 0.000754
579.862922 121 0.090909 0.035484 0.000608
580.709696 103 0.098533 0.030205 0.000518
581.556470 122 0.090536 0.035777 0.000613
582.403244 119 0.091670 0.034897 0.000598
583.250019 139 0.084819 0.040762 0.000698
584.096793 127 0.088736 0.037243 0.000638
584.943567 117 0.092450 0.034311 0.000588
585.790341 131 0.087370 0.038416 0.000658
586.637115 137 0.085436 0.040176 0.000688
587.483890 106 0.097129 0.031085 0.000533
588.330664 172 0.076249 0.050440 0.000864
589.177438 126 0.089087 0.036950 0.000633
590.024212 131 0.087370 0.038416 0.000658
590.870987 122 0.090536 0.035777 0.000613
591.717761 114 0.093659 0.033431 0.000573
592.564535 88 0.106600 0.025806 0.000443
593.411309 104 0.098058 0.030499 0.000523
594.258083 132 0.087039 0.038710 0.000663
595.104858 136 0.085749 0.039883 0.000683
595.951632 121 0.090909 0.035484 0.000608
596.798406 99 0.100504 0.029032 0.000498
597.645180 107 0.096674 0.031378 0.000538
598.491955 144 0.083333 0.042229 0.000724
599.338729 117 0.092450 0.034311 0.000588
600.185503 142 0.083918 0.041642 0.000714
601.032277 120 0.091287 0.035191 0.000603
601.879051 134 0.086387 0.039296 0.000673
602.725826 100 0.100000 0.029326 0.000503
603.572600 117 0.092450 0.034311 0.000588
604.419374 129 0.088045 0.037830 0.000648
605.266148 130 0.087706 0.038123 0.000653
606.112922 117 0.092450 0.034311 0.000588
606.959697 125 0.089443 0.036657 0.000628
607.806471 108 0.096225 0.031672 0.000543
608.653245 135 0.086066 0.039589 0.000678
609.500020 105 0.097590 0.030792 0.000528
610.346794 135 0.086066 0.039589 0.000678
611.193568 124 0.089803 0.036364 0.000623
612.040342 117 0.092450 0.034311 0.000588
612.887116 144 0.083333 0.042229 0.000724
613.733890 120 0.091287 0.035191 0.000603
614.580665 127 0.088736 0.037243 0.000638
615.427439 109 0.095783 0.031965 0.000548
616.274213 135 0.086066 0.039589 0.000678
617.120987 110 0.095346 0.032258 0.000553
617.967762 109 0.095783 0.031965 0.000548
618.814536 105 0.097590 0.030792 0.000528
619.661310 123 0.090167 0.036070 0.000618
620.508084 94 0.103142 0.027566 0.000473
621.354858 118 0.092057 0.034604 0.000593
622.201633 119 0.091670 0.034897 0.000598
623.048407 97 0.101535 0.028446 0.000488
623.895181 110 0.095346 0.032258 0.000553
624.741955 94 0.103142 0.027566 0.000473
625.588730 109 0.095783 0.031965 0.000548
626.435504 132 0.087039 0.038710 0.000663
627.282278 111 0.094916 0.032551 0.000558
628.129052 120 0.091287 0.035191 0.000603
628.975826 82 0.110432 0.024047 0.000413
629.822601 109 0.095783 0.031965 0.000548
630.669375 88 0.106600 0.025806 0.000443
631.516149 92 0.104257 0.026979 0.000463
632.362923 101 0.099504 0.029619 0.000508
633.209698 94 0.103142 0.027566 0.000473
634.056472 99 0.100504 0.029032 0.000498
634.903246 103 0.098533 0.030205 0.000518
635.750020 91 0.104828 0.026686 0.000458
636.596794 115 0.093250 0.033724 0.000578
637.443569 89 0.106000 0.026100 0.000448
638.290343 90 0.105409 0.026393 0.000453
639.137117 87 0.107211 0.025513 0.000438
639.983891 115 0.093250 0.033724 0.000578
640.830666 95 0.102598 0.027859 0.000478
641.677440 102 0.099015 0.029912 0.000513
642.524214 101 0.099504 0.029619 0.000508
643.370988 110 0.095346 0.032258 0.000553
644.217762 102 0.099015 0.029912 0.000513
645.064537 110 0.095346 0.032258 0.000553
645.911311 103 0.098533 0.030205 0.000518
646.758085 89 0.106000 0.026100 0.000448
647.604859 84 0.109109 0.024633 0.000423
648.451634 111 0.094916 0.032551 0.000558
649.298408 105 0.097590 0.030792 0.000528
650.145182 96 0.102062 0.028152 0.000483
650.991956 114 0.093659 0.033431 0.000573
651.838730 77 0.113961 0.022581 0.000388
652.685505 87 0.107211 0.025513 0.000438
653.532279 114 0.093659 0.033431 0.000573
654.379053 101 0.099504 0.029619 0.000508
655.225827 94 0.103142 0.027566 0.000473
656.072602 81 0.111111 0.023754 0.000408
656.919376 79 0.112509 0.023167 0.000398
657.766150 95 0.102598 0.027859 0.000478
658.612924 100 0.100000 0.029326 0.000503
659.459698 100 0.100000 0.029326 0.000503
660.306473 106 0.097129 0.031085 0.000533
661.153247 118 0.092057 0.034604 0.000593
662.000021 108 0.096225 0.031672 0.000543
662.846795 94 0.103142 0.027566 0.000473
663.693569 112 0.094491 0.032845 0.000563
664.540344 94 0.103142 0.027566 0.000473
665.387118 84 0.109109 0.024633 0.000423
666.233892 89 0.106000 0.026100 0.000448
667.080667 104 0.098058 0.030499 0.000523
667.927441 86 0.107833 0.025220 0.000433
668.774215 110 0.095346 0.032258 0.000553
669.620989 76 0.114708 0.022287 0.000383
670.467763 78 0.113228 0.022874 0.000393
671.314537 93 0.103695 0.027273 0.000468
672.161312 73 0.117041 0.021408 0.000368
673.008086 85 0.108465 0.024927 0.000428
673.854860 80 0.111803 0.023460 0.000403
674.701634 72 0.117851 0.021114 0.000363
675.548409 76 0.114708 0.022287 0.000383
676.395183 79 0.112509 0.023167 0.000398
677.241957 54 0.136083 0.015836 0.000274
678.088731 102 0.099015 0.029912 0.000513
678.935505 80 0.111803 0.023460 0.000403
679.782280 84 0.109109 0.024633 0.000423
680.629054 87 0.107211 0.025513 0.000438
681.475828 83 0.109764 0.024340 0.000418
682.322602 80 0.111803 0.023460 0.000403
683.169377 98 0.101015 0.028739 0.000493
684.016151 84 0.109109 0.024633 0.000423
684.862925 86 0.107833 0.025220 0.000433
685.709699 90 0.105409 0.026393 0.000453
686.556473 85 0.108465 0.024927 0.000428
687.403248 91 0.104828 0.026686 0.000458
688.250022 85 0.108465 0.024927 0.000428
689.096796 72 0.117851 0.021114 0.000363
689.943570 89 0.106000 0.026100 0.000448
690.790345 85 0.108465 0.024927 0.000428
691.637119 72 0.117851 0.021114 0.000363
692.483893 95 0.102598 0.027859 0.000478
693.330667 81 0.111111 0.023754 0.000408
694.177441 87 0.107211 0.025513 0.000438
695.024216 86 0.107833 0.025220 0.000433
695.870990 79 0.112509 0.023167 0.000398
696.717764 83 0.109764 0.024340 0.000418
697.564538 80 0.111803 0.023460 0.000403
698.411313 89 0.106000 0.026100 0.000448
699.258087 102 0.099015 0.029912 0.000513
700.104861 84 0.109109 0.024633 0.000423
700.951635 100 0.100000 0.029326 0.000503
701.798409 94 0.103142 0.027566 0.000473
702.645184 68 0.121268 0.019941 0.000343
703.491958 85 0.108465 0.024927 0.000428
704.338732 65 0.124035 0.019062 0.000328
705.185506 71 0.118678 0.020821 0.000358
706.032281 102 0.099015 0.029912 0.000513
706.879055 97 0.101535 0.028446 0.000488
707.725829 89 0.106000 0.026100 0.000448
708.572603 92 0.104257 0.026979 0.000463
709.419377 89 0.106000 0.026100 0.000448
710.266152 72 0.117851 0.021114 0.000363
711.112926 73 0.117041 0.021408 0.000368
711.959700 66 0.123091 0.019355 0.000333
712.806474 82 0.110432 0.024047 0.000413
713.653249 69 0.120386 0.020235 0.000348
714.500023 80 0.111803 0.023460 0.000403
715.346797 84 0.109109 0.024633 0.000423
716.193571 68 0.121268 0.019941 0.000343
717.040345 71 0.118678 0.020821 0.000358
717.887120 76 0.114708 0.022287 0.000383
718.733894 84 0.109109 0.024633 0.000423
719.580668 73 0.117041 0.021408 0.000368
720.427442 87 0.107211 0.025513 0.000438
721.274216 86 0.107833 0.025220 0.000433
722.120991 83 0.109764 0.024340 0.000418
722.967765 83 0.109764 0.024340 0.000418
723.814539 72 0.117851 0.021114 0.000363
724.661314 93 0.103695 0.027273 0.000468
725.508088 101 0.099504 0.029619 0.000508
726.354862 71 0.118678 0.020821 0.000358
727.201636 89 0.106000 0.026100 0.000448
728.048410 99 0.100504 0.029032 0.000498
728.895184 85 0.108465 0.024927 0.000428
729.741959 78 0.113228 0.022874 0.000393
730.588733 91 0.104828 0.026686 0.000458
731.435507 88 0.106600 0.025806 0.000443
732.282281 80 0.111803 0.023460 0.000403
733.129056 104 0.098058 0.030499 0.000523
733.975830 79 0.112509 0.023167 0.000398
734.822604 85 0.108465 0.024927 0.000428
735.669378 77 0.113961 0.022581 0.000388
736.516152 90 0.105409 0.026393 0.000453
737.362927 69 0.120386 0.020235 0.000348
738.209701 79 0.112509 0.023167 0.000398
739.056475 78 0.113228 0.022874 0.000393
739.903249 86 0.107833 0.025220 0.000433
740.750024 83 0.109764 0.024340 0.000418
741.596798 102 0.099015 0.029912 0.000513
742.443572 90 0.105409 0.026393 0.000453
743.290346 73 0.117041 0.021408 0.000368
744.137120 85 0.108465 0.024927 0.000428
744.983895 87 0.107211 0.025513 0.000438
745.830669 81 0.111111 0.023754 0.000408
746.677443 101 0.099504 0.029619 0.000508
747.524217 75 0.115470 0.021994 0.000378
748.370992 77 0.113961 0.022581 0.000388
749.217766 71 0.118678 0.020821 0.000358
750.064540 97 0.101535 0.028446 0.000488
750.911314 84 0.109109 0.024633 0.000423
751.758088 60 0.129099 0.017595 0.000304
752.604863 77 0.113961 0.022581 0.000388
753.451637 74 0.116248 0.021701 0.000373
754.298411 79 0.112509 0.023167 0.000398
755.145185 99 0.100504 0.029032 0.000498
755.991960 79 0.112509 0.023167 0.000398
756.838734 82 0.110432 0.024047 0.000413
757.685508 64 0.125000 0.018768 0.000323
758.532282 75 0.115470 0.021994 0.000378
759.379056 62 0.127000 0.018182 0.000314
760.225831 77 0.113961 0.022581 0.000388
761.072605 76 0.114708 0.022287 0.000383
761.919379 77 0.113961 0.022581 0.000388
762.766153 78 0.113228 0.022874 0.000393
763.612927 68 0.121268 0.019941 0.000343
764.459702 88 0.106600 0.025806 0.000443
765.306476 86 0.107833 0.025220 0.000433
766.153250 87 0.107211 0.025513 0.000438
767.000024 88 0.106600 0.025806 0.000443
767.846799 89 0.106000 0.026100 0.000448
768.693573 85 0.108465 0.024927 0.000428
769.540347 98 0.101015 0.028739 0.000493
770.387121 73 0.117041 0.021408 0.000368
771.233896 76 0.114708 0.022287 0.000383
772.080670 81 0.111111 0.023754 0.000408
772.927444 84 0.109109 0.024633 0.000423
773.774218 95 0.102598 0.027859 0.000478
774.620992 95 0.102598 0.027859 0.000478
775.467767 73 0.117041 0.021408 0.000368
776.314541 80 0.111803 0.023460 0.000403
777.161315 88 0.106600 0.025806 0.000443
778.008089 79 0.112509 0.023167 0.000398
778.854863 82 0.110432 0.024047 0.000413
779.701638 61 0.128037 0.017889 0.000309
780.548412 83 0.109764 0.024340 0.000418
781.395186 74 0.116248 0.021701 0.000373
782.241961 71 0.118678 0.020821 0.000358
783.088735 88 0.106600 0.025806 0.000443
783.935509 84 0.109109 0.024633 0.000423
784.782283 78 0.113228 0.022874 0.000393
785.629057 84 0.109109 0.024633 0.000423
786.475831 68 0.121268 0.019941 0.000343
787.322606 67 0.122169 0.019648 0.000338
788.169380 92 0.104257 0.026979 0.000463
789.016154 77 0.113961 0.022581 0.000388
789.862928 71 0.118678 0.020821 0.000358
790.709703 71 0.118678 0.020821 0.000358
791.556477 91 0.104828 0.026686 0.000458
792.403251 89 0.106000 0.026100 0.000448
793.250025 91 0.104828 0.026686 0.000458
794.096799 61 0.128037 0.017889 0.000309
794.943574 65 0.124035 0.019062 0.000328
795.790348 75 0.115470 0.021994 0.000378
796.637122 70 0.119523 0.020528 0.000353
797.483896 79 0.112509 0.023167 0.000398
798.330671 90 0.105409 0.026393 0.000453
799.177445 59 0.130189 0.017302 0.000299
800.024219 55 0.134840 0.016129 0.000279
800.870993 72 0.117851 0.021114 0.000363
801.717767 54 0.136083 0.015836 0.000274
802.564542 68 0.121268 0.019941 0.000343
803.411316 67 0.122169 0.019648 0.000338
804.258090 68 0.121268 0.019941 0.000343
805.104864 75 0.115470 0.021994 0.000378
805.951639 69 0.120386 0.020235 0.000348
806.798413 78 0.113228 0.022874 0.000393
807.645187 63 0.125988 0.018475 0.000319
808.491961 67 0.122169 0.019648 0.000338
809.338735 63 0.125988 0.018475 0.000319
810.185510 80 0.111803 0.023460 0.000403
811.032284 55 0.134840 0.016129 0.000279
811.879058 63 0.125988 0.018475 0.000319
812.725832 67 0.122169 0.019648 0.000338
813.572607 73 0.117041 0.021408 0.000368
814.419381 58 0.131306 0.017009 0.000294
815.266155 66 0.123091 0.019355 0.000333
816.112929 52 0.138675 0.015249 0.000264
816.959703 65 0.124035 0.019062 0.000328
817.806478 62 0.127000 0.018182 0.000314
818.653252 60 0.129099 0.017595 0.000304
819.500026 61 0.128037 0.017889 0.000309
820.346800 68 0.121268 0.019941 0.000343
821.193574 59 0.130189 0.017302 0.000299
822.040349 63 0.125988 0.018475 0.000319
822.887123 66 0.123091 0.019355 0.000333
823.733897 60 0.129099 0.017595 0.000304
824.580671 58 0.131306 0.017009 0.000294
825.427446 53 0.137361 0.015543 0.000269
826.274220 65 0.124035 0.019062 0.000328
827.120994 57 0.132453 0.016716 0.000289
827.967768 59 0.130189 0.017302 0.000299
828.814543 61 0.128037 0.017889 0.000309
829.661317 64 0.125000 0.018768 0.000323
830.508091 69 0.120386 0.020235 0.000348
831.354865 50 0.141421 0.014663 0.000254
832.201639 65 0.124035 0.019062 0.000328
833.048414 54 0.136083 0.015836 0.000274
833.895188 47 0.145865 0.013783 0.000240
834.741962 45 0.149071 0.013196 0.000230
835.588736 51 0.140028 0.014956 0.000259
836.435510 37 0.164399 0.010850 0.000192
837.282285 54 0.136083 0.015836 0.000274
838.129059 70 0.119523 0.020528 0.000353
838.975833 58 0.131306 0.017009 0.000294
839.822608 57 0.132453 0.016716 0.000289
840.669382 50 0.141421 0.014663 0.000254
841.516156 51 0.140028 0.014956 0.000259
842.362930 49 0.142857 0.014370 0.000250
843.209704 42 0.154303 0.012317 0.000216
844.056478 49 0.142857 0.014370 0.000250
844.903253 51 0.140028 0.014956 0.000259
845.750027 47 0.145865 0.013783 0.000240
846.596801 51 0.140028 0.014956 0.000259
847.443575 47 0.145865 0.013783 0.000240
848.290350 43 0.152499 0.012610 0.000221
849.137124 41 0.156174 0.012023 0.000211
849.983898 46 0.147442 0.013490 0.000235
850.830672 31 0.179605 0.009091 0.000164
851.677446 32 0.176777 0.009384 0.000169
852.524221 44 0.150756 0.012903 0.000225
853.370995 33 0.174078 0.009677 0.000173
854.217769 40 0.158114 0.011730 0.000206
855.064543 40 0.158114 0.011730 0.000206
855.911318 51 0.140028 0.014956 0.000259
856.758092 39 0.160128 0.011437 0.000201
857.604866 45 0.149071 0.013196 0.000230
858.451640 37 0.164399 0.010850 0.000192
859.298414 43 0.152499 0.012610 0.000221
860.145189 39 0.160128 0.011437 0.000201
860.991963 35 0.169031 0.010264 0.000183
861.838737 23 0.208514 0.006745 0.000131
862.685511 26 0.196116 0.007625 0.000143
863.532286 40 0.158114 0.011730 0.000206
864.379060 33 0.174078 0.009677 0.000173
865.225834 41 0.156174 0.012023 0.000211
866.072608 36 0.166667 0.010557 0.000187
866.919382 40 0.158114 0.011730 0.000206
867.766157 27 0.192450 0.007918 0.000147
