# fondo 366 3410 0.8467740000000001 0.05227083734893167 58.39520528262573
1.516129 0 0.000000 0.000000 0.000000
2.362903 0 0.000000 0.000000 0.000000
3.209678 0 0.000000 0.000000 0.000000
4.056452 0 0.000000 0.000000 0.000000
4.903226 0 0.000000 0.000000 0.000000
5.750000 0 0.000000 0.000000 0.000000
6.596775 0 0.000000 0.000000 0.000000
7.443549 0 0.000000 0.000000 0.000000
8.290323 0 0.000000 0.000000 0.000000
9.137097 0 0.000000 0.000000 0.000000
9.983871 0 0.000000 0.000000 0.000000
10.830646 0 0.000000 0.000000 0.000000
11.677420 0 0.000000 0.000000 0.000000
12.524194 0 0.000000 0.000000 0.000000
13.370968 2 0.707107 0.000587 0.000208
14.217742 0 0.000000 0.000000 0.000000
15.064517 2 0.707107 0.000587 0.000208
15.911291 17 0.242536 0.004985 0.000111
16.758065 38 0.162221 0.011144 0.000197
17.604839 40 0.158114 0.011730 0.000206
18.451613 62 0.127000 0.018182 0.000314
19.298388 69 0.120386 0.020235 0.000348
20.145162 65 0.124035 0.019062 0.000328
20.991936 92 0.104257 0.026979 0.000463
21.838710 85 0.108465 0.024927 0.000428
22.685485 96 0.102062 0.028152 0.000483
23.532259 104 0.098058 0.030499 0.000523
24.379033 104 0.098058 0.030499 0.000523
25.225807 109 0.095783 0.031965 0.000548
26.072581 104 0.098058 0.030499 0.000523
26.919356 122 0.090536 0.035777 0.000613
27.766130 118 0.092057 0.034604 0.000593
28.612904 143 0.083624 0.041935 0.000719
29.459678 136 0.085749 0.039883 0.000683
30.306453 146 0.082761 0.042815 0.000734
31.153227 142 0.083918 0.041642 0.000714
32.000001 146 0.082761 0.042815 0.000734
32.846775 179 0.074744 0.052493 0.000899
33.693550 164 0.078087 0.048094 0.000824
34.540324 156 0.080064 0.045748 0.000784
35.387098 173 0.076029 0.050733 0.000869
36.233872 202 0.070360 0.059238 0.001015
37.080647 176 0.075378 0.051613 0.000884
37.927421 170 0.076696 0.049853 0.000854
38.774195 203 0.070186 0.059531 0.001020
39.620969 196 0.071429 0.057478 0.000985
40.467743 184 0.073721 0.053959 0.000924
41.314518 181 0.074329 0.053079 0.000909
42.161292 187 0.073127 0.054839 0.000939
43.008066 219 0.067574 0.064223 0.001100
43.854840 183 0.073922 0.053666 0.000919
44.701615 220 0.067420 0.064516 0.001105
45.548389 199 0.070888 0.058358 0.001000
46.395163 204 0.070014 0.059824 0.001025
47.241937 178 0.074953 0.052199 0.000894
48.088711 213 0.068519 0.062463 0.001070
48.935485 183 0.073922 0.053666 0.000919
49.782260 186 0.073324 0.054545 0.000934
50.629034 194 0.071796 0.056891 0.000974
51.475808 198 0.071067 0.058065 0.000995
52.322582 213 0.068519 0.062463 0.001070
53.169357 174 0.075810 0.051026 0.000874
54.016131 195 0.071611 0.057185 0.000979
54.862905 206 0.069673 0.060411 0.001035
55.709679 194 0.071796 0.056891 0.000974
56.556454 207 0.069505 0.060704 0.001040
57.403228 194 0.071796 0.056891 0.000974
58.250002 176 0.075378 0.051613 0.000884
59.096776 192 0.072169 0.056305 0.000964
59.943551 211 0.068843 0.061877 0.001060
60.790325 177 0.075165 0.051906 0.000889
61.637099 194 0.071796 0.056891 0.000974
62.483873 219 0.067574 0.064223 0.001100
63.330647 170 0.076696 0.049853 0.000854
64.177421 211 0.068843 0.061877 0.001060
65.024196 170 0.076696 0.049853 0.000854
65.870970 183 0.073922 0.053666 0.000919
66.717744 194 0.071796 0.056891 0.000974
67.564518 199 0.070888 0.058358 0.001000
68.411293 212 0.068680 0.062170 0.001065
69.258067 191 0.072357 0.056012 0.000959
70.104841 187 0.073127 0.054839 0.000939
70.951615 194 0.071796 0.056891 0.000974
71.798389 207 0.069505 0.060704 0.001040
72.645164 196 0.071429 0.057478 0.000985
73.491938 160 0.079057 0.046921 0.000804
74.338712 204 0.070014 0.059824 0.001025
75.185486 158 0.079556 0.046334 0.000794
76.032260 204 0.070014 0.059824 0.001025
76.879035 176 0.075378 0.051613 0.000884
77.725809 187 0.073127 0.054839 0.000939
78.572583 217 0.067884 0.063636 0.001090
79.419357 176 0.075378 0.051613 0.000884
80.266132 182 0.074125 0.053372 0.000914
81.112906 187 0.073127 0.054839 0.000939
81.959680 192 0.072169 0.056305 0.000964
82.806454 191 0.072357 0.056012 0.000959
83.653228 180 0.074536 0.052786 0.000904
84.500003 194 0.071796 0.056891 0.000974
85.346777 213 0.068519 0.062463 0.001070
86.193551 199 0.070888 0.058358 0.001000
87.040325 210 0.069007 0.061584 0.001055
87.887100 232 0.065653 0.068035 0.001165
88.733874 187 0.073127 0.054839 0.000939
89.580648 191 0.072357 0.056012 0.000959
90.427422 209 0.069171 0.061290 0.001050
91.274196 199 0.070888 0.058358 0.001000
92.120971 196 0.071429 0.057478 0.000985
92.967745 207 0.069505 0.060704 0.001040
93.814519 210 0.069007 0.061584 0.001055
94.661293 217 0.067884 0.063636 0.001090
95.508068 200 0.070711 0.058651 0.001005
96.354842 229 0.066082 0.067155 0.001150
97.201616 219 0.067574 0.064223 0.001100
98.048390 209 0.069171 0.061290 0.001050
98.895164 208 0.069338 0.060997 0.001045
99.741939 197 0.071247 0.057771 0.000990
100.588713 218 0.067729 0.063930 0.001095
101.435487 213 0.068519 0.062463 0.001070
102.282262 262 0.061780 0.076833 0.001316
103.129036 230 0.065938 0.067449 0.001155
103.975810 236 0.065094 0.069208 0.001185
104.822584 244 0.064018 0.071554 0.001225
105.669358 255 0.062622 0.074780 0.001281
106.516132 238 0.064820 0.069795 0.001195
107.362907 239 0.064685 0.070088 0.001200
108.209681 245 0.063888 0.071848 0.001231
109.056455 245 0.063888 0.071848 0.001231
109.903229 263 0.061663 0.077126 0.001321
110.750004 242 0.064282 0.070968 0.001215
111.596778 267 0.061199 0.078299 0.001341
112.443552 268 0.061085 0.078592 0.001346
113.290326 257 0.062378 0.075367 0.001291
114.137101 276 0.060193 0.080938 0.001386
114.983875 257 0.062378 0.075367 0.001291
115.830649 306 0.057166 0.089736 0.001537
116.677423 266 0.061314 0.078006 0.001336
117.524197 273 0.060523 0.080059 0.001371
118.370972 291 0.058621 0.085337 0.001461
119.217746 239 0.064685 0.070088 0.001200
120.064520 286 0.059131 0.083871 0.001436
120.911294 305 0.057260 0.089443 0.001532
121.758068 298 0.057928 0.087390 0.001497
122.604843 269 0.060971 0.078886 0.001351
123.451617 283 0.059444 0.082991 0.001421
124.298391 296 0.058124 0.086804 0.001487
125.145165 294 0.058321 0.086217 0.001477
125.991940 315 0.056344 0.092375 0.001582
126.838714 259 0.062137 0.075953 0.001301
127.685488 289 0.058824 0.084751 0.001451
128.532262 308 0.056980 0.090323 0.001547
129.379037 290 0.058722 0.085044 0.001456
130.225811 292 0.058521 0.085630 0.001466
131.072585 306 0.057166 0.089736 0.001537
131.919359 303 0.057448 0.088856 0.001522
132.766133 310 0.056796 0.090909 0.001557
133.612908 326 0.055385 0.095601 0.001637
134.459682 297 0.058026 0.087097 0.001492
135.306456 336 0.054554 0.098534 0.001687
136.153230 335 0.054636 0.098240 0.001682
137.000004 314 0.056433 0.092082 0.001577
137.846779 324 0.055556 0.095015 0.001627
138.693553 304 0.057354 0.089150 0.001527
139.540327 331 0.054965 0.097067 0.001662
140.387101 324 0.055556 0.095015 0.001627
141.233876 311 0.056705 0.091202 0.001562
142.080650 359 0.052778 0.105279 0.001803
142.927424 332 0.054882 0.097361 0.001667
143.774198 326 0.055385 0.095601 0.001637
144.620972 354 0.053149 0.103812 0.001778
145.467747 321 0.055815 0.094135 0.001612
146.314521 315 0.056344 0.092375 0.001582
147.161295 333 0.054800 0.097654 0.001672
148.008069 318 0.056077 0.093255 0.001597
148.854844 312 0.056614 0.091496 0.001567
149.701618 317 0.056166 0.092962 0.001592
150.548392 319 0.055989 0.093548 0.001602
151.395166 292 0.058521 0.085630 0.001466
152.241940 315 0.056344 0.092375 0.001582
153.088715 350 0.053452 0.102639 0.001758
153.935489 322 0.055728 0.094428 0.001617
154.782263 327 0.055300 0.095894 0.001642
155.629037 321 0.055815 0.094135 0.001612
156.475812 324 0.055556 0.095015 0.001627
157.322586 316 0.056254 0.092669 0.001587
158.169360 309 0.056888 0.090616 0.001552
159.016134 326 0.055385 0.095601 0.001637
159.862909 341 0.054153 0.100000 0.001713
160.709683 308 0.056980 0.090323 0.001547
161.556457 329 0.055132 0.096481 0.001652
162.403231 321 0.055815 0.094135 0.001612
163.250005 366 0.052271 0.107331 0.001838
164.096780 328 0.055216 0.096188 0.001647
164.943554 316 0.056254 0.092669 0.001587
165.790328 298 0.057928 0.087390 0.001497
166.637102 328 0.055216 0.096188 0.001647
167.483877 311 0.056705 0.091202 0.001562
168.330651 322 0.055728 0.094428 0.001617
169.177425 340 0.054233 0.099707 0.001708
170.024199 345 0.053838 0.101173 0.001733
170.870973 347 0.053683 0.101760 0.001743
171.717748 312 0.056614 0.091496 0.001567
172.564522 325 0.055470 0.095308 0.001632
173.411296 318 0.056077 0.093255 0.001597
174.258070 327 0.055300 0.095894 0.001642
175.104844 317 0.056166 0.092962 0.001592
175.951618 304 0.057354 0.089150 0.001527
176.798393 319 0.055989 0.093548 0.001602
177.645167 336 0.054554 0.098534 0.001687
178.491941 327 0.055300 0.095894 0.001642
179.338716 313 0.056523 0.091789 0.001572
180.185490 350 0.053452 0.102639 0.001758
181.032264 331 0.054965 0.097067 0.001662
181.879038 296 0.058124 0.086804 0.001487
182.725812 301 0.057639 0.088270 0.001512
183.572586 332 0.054882 0.097361 0.001667
184.419361 292 0.058521 0.085630 0.001466
185.266135 302 0.057544 0.088563 0.001517
186.112909 292 0.058521 0.085630 0.001466
186.959684 310 0.056796 0.090909 0.001557
187.806458 357 0.052926 0.104692 0.001793
188.653232 313 0.056523 0.091789 0.001572
189.500006 310 0.056796 0.090909 0.001557
190.346780 345 0.053838 0.101173 0.001733
191.193555 303 0.057448 0.088856 0.001522
192.040329 327 0.055300 0.095894 0.001642
192.887103 290 0.058722 0.085044 0.001456
193.733877 313 0.056523 0.091789 0.001572
194.580651 298 0.057928 0.087390 0.001497
195.427426 277 0.060084 0.081232 0.001391
196.274200 280 0.059761 0.082111 0.001406
197.120974 308 0.056980 0.090323 0.001547
197.967748 342 0.054074 0.100293 0.001718
198.814523 293 0.058421 0.085924 0.001472
199.661297 288 0.058926 0.084457 0.001446
200.508071 309 0.056888 0.090616 0.001552
201.354845 304 0.057354 0.089150 0.001527
202.201619 303 0.057448 0.088856 0.001522
203.048394 301 0.057639 0.088270 0.001512
203.895168 316 0.056254 0.092669 0.001587
204.741942 274 0.060412 0.080352 0.001376
205.588716 291 0.058621 0.085337 0.001461
206.435491 257 0.062378 0.075367 0.001291
207.282265 315 0.056344 0.092375 0.001582
208.129039 292 0.058521 0.085630 0.001466
208.975813 291 0.058621 0.085337 0.001461
209.822587 271 0.060746 0.079472 0.001361
210.669362 287 0.059028 0.084164 0.001441
211.516136 276 0.060193 0.080938 0.001386
212.362910 290 0.058722 0.085044 0.001456
213.209684 292 0.058521 0.085630 0.001466
214.056459 260 0.062017 0.076246 0.001306
214.903233 286 0.059131 0.083871 0.001436
215.750007 319 0.055989 0.093548 0.001602
216.596781 261 0.061898 0.076540 0.001311
217.443556 290 0.058722 0.085044 0.001456
218.290330 274 0.060412 0.080352 0.001376
219.137104 246 0.063758 0.072141 0.001236
219.983878 286 0.059131 0.083871 0.001436
220.830652 275 0.060302 0.080645 0.001381
221.677427 309 0.056888 0.090616 0.001552
222.524201 266 0.061314 0.078006 0.001336
223.370975 303 0.057448 0.088856 0.001522
224.217749 275 0.060302 0.080645 0.001381
225.064524 274 0.060412 0.080352 0.001376
225.911298 268 0.061085 0.078592 0.001346
226.758072 262 0.061780 0.076833 0.001316
227.604846 270 0.060858 0.079179 0.001356
228.451620 283 0.059444 0.082991 0.001421
229.298395 281 0.059655 0.082405 0.001411
230.145169 258 0.062257 0.075660 0.001296
230.991943 268 0.061085 0.078592 0.001346
231.838717 254 0.062746 0.074487 0.001276
232.685491 276 0.060193 0.080938 0.001386
233.532265 289 0.058824 0.084751 0.001451
234.379040 250 0.063246 0.073314 0.001256
235.225814 280 0.059761 0.082111 0.001406
236.072588 243 0.064150 0.071261 0.001220
236.919363 258 0.062257 0.075660 0.001296
237.766137 286 0.059131 0.083871 0.001436
238.612911 264 0.061546 0.077419 0.001326
239.459685 276 0.060193 0.080938 0.001386
240.306459 274 0.060412 0.080352 0.001376
241.153233 261 0.061898 0.076540 0.001311
242.000008 260 0.062017 0.076246 0.001306
242.846782 283 0.059444 0.082991 0.001421
243.693556 274 0.060412 0.080352 0.001376
244.540331 239 0.064685 0.070088 0.001200
245.387105 306 0.057166 0.089736 0.001537
246.233879 297 0.058026 0.087097 0.001492
247.080653 278 0.059976 0.081525 0.001396
247.927427 241 0.064416 0.070674 0.001210
248.774202 254 0.062746 0.074487 0.001276
249.620976 256 0.062500 0.075073 0.001286
250.467750 264 0.061546 0.077419 0.001326
251.314524 228 0.066227 0.066862 0.001145
252.161298 271 0.060746 0.079472 0.001361
253.008073 261 0.061898 0.076540 0.001311
253.854847 260 0.062017 0.076246 0.001306
254.701621 239 0.064685 0.070088 0.001200
255.548395 267 0.061199 0.078299 0.001341
256.395170 259 0.062137 0.075953 0.001301
257.241944 254 0.062746 0.074487 0.001276
258.088718 222 0.067116 0.065103 0.001115
258.935492 247 0.063628 0.072434 0.001241
259.782266 278 0.059976 0.081525 0.001396
260.629041 258 0.062257 0.075660 0.001296
261.475815 257 0.062378 0.075367 0.001291
262.322589 244 0.064018 0.071554 0.001225
263.169363 263 0.061663 0.077126 0.001321
264.016138 251 0.063119 0.073607 0.001261
264.862912 248 0.063500 0.072727 0.001246
265.709686 248 0.063500 0.072727 0.001246
266.556460 237 0.064957 0.069501 0.001190
267.403234 223 0.066965 0.065396 0.001120
268.250009 207 0.069505 0.060704 0.001040
269.096783 264 0.061546 0.077419 0.001326
269.943557 256 0.062500 0.075073 0.001286
270.790331 242 0.064282 0.070968 0.001215
271.637106 228 0.066227 0.066862 0.001145
272.483880 216 0.068041 0.063343 0.001085
273.330654 255 0.062622 0.074780 0.001281
274.177428 213 0.068519 0.062463 0.001070
275.024203 211 0.068843 0.061877 0.001060
275.870977 223 0.066965 0.065396 0.001120
276.717751 245 0.063888 0.071848 0.001231
277.564525 233 0.065512 0.068328 0.001170
278.411299 196 0.071429 0.057478 0.000985
279.258074 248 0.063500 0.072727 0.001246
280.104848 227 0.066372 0.066569 0.001140
280.951622 254 0.062746 0.074487 0.001276
281.798396 229 0.066082 0.067155 0.001150
282.645170 230 0.065938 0.067449 0.001155
283.491945 232 0.065653 0.068035 0.001165
284.338719 222 0.067116 0.065103 0.001115
285.185493 217 0.067884 0.063636 0.001090
286.032267 230 0.065938 0.067449 0.001155
286.879041 213 0.068519 0.062463 0.001070
287.725816 206 0.069673 0.060411 0.001035
288.572590 192 0.072169 0.056305 0.000964
289.419364 226 0.066519 0.066276 0.001135
290.266138 231 0.065795 0.067742 0.001160
291.112912 228 0.066227 0.066862 0.001145
291.959687 230 0.065938 0.067449 0.001155
292.806461 252 0.062994 0.073900 0.001266
293.653235 211 0.068843 0.061877 0.001060
294.500010 214 0.068359 0.062757 0.001075
295.346784 235 0.065233 0.068915 0.001180
296.193558 220 0.067420 0.064516 0.001105
297.040332 182 0.074125 0.053372 0.000914
297.887106 195 0.071611 0.057185 0.000979
298.733880 220 0.067420 0.064516 0.001105
299.580655 208 0.069338 0.060997 0.001045
300.427429 206 0.069673 0.060411 0.001035
301.274203 175 0.075593 0.051320 0.000879
302.120977 214 0.068359 0.062757 0.001075
302.967752 196 0.071429 0.057478 0.000985
303.814526 198 0.071067 0.058065 0.000995
304.661300 193 0.071982 0.056598 0.000969
305.508074 185 0.073521 0.054252 0.000929
306.354849 181 0.074329 0.053079 0.000909
307.201623 215 0.068199 0.063050 0.001080
308.048397 187 0.073127 0.054839 0.000939
308.895171 190 0.072548 0.055718 0.000954
309.741946 172 0.076249 0.050440 0.000864
310.588720 191 0.072357 0.056012 0.000959
311.435494 192 0.072169 0.056305 0.000964
312.282268 196 0.071429 0.057478 0.000985
313.129042 219 0.067574 0.064223 0.001100
313.975817 176 0.075378 0.051613 0.000884
314.822591 203 0.070186 0.059531 0.001020
315.669365 186 0.073324 0.054545 0.000934
316.516139 186 0.073324 0.054545 0.000934
317.362913 167 0.077382 0.048974 0.000839
318.209688 200 0.070711 0.058651 0.001005
319.056462 182 0.074125 0.053372 0.000914
319.903236 200 0.070711 0.058651 0.001005
320.750010 177 0.075165 0.051906 0.000889
321.596785 175 0.075593 0.051320 0.000879
322.443559 186 0.073324 0.054545 0.000934
323.290333 191 0.072357 0.056012 0.000959
324.137107 182 0.074125 0.053372 0.000914
324.983881 158 0.079556 0.046334 0.000794
325.830656 160 0.079057 0.046921 0.000804
326.677430 186 0.073324 0.054545 0.000934
327.524204 146 0.082761 0.042815 0.000734
328.370978 168 0.077152 0.049267 0.000844
329.217753 173 0.076029 0.050733 0.000869
330.064527 153 0.080845 0.044868 0.000769
330.911301 157 0.079809 0.046041 0.000789
331.758075 163 0.078326 0.047801 0.000819
332.604849 170 0.076696 0.049853 0.000854
333.451623 153 0.080845 0.044868 0.000769
334.298398 133 0.086711 0.039003 0.000668
335.145172 162 0.078567 0.047507 0.000814
335.991946 150 0.081650 0.043988 0.000754
336.838721 178 0.074953 0.052199 0.000894
337.685495 178 0.074953 0.052199 0.000894
338.532269 170 0.076696 0.049853 0.000854
339.379043 142 0.083918 0.041642 0.000714
340.225817 149 0.081923 0.043695 0.000749
341.072592 165 0.077850 0.048387 0.000829
341.919366 155 0.080322 0.045455 0.000779
342.766140 151 0.081379 0.044282 0.000759
343.612914 145 0.083045 0.042522 0.000729
344.459689 160 0.079057 0.046921 0.000804
345.306463 165 0.077850 0.048387 0.000829
346.153237 136 0.085749 0.039883 0.000683
347.000011 151 0.081379 0.044282 0.000759
347.846785 133 0.086711 0.039003 0.000668
348.693559 145 0.083045 0.042522 0.000729
349.540334 136 0.085749 0.039883 0.000683
350.387108 129 0.088045 0.037830 0.000648
351.233882 137 0.085436 0.040176 0.000688
352.080657 129 0.088045 0.037830 0.000648
352.927431 136 0.085749 0.039883 0.000683
353.774205 142 0.083918 0.041642 0.000714
354.620979 145 0.083045 0.042522 0.000729
355.467753 126 0.089087 0.036950 0.000633
356.314527 139 0.084819 0.040762 0.000698
357.161302 132 0.087039 0.038710 0.000663
358.008076 153 0.080845 0.044868 0.000769
358.854850 135 0.086066 0.039589 0.000678
359.701624 118 0.092057 0.034604 0.000593
360.548399 134 0.086387 0.039296 0.000673
361.395173 131 0.087370 0.038416 0.000658
362.241947 140 0.084515 0.041056 0.000704
363.088721 148 0.082199 0.043402 0.000744
363.935496 120 0.091287 0.035191 0.000603
364.782270 134 0.086387 0.039296 0.000673
365.629044 141 0.084215 0.041349 0.000709
366.475818 108 0.096225 0.031672 0.000543
367.322593 124 0.089803 0.036364 0.000623
368.169367 123 0.090167 0.036070 0.000618
369.016141 113 0.094072 0.033138 0.000568
369.862915 136 0.085749 0.039883 0.000683
370.709689 135 0.086066 0.039589 0.000678
371.556464 106 0.097129 0.031085 0.000533
372.403238 132 0.087039 0.038710 0.000663
373.250012 112 0.094491 0.032845 0.000563
374.096786 108 0.096225 0.031672 0.000543
374.943560 119 0.091670 0.034897 0.000598
375.790335 145 0.083045 0.042522 0.000729
376.637109 131 0.087370 0.038416 0.000658
377.483883 108 0.096225 0.031672 0.000543
378.330657 120 0.091287 0.035191 0.000603
379.177432 99 0.100504 0.029032 0.000498
380.024206 112 0.094491 0.032845 0.000563
380.870980 121 0.090909 0.035484 0.000608
381.717754 103 0.098533 0.030205 0.000518
382.564528 106 0.097129 0.031085 0.000533
383.411303 105 0.097590 0.030792 0.000528
384.258077 129 0.088045 0.037830 0.000648
385.104851 111 0.094916 0.032551 0.000558
385.951625 92 0.104257 0.026979 0.000463
386.798400 122 0.090536 0.035777 0.000613
387.645174 129 0.088045 0.037830 0.000648
388.491948 123 0.090167 0.036070 0.000618
389.338722 93 0.103695 0.027273 0.000468
390.185496 108 0.096225 0.031672 0.000543
391.032270 95 0.102598 0.027859 0.000478
391.879045 118 0.092057 0.034604 0.000593
392.725819 98 0.101015 0.028739 0.000493
393.572593 99 0.100504 0.029032 0.000498
394.419368 93 0.103695 0.027273 0.000468
395.266142 110 0.095346 0.032258 0.000553
396.112916 110 0.095346 0.032258 0.000553
396.959690 95 0.102598 0.027859 0.000478
397.806464 96 0.102062 0.028152 0.000483
398.653239 113 0.094072 0.033138 0.000568
399.500013 111 0.094916 0.032551 0.000558
400.346787 89 0.106000 0.026100 0.000448
401.193561 93 0.103695 0.027273 0.000468
402.040336 119 0.091670 0.034897 0.000598
402.887110 90 0.105409 0.026393 0.000453
403.733884 102 0.099015 0.029912 0.000513
404.580658 103 0.098533 0.030205 0.000518
405.427432 87 0.107211 0.025513 0.000438
406.274206 89 0.106000 0.026100 0.000448
407.120981 96 0.102062 0.028152 0.000483
407.967755 91 0.104828 0.026686 0.000458
408.814529 82 0.110432 0.024047 0.000413
409.661304 88 0.106600 0.025806 0.000443
410.508078 108 0.096225 0.031672 0.000543
411.354852 69 0.120386 0.020235 0.000348
412.201626 99 0.100504 0.029032 0.000498
413.048400 93 0.103695 0.027273 0.000468
413.895174 98 0.101015 0.028739 0.000493
414.741949 81 0.111111 0.023754 0.000408
415.588723 66 0.123091 0.019355 0.000333
416.435497 85 0.108465 0.024927 0.000428
417.282271 91 0.104828 0.026686 0.000458
418.129046 92 0.104257 0.026979 0.000463
418.975820 82 0.110432 0.024047 0.000413
419.822594 82 0.110432 0.024047 0.000413
420.669368 86 0.107833 0.025220 0.000433
421.516143 98 0.101015 0.028739 0.000493
422.362917 81 0.111111 0.023754 0.000408
423.209691 78 0.113228 0.022874 0.000393
424.056465 86 0.107833 0.025220 0.000433
424.903240 80 0.111803 0.023460 0.000403
425.750014 78 0.113228 0.022874 0.000393
426.596788 71 0.118678 0.020821 0.000358
427.443562 69 0.120386 0.020235 0.000348
428.290336 85 0.108465 0.024927 0.000428
429.137111 87 0.107211 0.025513 0.000438
429.983885 80 0.111803 0.023460 0.000403
430.830659 71 0.118678 0.020821 0.000358
431.677433 79 0.112509 0.023167 0.000398
432.524207 77 0.113961 0.022581 0.000388
433.370982 76 0.114708 0.022287 0.000383
434.217756 88 0.106600 0.025806 0.000443
435.064530 75 0.115470 0.021994 0.000378
435.911304 79 0.112509 0.023167 0.000398
436.758079 65 0.124035 0.019062 0.000328
437.604853 59 0.130189 0.017302 0.000299
438.451627 52 0.138675 0.015249 0.000264
439.298401 72 0.117851 0.021114 0.000363
440.145175 76 0.114708 0.022287 0.000383
440.991950 97 0.101535 0.028446 0.000488
441.838724 72 0.117851 0.021114 0.000363
442.685498 84 0.109109 0.024633 0.000423
443.532272 87 0.107211 0.025513 0.000438
444.379047 74 0.116248 0.021701 0.000373
445.225821 75 0.115470 0.021994 0.000378
446.072595 88 0.106600 0.025806 0.000443
446.919369 69 0.120386 0.020235 0.000348
447.766143 92 0.104257 0.026979 0.000463
448.612917 67 0.122169 0.019648 0.000338
449.459692 84 0.109109 0.024633 0.000423
450.306466 76 0.114708 0.022287 0.000383
451.153240 93 0.103695 0.027273 0.000468
452.000015 68 0.121268 0.019941 0.000343
452.846789 67 0.122169 0.019648 0.000338
453.693563 62 0.127000 0.018182 0.000314
454.540337 66 0.123091 0.019355 0.000333
455.387111 77 0.113961 0.022581 0.000388
456.233886 60 0.129099 0.017595 0.000304
457.080660 76 0.114708 0.022287 0.000383
457.927434 63 0.125988 0.018475 0.000319
458.774208 69 0.120386 0.020235 0.000348
459.620983 74 0.116248 0.021701 0.000373
460.467757 65 0.124035 0.019062 0.000328
461.314531 51 0.140028 0.014956 0.000259
462.161305 63 0.125988 0.018475 0.000319
463.008079 73 0.117041 0.021408 0.000368
463.854853 66 0.123091 0.019355 0.000333
464.701628 52 0.138675 0.015249 0.000264
465.548402 75 0.115470 0.021994 0.000378
466.395176 56 0.133631 0.016422 0.000284
467.241951 56 0.133631 0.016422 0.000284
468.088725 68 0.121268 0.019941 0.000343
468.935499 50 0.141421 0.014663 0.000254
469.782273 57 0.132453 0.016716 0.000289
470.629047 54 0.136083 0.015836 0.000274
471.475821 68 0.121268 0.019941 0.000343
472.322596 64 0.125000 0.018768 0.000323
473.169370 61 0.128037 0.017889 0.000309
474.016144 53 0.137361 0.015543 0.000269
474.862918 49 0.142857 0.014370 0.000250
475.709693 48 0.144338 0.014076 0.000245
476.556467 69 0.120386 0.020235 0.000348
477.403241 65 0.124035 0.019062 0.000328
478.250015 60 0.129099 0.017595 0.000304
479.096789 59 0.130189 0.017302 0.000299
479.943564 49 0.142857 0.014370 0.000250
480.790338 44 0.150756 0.012903 0.000225
481.637112 49 0.142857 0.014370 0.000250
482.483887 68 0.121268 0.019941 0.000343
483.330661 80 0.111803 0.023460 0.000403
484.177435 56 0.133631 0.016422 0.000284
485.024209 56 0.133631 0.016422 0.000284
485.870983 58 0.131306 0.017009 0.000294
486.717758 60 0.129099 0.017595 0.000304
487.564532 67 0.122169 0.019648 0.000338
488.411306 45 0.149071 0.013196 0.000230
489.258080 47 0.145865 0.013783 0.000240
490.104854 44 0.150756 0.012903 0.000225
490.951629 43 0.152499 0.012610 0.000221
491.798403 62 0.127000 0.018182 0.000314
492.645177 52 0.138675 0.015249 0.000264
493.491951 63 0.125988 0.018475 0.000319
494.338726 49 0.142857 0.014370 0.000250
495.185500 58 0.131306 0.017009 0.000294
496.032274 51 0.140028 0.014956 0.000259
496.879048 59 0.130189 0.017302 0.000299
497.725822 48 0.144338 0.014076 0.000245
498.572597 55 0.134840 0.016129 0.000279
499.419371 38 0.162221 0.011144 0.000197
500.266145 51 0.140028 0.014956 0.000259
501.112919 52 0.138675 0.015249 0.000264
501.959694 66 0.123091 0.019355 0.000333
502.806468 58 0.131306 0.017009 0.000294
503.653242 54 0.136083 0.015836 0.000274
504.500016 46 0.147442 0.013490 0.000235
505.346790 41 0.156174 0.012023 0.000211
506.193564 55 0.134840 0.016129 0.000279
507.040339 55 0.134840 0.016129 0.000279
507.887113 33 0.174078 0.009677 0.000173
508.733887 38 0.162221 0.011144 0.000197
509.580662 38 0.162221 0.011144 0.000197
510.427436 49 0.142857 0.014370 0.000250
511.274210 54 0.136083 0.015836 0.000274
512.120984 54 0.136083 0.015836 0.000274
512.967758 38 0.162221 0.011144 0.000197
513.814532 57 0.132453 0.016716 0.000289
514.661307 43 0.152499 0.012610 0.000221
515.508081 38 0.162221 0.011144 0.000197
516.354855 47 0.145865 0.013783 0.000240
517.201629 41 0.156174 0.012023 0.000211
518.048404 48 0.144338 0.014076 0.000245
518.895178 47 0.145865 0.013783 0.000240
519.741952 35 0.169031 0.010264 0.000183
520.588726 45 0.149071 0.013196 0.000230
521.435500 44 0.150756 0.012903 0.000225
522.282275 45 0.149071 0.013196 0.000230
523.129049 35 0.169031 0.010264 0.000183
523.975823 53 0.137361 0.015543 0.000269
524.822597 43 0.152499 0.012610 0.000221
525.669372 39 0.160128 0.011437 0.000201
526.516146 46 0.147442 0.013490 0.000235
527.362920 41 0.156174 0.012023 0.000211
528.209694 42 0.154303 0.012317 0.000216
529.056468 38 0.162221 0.011144 0.000197
529.903243 50 0.141421 0.014663 0.000254
530.750017 64 0.125000 0.018768 0.000323
531.596791 39 0.160128 0.011437 0.000201
532.443565 46 0.147442 0.013490 0.000235
533.290340 42 0.154303 0.012317 0.000216
534.137114 44 0.150756 0.012903 0.000225
534.983888 39 0.160128 0.011437 0.000201
535.830662 36 0.166667 0.010557 0.000187
536.677436 47 0.145865 0.013783 0.000240
537.524211 41 0.156174 0.012023 0.000211
538.370985 44 0.150756 0.012903 0.000225
539.217759 44 0.150756 0.012903 0.000225
540.064533 43 0.152499 0.012610 0.000221
540.911308 42 0.154303 0.012317 0.000216
541.758082 40 0.158114 0.011730 0.000206
542.604856 33 0.174078 0.009677 0.000173
543.451630 30 0.182574 0.008798 0.000160
544.298404 40 0.158114 0.011730 0.000206
545.145179 27 0.192450 0.007918 0.000147
545.991953 41 0.156174 0.012023 0.000211
546.838727 48 0.144338 0.014076 0.000245
547.685501 36 0.166667 0.010557 0.000187
548.532275 42 0.154303 0.012317 0.000216
549.379050 47 0.145865 0.013783 0.000240
550.225824 41 0.156174 0.012023 0.000211
551.072598 37 0.164399 0.010850 0.000192
551.919373 29 0.185695 0.008504 0.000155
552.766147 35 0.169031 0.010264 0.000183
553.612921 43 0.152499 0.012610 0.000221
554.459695 30 0.182574 0.008798 0.000160
555.306469 40 0.158114 0.011730 0.000206
556.153243 35 0.169031 0.010264 0.000183
557.000018 48 0.144338 0.014076 0.000245
557.846792 36 0.166667 0.010557 0.000187
558.693566 39 0.160128 0.011437 0.000201
559.540340 44 0.150756 0.012903 0.000225
560.387115 37 0.164399 0.010850 0.000192
561.233889 34 0.171499 0.009971 0.000178
562.080663 45 0.149071 0.013196 0.000230
562.927437 33 0.174078 0.009677 0.000173
563.774211 36 0.166667 0.010557 0.000187
564.620986 39 0.160128 0.011437 0.000201
565.467760 35 0.169031 0.010264 0.000183
566.314534 38 0.162221 0.011144 0.000197
567.161308 40 0.158114 0.011730 0.000206
568.008083 33 0.174078 0.009677 0.000173
568.854857 37 0.164399 0.010850 0.000192
569.701631 23 0.208514 0.006745 0.000131
570.548405 26 0.196116 0.007625 0.000143
571.395179 34 0.171499 0.009971 0.000178
572.241954 48 0.144338 0.014076 0.000245
573.088728 36 0.166667 0.010557 0.000187
573.935502 42 0.154303 0.012317 0.000216
574.782276 40 0.158114 0.011730 0.000206
575.629051 29 0.185695 0.008504 0.000155
576.475825 34 0.171499 0.009971 0.000178
577.322599 25 0.200000 0.007331 0.000139
578.169373 32 0.176777 0.009384 0.000169
579.016147 25 0.200000 0.007331 0.000139
579.862922 33 0.174078 0.009677 0.000173
580.709696 39 0.160128 0.011437 0.000201
581.556470 34 0.171499 0.009971 0.000178
582.403244 26 0.196116 0.007625 0.000143
583.250019 35 0.169031 0.010264 0.000183
584.096793 39 0.160128 0.011437 0.000201
584.943567 36 0.166667 0.010557 0.000187
585.790341 39 0.160128 0.011437 0.000201
586.637115 31 0.179605 0.009091 0.000164
587.483890 34 0.171499 0.009971 0.000178
588.330664 31 0.179605 0.009091 0.000164
589.177438 28 0.188982 0.008211 0.000151
590.024212 28 0.188982 0.008211 0.000151
590.870987 31 0.179605 0.009091 0.000164
591.717761 34 0.171499 0.009971 0.000178
592.564535 47 0.145865 0.013783 0.000240
593.411309 49 0.142857 0.014370 0.000250
594.258083 26 0.196116 0.007625 0.000143
595.104858 29 0.185695 0.008504 0.000155
595.951632 22 0.213201 0.006452 0.000127
596.798406 29 0.185695 0.008504 0.000155
597.645180 34 0.171499 0.009971 0.000178
598.491955 19 0.229416 0.005572 0.000117
599.338729 35 0.169031 0.010264 0.000183
600.185503 27 0.192450 0.007918 0.000147
601.032277 29 0.185695 0.008504 0.000155
601.879051 27 0.192450 0.007918 0.000147
602.725826 40 0.158114 0.011730 0.000206
603.572600 23 0.208514 0.006745 0.000131
604.419374 32 0.176777 0.009384 0.000169
605.266148 25 0.200000 0.007331 0.000139
606.112922 35 0.169031 0.010264 0.000183
606.959697 31 0.179605 0.009091 0.000164
607.806471 27 0.192450 0.007918 0.000147
608.653245 23 0.208514 0.006745 0.000131
609.500020 28 0.188982 0.008211 0.000151
610.346794 16 0.250000 0.004692 0.000109
611.193568 25 0.200000 0.007331 0.000139
612.040342 24 0.204124 0.007038 0.000135
612.887116 26 0.196116 0.007625 0.000143
613.733890 28 0.188982 0.008211 0.000151
614.580665 30 0.182574 0.008798 0.000160
615.427439 29 0.185695 0.008504 0.000155
616.274213 27 0.192450 0.007918 0.000147
617.120987 29 0.185695 0.008504 0.000155
617.967762 35 0.169031 0.010264 0.000183
618.814536 26 0.196116 0.007625 0.000143
619.661310 27 0.192450 0.007918 0.000147
620.508084 31 0.179605 0.009091 0.000164
621.354858 19 0.229416 0.005572 0.000117
622.201633 27 0.192450 0.007918 0.000147
623.048407 25 0.200000 0.007331 0.000139
623.895181 31 0.179605 0.009091 0.000164
624.741955 30 0.182574 0.008798 0.000160
625.588730 29 0.185695 0.008504 0.000155
626.435504 25 0.200000 0.007331 0.000139
627.282278 16 0.250000 0.004692 0.000109
628.129052 35 0.169031 0.010264 0.000183
628.975826 37 0.164399 0.010850 0.000192
629.822601 28 0.188982 0.008211 0.000151
630.669375 25 0.200000 0.007331 0.000139
631.516149 25 0.200000 0.007331 0.000139
632.362923 17 0.242536 0.004985 0.000111
633.209698 24 0.204124 0.007038 0.000135
634.056472 24 0.204124 0.007038 0.000135
634.903246 34 0.171499 0.009971 0.000178
635.750020 31 0.179605 0.009091 0.000164
636.596794 19 0.229416 0.005572 0.000117
637.443569 28 0.188982 0.008211 0.000151
638.290343 33 0.174078 0.009677 0.000173
639.137117 32 0.176777 0.009384 0.000169
639.983891 29 0.185695 0.008504 0.000155
640.830666 24 0.204124 0.007038 0.000135
641.677440 21 0.218218 0.006158 0.000123
642.524214 26 0.196116 0.007625 0.000143
643.370988 25 0.200000 0.007331 0.000139
644.217762 21 0.218218 0.006158 0.000123
645.064537 19 0.229416 0.005572 0.000117
645.911311 31 0.179605 0.009091 0.000164
646.758085 19 0.229416 0.005572 0.000117
647.604859 24 0.204124 0.007038 0.000135
648.451634 22 0.213201 0.006452 0.000127
649.298408 17 0.242536 0.004985 0.000111
650.145182 25 0.200000 0.007331 0.000139
650.991956 21 0.218218 0.006158 0.000123
651.838730 29 0.185695 0.008504 0.000155
652.685505 27 0.192450 0.007918 0.000147
653.532279 17 0.242536 0.004985 0.000111
654.379053 14 0.267261 0.004106 0.000105
655.225827 26 0.196116 0.007625 0.000143
656.072602 21 0.218218 0.006158 0.000123
656.919376 27 0.192450 0.007918 0.000147
657.766150 21 0.218218 0.006158 0.000123
658.612924 18 0.235702 0.005279 0.000114
659.459698 17 0.242536 0.004985 0.000111
660.306473 17 0.242536 0.004985 0.000111
661.153247 17 0.242536 0.004985 0.000111
662.000021 19 0.229416 0.005572 0.000117
662.846795 15 0.258199 0.004399 0.000107
663.693569 19 0.229416 0.005572 0.000117
664.540344 26 0.196116 0.007625 0.000143
665.387118 24 0.204124 0.007038 0.000135
666.233892 24 0.204124 0.007038 0.000135
667.080667 17 0.242536 0.004985 0.000111
667.927441 21 0.218218 0.006158 0.000123
668.774215 18 0.235702 0.005279 0.000114
669.620989 22 0.213201 0.006452 0.000127
670.467763 18 0.235702 0.005279 0.000114
671.314537 22 0.213201 0.006452 0.000127
672.161312 18 0.235702 0.005279 0.000114
673.008086 19 0.229416 0.005572 0.000117
673.854860 22 0.213201 0.006452 0.000127
674.701634 17 0.242536 0.004985 0.000111
675.548409 27 0.192450 0.007918 0.000147
676.395183 30 0.182574 0.008798 0.000160
677.241957 19 0.229416 0.005572 0.000117
678.088731 11 0.301511 0.003226 0.000104
678.935505 25 0.200000 0.007331 0.000139
679.782280 16 0.250000 0.004692 0.000109
680.629054 16 0.250000 0.004692 0.000109
681.475828 26 0.196116 0.007625 0.000143
682.322602 23 0.208514 0.006745 0.000131
683.169377 16 0.250000 0.004692 0.000109
684.016151 20 0.223607 0.005865 0.000120
684.862925 14 0.267261 0.004106 0.000105
685.709699 15 0.258199 0.004399 0.000107
686.556473 24 0.204124 0.007038 0.000135
687.403248 26 0.196116 0.007625 0.000143
688.250022 21 0.218218 0.006158 0.000123
689.096796 20 0.223607 0.005865 0.000120
689.943570 17 0.242536 0.004985 0.000111
690.790345 19 0.229416 0.005572 0.000117
691.637119 22 0.213201 0.006452 0.000127
692.483893 9 0.333333 0.002639 0.000108
693.330667 21 0.218218 0.006158 0.000123
694.177441 16 0.250000 0.004692 0.000109
695.024216 17 0.242536 0.004985 0.000111
695.870990 23 0.208514 0.006745 0.000131
696.717764 12 0.288675 0.003519 0.000104
697.564538 22 0.213201 0.006452 0.000127
698.411313 11 0.301511 0.003226 0.000104
699.258087 15 0.258199 0.004399 0.000107
700.104861 9 0.333333 0.002639 0.000108
700.951635 6 0.408248 0.001760 0.000123
701.798409 19 0.229416 0.005572 0.000117
702.645184 16 0.250000 0.004692 0.000109
703.491958 17 0.242536 0.004985 0.000111
704.338732 23 0.208514 0.006745 0.000131
705.185506 22 0.213201 0.006452 0.000127
706.032281 15 0.258199 0.004399 0.000107
706.879055 17 0.242536 0.004985 0.000111
707.725829 17 0.242536 0.004985 0.000111
708.572603 15 0.258199 0.004399 0.000107
709.419377 16 0.250000 0.004692 0.000109
710.266152 20 0.223607 0.005865 0.000120
711.112926 16 0.250000 0.004692 0.000109
711.959700 15 0.258199 0.004399 0.000107
712.806474 19 0.229416 0.005572 0.000117
713.653249 19 0.229416 0.005572 0.000117
714.500023 11 0.301511 0.003226 0.000104
715.346797 19 0.229416 0.005572 0.000117
716.193571 12 0.288675 0.003519 0.000104
717.040345 17 0.242536 0.004985 0.000111
717.887120 17 0.242536 0.004985 0.000111
718.733894 11 0.301511 0.003226 0.000104
719.580668 21 0.218218 0.006158 0.000123
720.427442 11 0.301511 0.003226 0.000104
721.274216 18 0.235702 0.005279 0.000114
722.120991 17 0.242536 0.004985 0.000111
722.967765 12 0.288675 0.003519 0.000104
723.814539 14 0.267261 0.004106 0.000105
724.661314 12 0.288675 0.003519 0.000104
725.508088 9 0.333333 0.002639 0.000108
726.354862 18 0.235702 0.005279 0.000114
727.201636 6 0.408248 0.001760 0.000123
728.048410 9 0.333333 0.002639 0.000108
728.895184 16 0.250000 0.004692 0.000109
729.741959 19 0.229416 0.005572 0.000117
730.588733 14 0.267261 0.004106 0.000105
731.435507 15 0.258199 0.004399 0.000107
732.282281 16 0.250000 0.004692 0.000109
733.129056 10 0.316228 0.002933 0.000105
733.975830 13 0.277350 0.003812 0.000104
734.822604 5 0.447214 0.001466 0.000134
735.669378 16 0.250000 0.004692 0.000109
736.516152 14 0.267261 0.004106 0.000105
737.362927 19 0.229416 0.005572 0.000117
738.209701 14 0.267261 0.004106 0.000105
739.056475 20 0.223607 0.005865 0.000120
739.903249 7 0.377964 0.002053 0.000116
740.750024 12 0.288675 0.003519 0.000104
741.596798 10 0.316228 0.002933 0.000105
742.443572 13 0.277350 0.003812 0.000104
743.290346 6 0.408248 0.001760 0.000123
744.137120 12 0.288675 0.003519 0.000104
744.983895 12 0.288675 0.003519 0.000104
745.830669 11 0.301511 0.003226 0.000104
746.677443 6 0.408248 0.001760 0.000123
747.524217 11 0.301511 0.003226 0.000104
748.370992 10 0.316228 0.002933 0.000105
749.217766 22 0.213201 0.006452 0.000127
750.064540 3 0.577350 0.000880 0.000170
750.911314 6 0.408248 0.001760 0.000123
751.758088 17 0.242536 0.004985 0.000111
752.604863 12 0.288675 0.003519 0.000104
753.451637 12 0.288675 0.003519 0.000104
754.298411 12 0.288675 0.003519 0.000104
755.145185 11 0.301511 0.003226 0.000104
755.991960 18 0.235702 0.005279 0.000114
756.838734 17 0.242536 0.004985 0.000111
757.685508 10 0.316228 0.002933 0.000105
758.532282 10 0.316228 0.002933 0.000105
759.379056 13 0.277350 0.003812 0.000104
760.225831 9 0.333333 0.002639 0.000108
761.072605 8 0.353553 0.002346 0.000111
761.919379 8 0.353553 0.002346 0.000111
762.766153 14 0.267261 0.004106 0.000105
763.612927 9 0.333333 0.002639 0.000108
764.459702 16 0.250000 0.004692 0.000109
765.306476 11 0.301511 0.003226 0.000104
766.153250 10 0.316228 0.002933 0.000105
767.000024 9 0.333333 0.002639 0.000108
767.846799 14 0.267261 0.004106 0.000105
768.693573 11 0.301511 0.003226 0.000104
769.540347 11 0.301511 0.003226 0.000104
770.387121 6 0.408248 0.001760 0.000123
771.233896 9 0.333333 0.002639 0.000108
772.080670 11 0.301511 0.003226 0.000104
772.927444 9 0.333333 0.002639 0.000108
773.774218 8 0.353553 0.002346 0.000111
774.620992 7 0.377964 0.002053 0.000116
775.467767 5 0.447214 0.001466 0.000134
776.314541 12 0.288675 0.003519 0.000104
777.161315 9 0.333333 0.002639 0.000108
778.008089 8 0.353553 0.002346 0.000111
778.854863 15 0.258199 0.004399 0.000107
779.701638 12 0.288675 0.003519 0.000104
780.548412 6 0.408248 0.001760 0.000123
781.395186 12 0.288675 0.003519 0.000104
782.241961 6 0.408248 0.001760 0.000123
783.088735 8 0.353553 0.002346 0.000111
783.935509 7 0.377964 0.002053 0.000116
784.782283 5 0.447214 0.001466 0.000134
785.629057 10 0.316228 0.002933 0.000105
786.475831 12 0.288675 0.003519 0.000104
787.322606 12 0.288675 0.003519 0.000104
788.169380 7 0.377964 0.002053 0.000116
789.016154 13 0.277350 0.003812 0.000104
789.862928 8 0.353553 0.002346 0.000111
790.709703 7 0.377964 0.002053 0.000116
791.556477 6 0.408248 0.001760 0.000123
792.403251 6 0.408248 0.001760 0.000123
793.250025 9 0.333333 0.002639 0.000108
794.096799 16 0.250000 0.004692 0.000109
794.943574 8 0.353553 0.002346 0.000111
795.790348 12 0.288675 0.003519 0.000104
796.637122 9 0.333333 0.002639 0.000108
797.483896 11 0.301511 0.003226 0.000104
798.330671 8 0.353553 0.002346 0.000111
799.177445 6 0.408248 0.001760 0.000123
800.024219 21 0.218218 0.006158 0.000123
800.870993 9 0.333333 0.002639 0.000108
801.717767 9 0.333333 0.002639 0.000108
802.564542 10 0.316228 0.002933 0.000105
803.411316 16 0.250000 0.004692 0.000109
804.258090 12 0.288675 0.003519 0.000104
805.104864 15 0.258199 0.004399 0.000107
805.951639 9 0.333333 0.002639 0.000108
806.798413 4 0.500000 0.001173 0.000148
807.645187 5 0.447214 0.001466 0.000134
808.491961 8 0.353553 0.002346 0.000111
809.338735 7 0.377964 0.002053 0.000116
810.185510 5 0.447214 0.001466 0.000134
811.032284 11 0.301511 0.003226 0.000104
811.879058 9 0.333333 0.002639 0.000108
812.725832 6 0.408248 0.001760 0.000123
813.572607 8 0.353553 0.002346 0.000111
814.419381 9 0.333333 0.002639 0.000108
815.266155 5 0.447214 0.001466 0.000134
816.112929 14 0.267261 0.004106 0.000105
816.959703 7 0.377964 0.002053 0.000116
817.806478 7 0.377964 0.002053 0.000116
818.653252 4 0.500000 0.001173 0.000148
819.500026 5 0.447214 0.001466 0.000134
820.346800 9 0.333333 0.002639 0.000108
821.193574 12 0.288675 0.003519 0.000104
822.040349 6 0.408248 0.001760 0.000123
822.887123 11 0.301511 0.003226 0.000104
823.733897 3 0.577350 0.000880 0.000170
824.580671 5 0.447214 0.001466 0.000134
825.427446 7 0.377964 0.002053 0.000116
826.274220 9 0.333333 0.002639 0.000108
827.120994 5 0.447214 0.001466 0.000134
827.967768 7 0.377964 0.002053 0.000116
828.814543 4 0.500000 0.001173 0.000148
829.661317 5 0.447214 0.001466 0.000134
830.508091 6 0.408248 0.001760 0.000123
831.354865 10 0.316228 0.002933 0.000105
832.201639 7 0.377964 0.002053 0.000116
833.048414 5 0.447214 0.001466 0.000134
833.895188 9 0.333333 0.002639 0.000108
834.741962 3 0.577350 0.000880 0.000170
835.588736 7 0.377964 0.002053 0.000116
836.435510 4 0.500000 0.001173 0.000148
837.282285 7 0.377964 0.002053 0.000116
838.129059 3 0.577350 0.000880 0.000170
838.975833 6 0.408248 0.001760 0.000123
839.822608 5 0.447214 0.001466 0.000134
840.669382 5 0.447214 0.001466 0.000134
841.516156 4 0.500000 0.001173 0.000148
842.362930 7 0.377964 0.002053 0.000116
843.209704 8 0.353553 0.002346 0.000111
844.056478 2 0.707107 0.000587 0.000208
844.903253 1 1.000000 0.000293 0.000293
845.750027 8 0.353553 0.002346 0.000111
846.596801 7 0.377964 0.002053 0.000116
847.443575 6 0.408248 0.001760 0.000123
848.290350 5 0.447214 0.001466 0.000134
849.137124 12 0.288675 0.003519 0.000104
849.983898 5 0.447214 0.001466 0.000134
850.830672 7 0.377964 0.002053 0.000116
851.677446 9 0.333333 0.002639 0.000108
852.524221 6 0.408248 0.001760 0.000123
853.370995 10 0.316228 0.002933 0.000105
854.217769 9 0.333333 0.002639 0.000108
855.064543 0 0.000000 0.000000 0.000000
855.911318 5 0.447214 0.001466 0.000134
856.758092 2 0.707107 0.000587 0.000208
857.604866 7 0.377964 0.002053 0.000116
858.451640 3 0.577350 0.000880 0.000170
859.298414 6 0.408248 0.001760 0.000123
860.145189 6 0.408248 0.001760 0.000123
860.991963 5 0.447214 0.001466 0.000134
861.838737 6 0.408248 0.001760 0.000123
862.685511 7 0.377964 0.002053 0.000116
863.532286 3 0.577350 0.000880 0.000170
864.379060 8 0.353553 0.002346 0.000111
865.225834 7 0.377964 0.002053 0.000116
866.072608 4 0.500000 0.001173 0.000148
866.919382 6 0.408248 0.001760 0.000123
867.766157 6 0.408248 0.001760 0.000123
