# name, dx, fmax, fmax_err, norm_value, norm_vale_err
# 200D_137Cs 1 465 21.563858652847824 1 0
# bin_center, freq, freq_err, norm_freq, norm_freq_err
0.500000 0 0.000000 0.000000 0.000000
1.500000 0 0.000000 0.000000 0.000000
2.500000 0 0.000000 0.000000 0.000000
3.500000 2 1.414214 2.000000 1.414214
4.500000 12 3.464102 12.000000 3.464102
5.500000 29 5.385165 29.000000 5.385165
6.500000 36 6.000000 36.000000 6.000000
7.500000 63 7.937254 63.000000 7.937254
8.500000 189 13.747727 189.000000 13.747727
9.500000 298 17.262677 298.000000 17.262677
10.500000 390 19.748418 390.000000 19.748418
11.500000 465 21.563859 465.000000 21.563859
12.500000 400 20.000000 400.000000 20.000000
13.500000 410 20.248457 410.000000 20.248457
14.500000 377 19.416488 377.000000 19.416488
15.500000 395 19.874607 395.000000 19.874607
16.500000 330 18.165902 330.000000 18.165902
17.500000 301 17.349352 301.000000 17.349352
18.500000 322 17.944358 322.000000 17.944358
19.500000 319 17.860571 319.000000 17.860571
20.500000 292 17.088007 292.000000 17.088007
21.500000 297 17.233688 297.000000 17.233688
22.500000 320 17.888544 320.000000 17.888544
23.500000 269 16.401219 269.000000 16.401219
24.500000 253 15.905974 253.000000 15.905974
25.500000 241 15.524175 241.000000 15.524175
26.500000 252 15.874508 252.000000 15.874508
27.500000 259 16.093477 259.000000 16.093477
28.500000 200 14.142136 200.000000 14.142136
29.500000 249 15.779734 249.000000 15.779734
30.500000 255 15.968719 255.000000 15.968719
31.500000 210 14.491377 210.000000 14.491377
32.500000 218 14.764823 218.000000 14.764823
33.500000 225 15.000000 225.000000 15.000000
34.500000 261 16.155494 261.000000 16.155494
35.500000 228 15.099669 228.000000 15.099669
36.500000 212 14.560220 212.000000 14.560220
37.500000 246 15.684387 246.000000 15.684387
38.500000 252 15.874508 252.000000 15.874508
39.500000 304 17.435596 304.000000 17.435596
40.500000 268 16.370706 268.000000 16.370706
41.500000 202 14.212670 202.000000 14.212670
42.500000 282 16.792856 282.000000 16.792856
43.500000 266 16.309506 266.000000 16.309506
44.500000 270 16.431677 270.000000 16.431677
45.500000 241 15.524175 241.000000 15.524175
46.500000 212 14.560220 212.000000 14.560220
47.500000 182 13.490738 182.000000 13.490738
48.500000 209 14.456832 209.000000 14.456832
49.500000 227 15.066519 227.000000 15.066519
50.500000 247 15.716234 247.000000 15.716234
51.500000 251 15.842980 251.000000 15.842980
52.500000 297 17.233688 297.000000 17.233688
53.500000 226 15.033296 226.000000 15.033296
54.500000 282 16.792856 282.000000 16.792856
55.500000 308 17.549929 308.000000 17.549929
56.500000 251 15.842980 251.000000 15.842980
57.500000 245 15.652476 245.000000 15.652476
58.500000 315 17.748239 315.000000 17.748239
59.500000 277 16.643317 277.000000 16.643317
60.500000 279 16.703293 279.000000 16.703293
61.500000 262 16.186414 262.000000 16.186414
62.500000 297 17.233688 297.000000 17.233688
63.500000 302 17.378147 302.000000 17.378147
64.500000 269 16.401219 269.000000 16.401219
65.500000 278 16.673332 278.000000 16.673332
66.500000 282 16.792856 282.000000 16.792856
67.500000 284 16.852300 284.000000 16.852300
68.500000 322 17.944358 322.000000 17.944358
69.500000 296 17.204651 296.000000 17.204651
70.500000 302 17.378147 302.000000 17.378147
71.500000 365 19.104973 365.000000 19.104973
72.500000 332 18.220867 332.000000 18.220867
73.500000 290 17.029386 290.000000 17.029386
74.500000 333 18.248288 333.000000 18.248288
75.500000 285 16.881943 285.000000 16.881943
76.500000 327 18.083141 327.000000 18.083141
77.500000 248 15.748016 248.000000 15.748016
78.500000 294 17.146428 294.000000 17.146428
79.500000 281 16.763055 281.000000 16.763055
80.500000 318 17.832555 318.000000 17.832555
81.500000 352 18.761663 352.000000 18.761663
82.500000 296 17.204651 296.000000 17.204651
83.500000 300 17.320508 300.000000 17.320508
84.500000 293 17.117243 293.000000 17.117243
85.500000 327 18.083141 327.000000 18.083141
86.500000 361 19.000000 361.000000 19.000000
87.500000 350 18.708287 350.000000 18.708287
88.500000 317 17.804494 317.000000 17.804494
89.500000 347 18.627936 347.000000 18.627936
90.500000 281 16.763055 281.000000 16.763055
91.500000 295 17.175564 295.000000 17.175564
92.500000 326 18.055470 326.000000 18.055470
93.500000 278 16.673332 278.000000 16.673332
94.500000 288 16.970563 288.000000 16.970563
95.500000 327 18.083141 327.000000 18.083141
96.500000 326 18.055470 326.000000 18.055470
97.500000 277 16.643317 277.000000 16.643317
98.500000 298 17.262677 298.000000 17.262677
99.500000 282 16.792856 282.000000 16.792856
100.500000 266 16.309506 266.000000 16.309506
101.500000 272 16.492423 272.000000 16.492423
102.500000 262 16.186414 262.000000 16.186414
103.500000 235 15.329710 235.000000 15.329710
104.500000 281 16.763055 281.000000 16.763055
105.500000 278 16.673332 278.000000 16.673332
106.500000 312 17.663522 312.000000 17.663522
107.500000 302 17.378147 302.000000 17.378147
108.500000 295 17.175564 295.000000 17.175564
109.500000 279 16.703293 279.000000 16.703293
110.500000 260 16.124515 260.000000 16.124515
111.500000 190 13.784049 190.000000 13.784049
112.500000 257 16.031220 257.000000 16.031220
113.500000 207 14.387495 207.000000 14.387495
114.500000 250 15.811388 250.000000 15.811388
115.500000 260 16.124515 260.000000 16.124515
116.500000 252 15.874508 252.000000 15.874508
117.500000 283 16.822604 283.000000 16.822604
118.500000 272 16.492423 272.000000 16.492423
119.500000 247 15.716234 247.000000 15.716234
120.500000 181 13.453624 181.000000 13.453624
121.500000 233 15.264338 233.000000 15.264338
122.500000 275 16.583124 275.000000 16.583124
123.500000 252 15.874508 252.000000 15.874508
124.500000 278 16.673332 278.000000 16.673332
125.500000 290 17.029386 290.000000 17.029386
126.500000 233 15.264338 233.000000 15.264338
127.500000 246 15.684387 246.000000 15.684387
128.500000 220 14.832397 220.000000 14.832397
129.500000 217 14.730920 217.000000 14.730920
130.500000 212 14.560220 212.000000 14.560220
131.500000 131 11.445523 131.000000 11.445523
132.500000 190 13.784049 190.000000 13.784049
133.500000 224 14.966630 224.000000 14.966630
134.500000 221 14.866069 221.000000 14.866069
135.500000 237 15.394804 237.000000 15.394804
136.500000 250 15.811388 250.000000 15.811388
137.500000 221 14.866069 221.000000 14.866069
138.500000 224 14.966630 224.000000 14.966630
139.500000 215 14.662878 215.000000 14.662878
140.500000 218 14.764823 218.000000 14.764823
141.500000 180 13.416408 180.000000 13.416408
142.500000 274 16.552945 274.000000 16.552945
143.500000 201 14.177447 201.000000 14.177447
144.500000 238 15.427249 238.000000 15.427249
145.500000 217 14.730920 217.000000 14.730920
146.500000 199 14.106736 199.000000 14.106736
147.500000 206 14.352700 206.000000 14.352700
148.500000 188 13.711309 188.000000 13.711309
149.500000 242 15.556349 242.000000 15.556349
150.500000 165 12.845233 165.000000 12.845233
151.500000 227 15.066519 227.000000 15.066519
152.500000 208 14.422205 208.000000 14.422205
153.500000 227 15.066519 227.000000 15.066519
154.500000 251 15.842980 251.000000 15.842980
155.500000 213 14.594520 213.000000 14.594520
156.500000 223 14.933185 223.000000 14.933185
157.500000 201 14.177447 201.000000 14.177447
158.500000 163 12.767145 163.000000 12.767145
159.500000 257 16.031220 257.000000 16.031220
160.500000 224 14.966630 224.000000 14.966630
161.500000 198 14.071247 198.000000 14.071247
162.500000 235 15.329710 235.000000 15.329710
163.500000 222 14.899664 222.000000 14.899664
164.500000 170 13.038405 170.000000 13.038405
165.500000 218 14.764823 218.000000 14.764823
166.500000 216 14.696938 216.000000 14.696938
167.500000 247 15.716234 247.000000 15.716234
168.500000 205 14.317821 205.000000 14.317821
169.500000 223 14.933185 223.000000 14.933185
170.500000 158 12.569805 158.000000 12.569805
171.500000 214 14.628739 214.000000 14.628739
172.500000 204 14.282857 204.000000 14.282857
173.500000 195 13.964240 195.000000 13.964240
174.500000 222 14.899664 222.000000 14.899664
175.500000 208 14.422205 208.000000 14.422205
176.500000 185 13.601471 185.000000 13.601471
177.500000 188 13.711309 188.000000 13.711309
178.500000 181 13.453624 181.000000 13.453624
179.500000 229 15.132746 229.000000 15.132746
180.500000 176 13.266499 176.000000 13.266499
181.500000 241 15.524175 241.000000 15.524175
182.500000 229 15.132746 229.000000 15.132746
183.500000 206 14.352700 206.000000 14.352700
184.500000 202 14.212670 202.000000 14.212670
185.500000 230 15.165751 230.000000 15.165751
186.500000 215 14.662878 215.000000 14.662878
187.500000 200 14.142136 200.000000 14.142136
188.500000 214 14.628739 214.000000 14.628739
189.500000 201 14.177447 201.000000 14.177447
190.500000 186 13.638182 186.000000 13.638182
191.500000 206 14.352700 206.000000 14.352700
192.500000 171 13.076697 171.000000 13.076697
193.500000 184 13.564660 184.000000 13.564660
194.500000 266 16.309506 266.000000 16.309506
195.500000 209 14.456832 209.000000 14.456832
196.500000 194 13.928388 194.000000 13.928388
197.500000 191 13.820275 191.000000 13.820275
198.500000 167 12.922848 167.000000 12.922848
199.500000 224 14.966630 224.000000 14.966630
200.500000 168 12.961481 168.000000 12.961481
201.500000 212 14.560220 212.000000 14.560220
202.500000 189 13.747727 189.000000 13.747727
203.500000 188 13.711309 188.000000 13.711309
204.500000 196 14.000000 196.000000 14.000000
205.500000 199 14.106736 199.000000 14.106736
206.500000 158 12.569805 158.000000 12.569805
207.500000 201 14.177447 201.000000 14.177447
208.500000 233 15.264338 233.000000 15.264338
209.500000 194 13.928388 194.000000 13.928388
210.500000 110 10.488088 110.000000 10.488088
211.500000 156 12.489996 156.000000 12.489996
212.500000 168 12.961481 168.000000 12.961481
213.500000 176 13.266499 176.000000 13.266499
214.500000 175 13.228757 175.000000 13.228757
215.500000 197 14.035669 197.000000 14.035669
216.500000 184 13.564660 184.000000 13.564660
217.500000 147 12.124356 147.000000 12.124356
218.500000 120 10.954451 120.000000 10.954451
219.500000 79 8.888194 79.000000 8.888194
220.500000 171 13.076697 171.000000 13.076697
221.500000 161 12.688578 161.000000 12.688578
222.500000 164 12.806248 164.000000 12.806248
223.500000 129 11.357817 129.000000 11.357817
224.500000 178 13.341664 178.000000 13.341664
225.500000 143 11.958261 143.000000 11.958261
226.500000 108 10.392305 108.000000 10.392305
227.500000 111 10.535654 111.000000 10.535654
228.500000 105 10.246951 105.000000 10.246951
229.500000 136 11.661904 136.000000 11.661904
230.500000 146 12.083046 146.000000 12.083046
231.500000 127 11.269428 127.000000 11.269428
232.500000 106 10.295630 106.000000 10.295630
233.500000 149 12.206556 149.000000 12.206556
234.500000 116 10.770330 116.000000 10.770330
235.500000 150 12.247449 150.000000 12.247449
236.500000 141 11.874342 141.000000 11.874342
237.500000 128 11.313708 128.000000 11.313708
238.500000 144 12.000000 144.000000 12.000000
239.500000 111 10.535654 111.000000 10.535654
240.500000 95 9.746794 95.000000 9.746794
241.500000 124 11.135529 124.000000 11.135529
242.500000 189 13.747727 189.000000 13.747727
243.500000 139 11.789826 139.000000 11.789826
244.500000 112 10.583005 112.000000 10.583005
245.500000 136 11.661904 136.000000 11.661904
246.500000 133 11.532563 133.000000 11.532563
247.500000 89 9.433981 89.000000 9.433981
248.500000 151 12.288206 151.000000 12.288206
249.500000 104 10.198039 104.000000 10.198039
250.500000 160 12.649111 160.000000 12.649111
251.500000 134 11.575837 134.000000 11.575837
252.500000 141 11.874342 141.000000 11.874342
253.500000 140 11.832160 140.000000 11.832160
254.500000 150 12.247449 150.000000 12.247449
255.500000 104 10.198039 104.000000 10.198039
256.500000 177 13.304135 177.000000 13.304135
257.500000 135 11.618950 135.000000 11.618950
258.500000 136 11.661904 136.000000 11.661904
259.500000 153 12.369317 153.000000 12.369317
260.500000 136 11.661904 136.000000 11.661904
261.500000 154 12.409674 154.000000 12.409674
262.500000 199 14.106736 199.000000 14.106736
263.500000 186 13.638182 186.000000 13.638182
264.500000 130 11.401754 130.000000 11.401754
265.500000 201 14.177447 201.000000 14.177447
266.500000 196 14.000000 196.000000 14.000000
267.500000 191 13.820275 191.000000 13.820275
268.500000 172 13.114877 172.000000 13.114877
269.500000 136 11.661904 136.000000 11.661904
270.500000 158 12.569805 158.000000 12.569805
271.500000 176 13.266499 176.000000 13.266499
272.500000 247 15.716234 247.000000 15.716234
273.500000 243 15.588457 243.000000 15.588457
274.500000 186 13.638182 186.000000 13.638182
275.500000 264 16.248077 264.000000 16.248077
276.500000 193 13.892444 193.000000 13.892444
277.500000 227 15.066519 227.000000 15.066519
278.500000 212 14.560220 212.000000 14.560220
279.500000 239 15.459625 239.000000 15.459625
280.500000 189 13.747727 189.000000 13.747727
281.500000 212 14.560220 212.000000 14.560220
282.500000 174 13.190906 174.000000 13.190906
283.500000 246 15.684387 246.000000 15.684387
284.500000 189 13.747727 189.000000 13.747727
285.500000 200 14.142136 200.000000 14.142136
286.500000 224 14.966630 224.000000 14.966630
287.500000 199 14.106736 199.000000 14.106736
288.500000 241 15.524175 241.000000 15.524175
289.500000 259 16.093477 259.000000 16.093477
290.500000 195 13.964240 195.000000 13.964240
291.500000 218 14.764823 218.000000 14.764823
292.500000 237 15.394804 237.000000 15.394804
293.500000 219 14.798649 219.000000 14.798649
294.500000 252 15.874508 252.000000 15.874508
295.500000 230 15.165751 230.000000 15.165751
296.500000 212 14.560220 212.000000 14.560220
297.500000 203 14.247807 203.000000 14.247807
298.500000 247 15.716234 247.000000 15.716234
299.500000 239 15.459625 239.000000 15.459625
300.500000 239 15.459625 239.000000 15.459625
301.500000 209 14.456832 209.000000 14.456832
302.500000 210 14.491377 210.000000 14.491377
303.500000 193 13.892444 193.000000 13.892444
304.500000 203 14.247807 203.000000 14.247807
305.500000 281 16.763055 281.000000 16.763055
306.500000 205 14.317821 205.000000 14.317821
307.500000 204 14.282857 204.000000 14.282857
308.500000 188 13.711309 188.000000 13.711309
309.500000 209 14.456832 209.000000 14.456832
310.500000 207 14.387495 207.000000 14.387495
311.500000 247 15.716234 247.000000 15.716234
312.500000 145 12.041595 145.000000 12.041595
313.500000 203 14.247807 203.000000 14.247807
314.500000 235 15.329710 235.000000 15.329710
315.500000 171 13.076697 171.000000 13.076697
316.500000 157 12.529964 157.000000 12.529964
317.500000 139 11.789826 139.000000 11.789826
318.500000 116 10.770330 116.000000 10.770330
319.500000 165 12.845233 165.000000 12.845233
320.500000 170 13.038405 170.000000 13.038405
321.500000 234 15.297059 234.000000 15.297059
322.500000 106 10.295630 106.000000 10.295630
323.500000 180 13.416408 180.000000 13.416408
324.500000 197 14.035669 197.000000 14.035669
325.500000 182 13.490738 182.000000 13.490738
326.500000 136 11.661904 136.000000 11.661904
327.500000 176 13.266499 176.000000 13.266499
328.500000 134 11.575837 134.000000 11.575837
329.500000 167 12.922848 167.000000 12.922848
330.500000 207 14.387495 207.000000 14.387495
331.500000 148 12.165525 148.000000 12.165525
332.500000 167 12.922848 167.000000 12.922848
333.500000 155 12.449900 155.000000 12.449900
334.500000 151 12.288206 151.000000 12.288206
335.500000 121 11.000000 121.000000 11.000000
336.500000 162 12.727922 162.000000 12.727922
337.500000 102 10.099505 102.000000 10.099505
338.500000 122 11.045361 122.000000 11.045361
339.500000 116 10.770330 116.000000 10.770330
340.500000 155 12.449900 155.000000 12.449900
341.500000 130 11.401754 130.000000 11.401754
342.500000 116 10.770330 116.000000 10.770330
343.500000 143 11.958261 143.000000 11.958261
344.500000 175 13.228757 175.000000 13.228757
345.500000 125 11.180340 125.000000 11.180340
346.500000 116 10.770330 116.000000 10.770330
347.500000 111 10.535654 111.000000 10.535654
348.500000 103 10.148892 103.000000 10.148892
349.500000 94 9.695360 94.000000 9.695360
350.500000 103 10.148892 103.000000 10.148892
351.500000 100 10.000000 100.000000 10.000000
352.500000 117 10.816654 117.000000 10.816654
353.500000 98 9.899495 98.000000 9.899495
354.500000 74 8.602325 74.000000 8.602325
355.500000 69 8.306624 69.000000 8.306624
356.500000 77 8.774964 77.000000 8.774964
357.500000 86 9.273618 86.000000 9.273618
358.500000 70 8.366600 70.000000 8.366600
359.500000 88 9.380832 88.000000 9.380832
360.500000 64 8.000000 64.000000 8.000000
361.500000 93 9.643651 93.000000 9.643651
362.500000 75 8.660254 75.000000 8.660254
363.500000 42 6.480741 42.000000 6.480741
364.500000 85 9.219544 85.000000 9.219544
365.500000 74 8.602325 74.000000 8.602325
366.500000 66 8.124038 66.000000 8.124038
367.500000 77 8.774964 77.000000 8.774964
368.500000 70 8.366600 70.000000 8.366600
369.500000 69 8.306624 69.000000 8.306624
370.500000 87 9.327379 87.000000 9.327379
371.500000 57 7.549834 57.000000 7.549834
372.500000 41 6.403124 41.000000 6.403124
373.500000 89 9.433981 89.000000 9.433981
374.500000 75 8.660254 75.000000 8.660254
375.500000 62 7.874008 62.000000 7.874008
376.500000 88 9.380832 88.000000 9.380832
377.500000 84 9.165151 84.000000 9.165151
378.500000 46 6.782330 46.000000 6.782330
379.500000 66 8.124038 66.000000 8.124038
380.500000 103 10.148892 103.000000 10.148892
381.500000 52 7.211103 52.000000 7.211103
382.500000 75 8.660254 75.000000 8.660254
383.500000 55 7.416198 55.000000 7.416198
384.500000 54 7.348469 54.000000 7.348469
385.500000 18 4.242641 18.000000 4.242641
386.500000 68 8.246211 68.000000 8.246211
387.500000 67 8.185353 67.000000 8.185353
388.500000 54 7.348469 54.000000 7.348469
389.500000 57 7.549834 57.000000 7.549834
390.500000 35 5.916080 35.000000 5.916080
391.500000 34 5.830952 34.000000 5.830952
392.500000 36 6.000000 36.000000 6.000000
393.500000 54 7.348469 54.000000 7.348469
394.500000 42 6.480741 42.000000 6.480741
395.500000 44 6.633250 44.000000 6.633250
396.500000 21 4.582576 21.000000 4.582576
397.500000 53 7.280110 53.000000 7.280110
398.500000 64 8.000000 64.000000 8.000000
399.500000 42 6.480741 42.000000 6.480741
400.500000 105 10.246951 105.000000 10.246951
401.500000 62 7.874008 62.000000 7.874008
402.500000 38 6.164414 38.000000 6.164414
403.500000 31 5.567764 31.000000 5.567764
404.500000 31 5.567764 31.000000 5.567764
405.500000 44 6.633250 44.000000 6.633250
406.500000 51 7.141428 51.000000 7.141428
407.500000 39 6.244998 39.000000 6.244998
408.500000 43 6.557439 43.000000 6.557439
409.500000 54 7.348469 54.000000 7.348469
410.500000 34 5.830952 34.000000 5.830952
411.500000 51 7.141428 51.000000 7.141428
412.500000 57 7.549834 57.000000 7.549834
413.500000 57 7.549834 57.000000 7.549834
414.500000 36 6.000000 36.000000 6.000000
415.500000 11 3.316625 11.000000 3.316625
416.500000 7 2.645751 7.000000 2.645751
417.500000 25 5.000000 25.000000 5.000000
418.500000 -2 0.000000 -2.000000 0.000000
419.500000 77 8.774964 77.000000 8.774964
420.500000 31 5.567764 31.000000 5.567764
421.500000 21 4.582576 21.000000 4.582576
422.500000 23 4.795832 23.000000 4.795832
423.500000 47 6.855655 47.000000 6.855655
424.500000 54 7.348469 54.000000 7.348469
425.500000 30 5.477226 30.000000 5.477226
426.500000 18 4.242641 18.000000 4.242641
427.500000 34 5.830952 34.000000 5.830952
428.500000 56 7.483315 56.000000 7.483315
429.500000 36 6.000000 36.000000 6.000000
430.500000 21 4.582576 21.000000 4.582576
431.500000 46 6.782330 46.000000 6.782330
432.500000 35 5.916080 35.000000 5.916080
433.500000 36 6.000000 36.000000 6.000000
434.500000 41 6.403124 41.000000 6.403124
435.500000 60 7.745967 60.000000 7.745967
436.500000 20 4.472136 20.000000 4.472136
437.500000 53 7.280110 53.000000 7.280110
438.500000 61 7.810250 61.000000 7.810250
439.500000 42 6.480741 42.000000 6.480741
440.500000 43 6.557439 43.000000 6.557439
441.500000 24 4.898979 24.000000 4.898979
442.500000 34 5.830952 34.000000 5.830952
443.500000 12 3.464102 12.000000 3.464102
444.500000 29 5.385165 29.000000 5.385165
445.500000 31 5.567764 31.000000 5.567764
446.500000 35 5.916080 35.000000 5.916080
447.500000 40 6.324555 40.000000 6.324555
448.500000 23 4.795832 23.000000 4.795832
449.500000 40 6.324555 40.000000 6.324555
450.500000 35 5.916080 35.000000 5.916080
451.500000 24 4.898979 24.000000 4.898979
452.500000 15 3.872983 15.000000 3.872983
453.500000 35 5.916080 35.000000 5.916080
454.500000 13 3.605551 13.000000 3.605551
455.500000 41 6.403124 41.000000 6.403124
456.500000 12 3.464102 12.000000 3.464102
457.500000 31 5.567764 31.000000 5.567764
458.500000 22 4.690416 22.000000 4.690416
459.500000 52 7.211103 52.000000 7.211103
460.500000 35 5.916080 35.000000 5.916080
461.500000 14 3.741657 14.000000 3.741657
462.500000 15 3.872983 15.000000 3.872983
463.500000 23 4.795832 23.000000 4.795832
464.500000 17 4.123106 17.000000 4.123106
465.500000 45 6.708204 45.000000 6.708204
466.500000 21 4.582576 21.000000 4.582576
467.500000 31 5.567764 31.000000 5.567764
468.500000 18 4.242641 18.000000 4.242641
469.500000 48 6.928203 48.000000 6.928203
470.500000 24 4.898979 24.000000 4.898979
471.500000 43 6.557439 43.000000 6.557439
472.500000 42 6.480741 42.000000 6.480741
473.500000 20 4.472136 20.000000 4.472136
474.500000 27 5.196152 27.000000 5.196152
475.500000 30 5.477226 30.000000 5.477226
476.500000 46 6.782330 46.000000 6.782330
477.500000 55 7.416198 55.000000 7.416198
478.500000 39 6.244998 39.000000 6.244998
479.500000 15 3.872983 15.000000 3.872983
480.500000 27 5.196152 27.000000 5.196152
481.500000 28 5.291503 28.000000 5.291503
482.500000 31 5.567764 31.000000 5.567764
483.500000 48 6.928203 48.000000 6.928203
484.500000 31 5.567764 31.000000 5.567764
485.500000 12 3.464102 12.000000 3.464102
486.500000 38 6.164414 38.000000 6.164414
487.500000 29 5.385165 29.000000 5.385165
488.500000 42 6.480741 42.000000 6.480741
489.500000 34 5.830952 34.000000 5.830952
490.500000 35 5.916080 35.000000 5.916080
491.500000 19 4.358899 19.000000 4.358899
492.500000 33 5.744563 33.000000 5.744563
493.500000 3 1.732051 3.000000 1.732051
494.500000 19 4.358899 19.000000 4.358899
495.500000 15 3.872983 15.000000 3.872983
496.500000 24 4.898979 24.000000 4.898979
497.500000 39 6.244998 39.000000 6.244998
498.500000 14 3.741657 14.000000 3.741657
499.500000 44 6.633250 44.000000 6.633250
500.500000 22 4.690416 22.000000 4.690416
501.500000 37 6.082763 37.000000 6.082763
502.500000 24 4.898979 24.000000 4.898979
503.500000 28 5.291503 28.000000 5.291503
504.500000 9 3.000000 9.000000 3.000000
505.500000 38 6.164414 38.000000 6.164414
506.500000 22 4.690416 22.000000 4.690416
507.500000 15 3.872983 15.000000 3.872983
508.500000 19 4.358899 19.000000 4.358899
509.500000 27 5.196152 27.000000 5.196152
510.500000 43 6.557439 43.000000 6.557439
511.500000 11 3.316625 11.000000 3.316625
512.500000 15 3.872983 15.000000 3.872983
513.500000 20 4.472136 20.000000 4.472136
514.500000 46 6.782330 46.000000 6.782330
515.500000 29 5.385165 29.000000 5.385165
516.500000 4 2.000000 4.000000 2.000000
517.500000 20 4.472136 20.000000 4.472136
518.500000 12 3.464102 12.000000 3.464102
519.500000 44 6.633250 44.000000 6.633250
520.500000 27 5.196152 27.000000 5.196152
521.500000 33 5.744563 33.000000 5.744563
522.500000 11 3.316625 11.000000 3.316625
523.500000 36 6.000000 36.000000 6.000000
524.500000 33 5.744563 33.000000 5.744563
525.500000 17 4.123106 17.000000 4.123106
526.500000 31 5.567764 31.000000 5.567764
527.500000 30 5.477226 30.000000 5.477226
528.500000 30 5.477226 30.000000 5.477226
529.500000 33 5.744563 33.000000 5.744563
530.500000 37 6.082763 37.000000 6.082763
531.500000 15 3.872983 15.000000 3.872983
532.500000 5 2.236068 5.000000 2.236068
533.500000 12 3.464102 12.000000 3.464102
534.500000 31 5.567764 31.000000 5.567764
535.500000 27 5.196152 27.000000 5.196152
536.500000 26 5.099020 26.000000 5.099020
537.500000 23 4.795832 23.000000 4.795832
538.500000 22 4.690416 22.000000 4.690416
539.500000 13 3.605551 13.000000 3.605551
540.500000 14 3.741657 14.000000 3.741657
541.500000 23 4.795832 23.000000 4.795832
542.500000 28 5.291503 28.000000 5.291503
543.500000 14 3.741657 14.000000 3.741657
544.500000 25 5.000000 25.000000 5.000000
545.500000 12 3.464102 12.000000 3.464102
546.500000 25 5.000000 25.000000 5.000000
547.500000 33 5.744563 33.000000 5.744563
548.500000 20 4.472136 20.000000 4.472136
549.500000 28 5.291503 28.000000 5.291503
550.500000 16 4.000000 16.000000 4.000000
551.500000 38 6.164414 38.000000 6.164414
552.500000 31 5.567764 31.000000 5.567764
553.500000 4 2.000000 4.000000 2.000000
554.500000 0 0.000000 0.000000 0.000000
555.500000 19 4.358899 19.000000 4.358899
556.500000 1 1.000000 1.000000 1.000000
557.500000 28 5.291503 28.000000 5.291503
558.500000 27 5.196152 27.000000 5.196152
559.500000 29 5.385165 29.000000 5.385165
560.500000 17 4.123106 17.000000 4.123106
561.500000 21 4.582576 21.000000 4.582576
562.500000 16 4.000000 16.000000 4.000000
563.500000 17 4.123106 17.000000 4.123106
564.500000 23 4.795832 23.000000 4.795832
565.500000 20 4.472136 20.000000 4.472136
566.500000 0 0.000000 0.000000 0.000000
567.500000 36 6.000000 36.000000 6.000000
568.500000 24 4.898979 24.000000 4.898979
569.500000 3 1.732051 3.000000 1.732051
570.500000 9 3.000000 9.000000 3.000000
571.500000 2 1.414214 2.000000 1.414214
572.500000 19 4.358899 19.000000 4.358899
573.500000 6 2.449490 6.000000 2.449490
574.500000 38 6.164414 38.000000 6.164414
575.500000 20 4.472136 20.000000 4.472136
576.500000 29 5.385165 29.000000 5.385165
577.500000 42 6.480741 42.000000 6.480741
578.500000 21 4.582576 21.000000 4.582576
579.500000 32 5.656854 32.000000 5.656854
580.500000 19 4.358899 19.000000 4.358899
581.500000 8 2.828427 8.000000 2.828427
582.500000 25 5.000000 25.000000 5.000000
583.500000 4 2.000000 4.000000 2.000000
584.500000 31 5.567764 31.000000 5.567764
585.500000 31 5.567764 31.000000 5.567764
586.500000 4 2.000000 4.000000 2.000000
587.500000 -1 0.000000 -1.000000 0.000000
588.500000 26 5.099020 26.000000 5.099020
589.500000 34 5.830952 34.000000 5.830952
590.500000 38 6.164414 38.000000 6.164414
591.500000 20 4.472136 20.000000 4.472136
592.500000 25 5.000000 25.000000 5.000000
593.500000 13 3.605551 13.000000 3.605551
594.500000 8 2.828427 8.000000 2.828427
595.500000 26 5.099020 26.000000 5.099020
596.500000 28 5.291503 28.000000 5.291503
597.500000 38 6.164414 38.000000 6.164414
598.500000 10 3.162278 10.000000 3.162278
599.500000 20 4.472136 20.000000 4.472136
600.500000 -5 0.000000 -5.000000 0.000000
601.500000 34 5.830952 34.000000 5.830952
602.500000 37 6.082763 37.000000 6.082763
603.500000 9 3.000000 9.000000 3.000000
604.500000 26 5.099020 26.000000 5.099020
605.500000 7 2.645751 7.000000 2.645751
606.500000 19 4.358899 19.000000 4.358899
607.500000 9 3.000000 9.000000 3.000000
608.500000 16 4.000000 16.000000 4.000000
609.500000 17 4.123106 17.000000 4.123106
610.500000 10 3.162278 10.000000 3.162278
611.500000 17 4.123106 17.000000 4.123106
612.500000 18 4.242641 18.000000 4.242641
613.500000 25 5.000000 25.000000 5.000000
614.500000 16 4.000000 16.000000 4.000000
615.500000 38 6.164414 38.000000 6.164414
616.500000 14 3.741657 14.000000 3.741657
617.500000 14 3.741657 14.000000 3.741657
618.500000 3 1.732051 3.000000 1.732051
619.500000 30 5.477226 30.000000 5.477226
620.500000 42 6.480741 42.000000 6.480741
621.500000 35 5.916080 35.000000 5.916080
622.500000 7 2.645751 7.000000 2.645751
623.500000 19 4.358899 19.000000 4.358899
624.500000 24 4.898979 24.000000 4.898979
625.500000 37 6.082763 37.000000 6.082763
626.500000 17 4.123106 17.000000 4.123106
627.500000 30 5.477226 30.000000 5.477226
628.500000 32 5.656854 32.000000 5.656854
629.500000 6 2.449490 6.000000 2.449490
630.500000 12 3.464102 12.000000 3.464102
631.500000 40 6.324555 40.000000 6.324555
632.500000 26 5.099020 26.000000 5.099020
633.500000 33 5.744563 33.000000 5.744563
634.500000 21 4.582576 21.000000 4.582576
635.500000 15 3.872983 15.000000 3.872983
636.500000 15 3.872983 15.000000 3.872983
637.500000 21 4.582576 21.000000 4.582576
638.500000 38 6.164414 38.000000 6.164414
639.500000 14 3.741657 14.000000 3.741657
640.500000 7 2.645751 7.000000 2.645751
641.500000 21 4.582576 21.000000 4.582576
642.500000 4 2.000000 4.000000 2.000000
643.500000 19 4.358899 19.000000 4.358899
644.500000 30 5.477226 30.000000 5.477226
645.500000 19 4.358899 19.000000 4.358899
646.500000 20 4.472136 20.000000 4.472136
647.500000 15 3.872983 15.000000 3.872983
648.500000 20 4.472136 20.000000 4.472136
649.500000 7 2.645751 7.000000 2.645751
650.500000 4 2.000000 4.000000 2.000000
651.500000 26 5.099020 26.000000 5.099020
652.500000 18 4.242641 18.000000 4.242641
653.500000 14 3.741657 14.000000 3.741657
654.500000 43 6.557439 43.000000 6.557439
655.500000 0 0.000000 0.000000 0.000000
656.500000 19 4.358899 19.000000 4.358899
657.500000 18 4.242641 18.000000 4.242641
658.500000 11 3.316625 11.000000 3.316625
659.500000 16 4.000000 16.000000 4.000000
660.500000 24 4.898979 24.000000 4.898979
661.500000 28 5.291503 28.000000 5.291503
662.500000 21 4.582576 21.000000 4.582576
663.500000 17 4.123106 17.000000 4.123106
664.500000 31 5.567764 31.000000 5.567764
665.500000 21 4.582576 21.000000 4.582576
666.500000 13 3.605551 13.000000 3.605551
667.500000 25 5.000000 25.000000 5.000000
668.500000 12 3.464102 12.000000 3.464102
669.500000 2 1.414214 2.000000 1.414214
670.500000 21 4.582576 21.000000 4.582576
671.500000 3 1.732051 3.000000 1.732051
672.500000 15 3.872983 15.000000 3.872983
673.500000 20 4.472136 20.000000 4.472136
674.500000 10 3.162278 10.000000 3.162278
675.500000 22 4.690416 22.000000 4.690416
676.500000 29 5.385165 29.000000 5.385165
677.500000 15 3.872983 15.000000 3.872983
678.500000 14 3.741657 14.000000 3.741657
679.500000 19 4.358899 19.000000 4.358899
680.500000 27 5.196152 27.000000 5.196152
681.500000 17 4.123106 17.000000 4.123106
682.500000 22 4.690416 22.000000 4.690416
683.500000 16 4.000000 16.000000 4.000000
684.500000 20 4.472136 20.000000 4.472136
685.500000 22 4.690416 22.000000 4.690416
686.500000 10 3.162278 10.000000 3.162278
687.500000 13 3.605551 13.000000 3.605551
688.500000 23 4.795832 23.000000 4.795832
689.500000 -1 0.000000 -1.000000 0.000000
690.500000 30 5.477226 30.000000 5.477226
691.500000 21 4.582576 21.000000 4.582576
692.500000 9 3.000000 9.000000 3.000000
693.500000 25 5.000000 25.000000 5.000000
694.500000 16 4.000000 16.000000 4.000000
695.500000 9 3.000000 9.000000 3.000000
696.500000 7 2.645751 7.000000 2.645751
697.500000 10 3.162278 10.000000 3.162278
698.500000 16 4.000000 16.000000 4.000000
699.500000 16 4.000000 16.000000 4.000000
700.500000 14 3.741657 14.000000 3.741657
701.500000 7 2.645751 7.000000 2.645751
702.500000 13 3.605551 13.000000 3.605551
703.500000 18 4.242641 18.000000 4.242641
704.500000 10 3.162278 10.000000 3.162278
705.500000 11 3.316625 11.000000 3.316625
706.500000 10 3.162278 10.000000 3.162278
707.500000 9 3.000000 9.000000 3.000000
708.500000 12 3.464102 12.000000 3.464102
709.500000 6 2.449490 6.000000 2.449490
710.500000 0 0.000000 0.000000 0.000000
711.500000 14 3.741657 14.000000 3.741657
712.500000 14 3.741657 14.000000 3.741657
713.500000 -4 0.000000 -4.000000 0.000000
714.500000 8 2.828427 8.000000 2.828427
715.500000 18 4.242641 18.000000 4.242641
716.500000 9 3.000000 9.000000 3.000000
717.500000 15 3.872983 15.000000 3.872983
718.500000 -2 0.000000 -2.000000 0.000000
719.500000 4 2.000000 4.000000 2.000000
720.500000 -5 0.000000 -5.000000 0.000000
721.500000 4 2.000000 4.000000 2.000000
722.500000 28 5.291503 28.000000 5.291503
723.500000 7 2.645751 7.000000 2.645751
724.500000 13 3.605551 13.000000 3.605551
725.500000 18 4.242641 18.000000 4.242641
726.500000 1 1.000000 1.000000 1.000000
727.500000 18 4.242641 18.000000 4.242641
728.500000 0 0.000000 0.000000 0.000000
729.500000 9 3.000000 9.000000 3.000000
730.500000 18 4.242641 18.000000 4.242641
731.500000 5 2.236068 5.000000 2.236068
732.500000 14 3.741657 14.000000 3.741657
733.500000 7 2.645751 7.000000 2.645751
734.500000 0 0.000000 0.000000 0.000000
735.500000 -3 0.000000 -3.000000 0.000000
736.500000 11 3.316625 11.000000 3.316625
737.500000 26 5.099020 26.000000 5.099020
738.500000 5 2.236068 5.000000 2.236068
739.500000 11 3.316625 11.000000 3.316625
740.500000 9 3.000000 9.000000 3.000000
741.500000 10 3.162278 10.000000 3.162278
742.500000 0 0.000000 0.000000 0.000000
743.500000 10 3.162278 10.000000 3.162278
744.500000 6 2.449490 6.000000 2.449490
745.500000 10 3.162278 10.000000 3.162278
746.500000 13 3.605551 13.000000 3.605551
747.500000 6 2.449490 6.000000 2.449490
748.500000 2 1.414214 2.000000 1.414214
749.500000 11 3.316625 11.000000 3.316625
750.500000 10 3.162278 10.000000 3.162278
751.500000 5 2.236068 5.000000 2.236068
752.500000 21 4.582576 21.000000 4.582576
753.500000 0 0.000000 0.000000 0.000000
754.500000 6 2.449490 6.000000 2.449490
755.500000 0 0.000000 0.000000 0.000000
756.500000 6 2.449490 6.000000 2.449490
757.500000 8 2.828427 8.000000 2.828427
758.500000 8 2.828427 8.000000 2.828427
759.500000 -1 0.000000 -1.000000 0.000000
760.500000 7 2.645751 7.000000 2.645751
761.500000 -5 0.000000 -5.000000 0.000000
762.500000 9 3.000000 9.000000 3.000000
763.500000 7 2.645751 7.000000 2.645751
764.500000 18 4.242641 18.000000 4.242641
765.500000 5 2.236068 5.000000 2.236068
766.500000 9 3.000000 9.000000 3.000000
767.500000 -1 0.000000 -1.000000 0.000000
768.500000 3 1.732051 3.000000 1.732051
769.500000 -2 0.000000 -2.000000 0.000000
770.500000 4 2.000000 4.000000 2.000000
771.500000 10 3.162278 10.000000 3.162278
772.500000 14 3.741657 14.000000 3.741657
773.500000 12 3.464102 12.000000 3.464102
774.500000 13 3.605551 13.000000 3.605551
775.500000 3 1.732051 3.000000 1.732051
776.500000 -6 0.000000 -6.000000 0.000000
777.500000 -4 0.000000 -4.000000 0.000000
778.500000 10 3.162278 10.000000 3.162278
779.500000 4 2.000000 4.000000 2.000000
780.500000 2 1.414214 2.000000 1.414214
781.500000 4 2.000000 4.000000 2.000000
782.500000 -5 0.000000 -5.000000 0.000000
783.500000 5 2.236068 5.000000 2.236068
784.500000 -2 0.000000 -2.000000 0.000000
785.500000 11 3.316625 11.000000 3.316625
786.500000 -6 0.000000 -6.000000 0.000000
787.500000 4 2.000000 4.000000 2.000000
788.500000 10 3.162278 10.000000 3.162278
789.500000 4 2.000000 4.000000 2.000000
790.500000 9 3.000000 9.000000 3.000000
791.500000 10 3.162278 10.000000 3.162278
792.500000 9 3.000000 9.000000 3.000000
793.500000 -2 0.000000 -2.000000 0.000000
794.500000 3 1.732051 3.000000 1.732051
795.500000 4 2.000000 4.000000 2.000000
796.500000 2 1.414214 2.000000 1.414214
797.500000 8 2.828427 8.000000 2.828427
798.500000 -2 0.000000 -2.000000 0.000000
799.500000 1 1.000000 1.000000 1.000000
800.500000 0 0.000000 0.000000 0.000000
801.500000 -11 0.000000 -11.000000 0.000000
802.500000 2 1.414214 2.000000 1.414214
803.500000 11 3.316625 11.000000 3.316625
804.500000 2 1.414214 2.000000 1.414214
805.500000 -2 0.000000 -2.000000 0.000000
806.500000 2 1.414214 2.000000 1.414214
807.500000 7 2.645751 7.000000 2.645751
808.500000 1 1.000000 1.000000 1.000000
809.500000 0 0.000000 0.000000 0.000000
810.500000 0 0.000000 0.000000 0.000000
811.500000 0 0.000000 0.000000 0.000000
812.500000 3 1.732051 3.000000 1.732051
813.500000 9 3.000000 9.000000 3.000000
814.500000 6 2.449490 6.000000 2.449490
815.500000 -2 0.000000 -2.000000 0.000000
816.500000 -1 0.000000 -1.000000 0.000000
817.500000 5 2.236068 5.000000 2.236068
818.500000 -6 0.000000 -6.000000 0.000000
819.500000 3 1.732051 3.000000 1.732051
820.500000 3 1.732051 3.000000 1.732051
821.500000 7 2.645751 7.000000 2.645751
822.500000 9 3.000000 9.000000 3.000000
823.500000 10 3.162278 10.000000 3.162278
824.500000 3 1.732051 3.000000 1.732051
825.500000 2 1.414214 2.000000 1.414214
826.500000 -5 0.000000 -5.000000 0.000000
827.500000 0 0.000000 0.000000 0.000000
828.500000 7 2.645751 7.000000 2.645751
829.500000 -1 0.000000 -1.000000 0.000000
830.500000 8 2.828427 8.000000 2.828427
831.500000 8 2.828427 8.000000 2.828427
832.500000 0 0.000000 0.000000 0.000000
833.500000 4 2.000000 4.000000 2.000000
834.500000 -1 0.000000 -1.000000 0.000000
835.500000 6 2.449490 6.000000 2.449490
836.500000 7 2.645751 7.000000 2.645751
837.500000 10 3.162278 10.000000 3.162278
838.500000 1 1.000000 1.000000 1.000000
839.500000 0 0.000000 0.000000 0.000000
840.500000 4 2.000000 4.000000 2.000000
841.500000 3 1.732051 3.000000 1.732051
842.500000 3 1.732051 3.000000 1.732051
843.500000 6 2.449490 6.000000 2.449490
844.500000 -4 0.000000 -4.000000 0.000000
845.500000 -7 0.000000 -7.000000 0.000000
846.500000 4 2.000000 4.000000 2.000000
847.500000 8 2.828427 8.000000 2.828427
848.500000 11 3.316625 11.000000 3.316625
849.500000 3 1.732051 3.000000 1.732051
850.500000 2 1.414214 2.000000 1.414214
851.500000 7 2.645751 7.000000 2.645751
852.500000 2 1.414214 2.000000 1.414214
853.500000 3 1.732051 3.000000 1.732051
854.500000 0 0.000000 0.000000 0.000000
855.500000 1 1.000000 1.000000 1.000000
856.500000 8 2.828427 8.000000 2.828427
857.500000 4 2.000000 4.000000 2.000000
858.500000 3 1.732051 3.000000 1.732051
859.500000 -2 0.000000 -2.000000 0.000000
860.500000 2 1.414214 2.000000 1.414214
861.500000 0 0.000000 0.000000 0.000000
862.500000 0 0.000000 0.000000 0.000000
863.500000 1 1.000000 1.000000 1.000000
864.500000 1 1.000000 1.000000 1.000000
865.500000 1 1.000000 1.000000 1.000000
866.500000 -3 0.000000 -3.000000 0.000000
867.500000 1 1.000000 1.000000 1.000000
868.500000 -10 0.000000 -10.000000 0.000000
869.500000 4 2.000000 4.000000 2.000000
870.500000 3 1.732051 3.000000 1.732051
871.500000 3 1.732051 3.000000 1.732051
872.500000 2 1.414214 2.000000 1.414214
873.500000 5 2.236068 5.000000 2.236068
874.500000 3 1.732051 3.000000 1.732051
875.500000 2 1.414214 2.000000 1.414214
876.500000 4 2.000000 4.000000 2.000000
877.500000 -5 0.000000 -5.000000 0.000000
878.500000 4 2.000000 4.000000 2.000000
879.500000 8 2.828427 8.000000 2.828427
880.500000 0 0.000000 0.000000 0.000000
881.500000 5 2.236068 5.000000 2.236068
882.500000 -2 0.000000 -2.000000 0.000000
883.500000 2 1.414214 2.000000 1.414214
884.500000 -4 0.000000 -4.000000 0.000000
885.500000 1 1.000000 1.000000 1.000000
886.500000 -4 0.000000 -4.000000 0.000000
887.500000 0 0.000000 0.000000 0.000000
888.500000 -1 0.000000 -1.000000 0.000000
889.500000 2 1.414214 2.000000 1.414214
890.500000 -3 0.000000 -3.000000 0.000000
891.500000 -1 0.000000 -1.000000 0.000000
892.500000 2 1.414214 2.000000 1.414214
893.500000 -1 0.000000 -1.000000 0.000000
894.500000 4 2.000000 4.000000 2.000000
895.500000 4 2.000000 4.000000 2.000000
896.500000 3 1.732051 3.000000 1.732051
897.500000 -3 0.000000 -3.000000 0.000000
898.500000 -2 0.000000 -2.000000 0.000000
899.500000 7 2.645751 7.000000 2.645751
900.500000 -1 0.000000 -1.000000 0.000000
901.500000 4 2.000000 4.000000 2.000000
902.500000 4 2.000000 4.000000 2.000000
903.500000 0 0.000000 0.000000 0.000000
904.500000 2 1.414214 2.000000 1.414214
905.500000 0 0.000000 0.000000 0.000000
906.500000 3 1.732051 3.000000 1.732051
907.500000 3 1.732051 3.000000 1.732051
908.500000 7 2.645751 7.000000 2.645751
909.500000 5 2.236068 5.000000 2.236068
910.500000 -2 0.000000 -2.000000 0.000000
911.500000 6 2.449490 6.000000 2.449490
912.500000 7 2.645751 7.000000 2.645751
913.500000 1 1.000000 1.000000 1.000000
914.500000 2 1.414214 2.000000 1.414214
915.500000 1 1.000000 1.000000 1.000000
916.500000 2 1.414214 2.000000 1.414214
917.500000 2 1.414214 2.000000 1.414214
918.500000 -1 0.000000 -1.000000 0.000000
919.500000 5 2.236068 5.000000 2.236068
920.500000 3 1.732051 3.000000 1.732051
921.500000 4 2.000000 4.000000 2.000000
922.500000 -1 0.000000 -1.000000 0.000000
923.500000 1 1.000000 1.000000 1.000000
924.500000 4 2.000000 4.000000 2.000000
925.500000 0 0.000000 0.000000 0.000000
926.500000 0 0.000000 0.000000 0.000000
927.500000 0 0.000000 0.000000 0.000000
928.500000 -2 0.000000 -2.000000 0.000000
929.500000 1 1.000000 1.000000 1.000000
930.500000 0 0.000000 0.000000 0.000000
931.500000 1 1.000000 1.000000 1.000000
932.500000 5 2.236068 5.000000 2.236068
933.500000 1 1.000000 1.000000 1.000000
934.500000 0 0.000000 0.000000 0.000000
935.500000 -1 0.000000 -1.000000 0.000000
936.500000 0 0.000000 0.000000 0.000000
937.500000 0 0.000000 0.000000 0.000000
938.500000 -1 0.000000 -1.000000 0.000000
939.500000 0 0.000000 0.000000 0.000000
940.500000 1 1.000000 1.000000 1.000000
941.500000 1 1.000000 1.000000 1.000000
942.500000 3 1.732051 3.000000 1.732051
943.500000 -2 0.000000 -2.000000 0.000000
944.500000 3 1.732051 3.000000 1.732051
945.500000 3 1.732051 3.000000 1.732051
946.500000 -3 0.000000 -3.000000 0.000000
947.500000 -1 0.000000 -1.000000 0.000000
948.500000 -5 0.000000 -5.000000 0.000000
949.500000 1 1.000000 1.000000 1.000000
950.500000 -3 0.000000 -3.000000 0.000000
951.500000 -1 0.000000 -1.000000 0.000000
952.500000 2 1.414214 2.000000 1.414214
953.500000 4 2.000000 4.000000 2.000000
954.500000 2 1.414214 2.000000 1.414214
955.500000 2 1.414214 2.000000 1.414214
956.500000 3 1.732051 3.000000 1.732051
957.500000 1 1.000000 1.000000 1.000000
958.500000 -1 0.000000 -1.000000 0.000000
959.500000 0 0.000000 0.000000 0.000000
960.500000 0 0.000000 0.000000 0.000000
961.500000 0 0.000000 0.000000 0.000000
962.500000 -2 0.000000 -2.000000 0.000000
963.500000 -2 0.000000 -2.000000 0.000000
964.500000 -4 0.000000 -4.000000 0.000000
965.500000 -5 0.000000 -5.000000 0.000000
966.500000 6 2.449490 6.000000 2.449490
967.500000 2 1.414214 2.000000 1.414214
968.500000 1 1.000000 1.000000 1.000000
969.500000 4 2.000000 4.000000 2.000000
970.500000 3 1.732051 3.000000 1.732051
971.500000 1 1.000000 1.000000 1.000000
972.500000 0 0.000000 0.000000 0.000000
973.500000 2 1.414214 2.000000 1.414214
974.500000 -3 0.000000 -3.000000 0.000000
975.500000 6 2.449490 6.000000 2.449490
976.500000 2 1.414214 2.000000 1.414214
977.500000 1 1.000000 1.000000 1.000000
978.500000 -3 0.000000 -3.000000 0.000000
979.500000 2 1.414214 2.000000 1.414214
980.500000 1 1.000000 1.000000 1.000000
981.500000 -5 0.000000 -5.000000 0.000000
982.500000 -2 0.000000 -2.000000 0.000000
983.500000 -2 0.000000 -2.000000 0.000000
984.500000 -3 0.000000 -3.000000 0.000000
985.500000 2 1.414214 2.000000 1.414214
986.500000 0 0.000000 0.000000 0.000000
987.500000 2 1.414214 2.000000 1.414214
988.500000 -1 0.000000 -1.000000 0.000000
989.500000 1 1.000000 1.000000 1.000000
990.500000 -2 0.000000 -2.000000 0.000000
991.500000 0 0.000000 0.000000 0.000000
992.500000 1 1.000000 1.000000 1.000000
993.500000 0 0.000000 0.000000 0.000000
994.500000 -1 0.000000 -1.000000 0.000000
995.500000 2 1.414214 2.000000 1.414214
996.500000 0 0.000000 0.000000 0.000000
997.500000 -1 0.000000 -1.000000 0.000000
998.500000 -2 0.000000 -2.000000 0.000000
999.500000 -4 0.000000 -4.000000 0.000000
1000.500000 2 1.414214 2.000000 1.414214
1001.500000 -2 0.000000 -2.000000 0.000000
1002.500000 2 1.414214 2.000000 1.414214
1003.500000 0 0.000000 0.000000 0.000000
1004.500000 -1 0.000000 -1.000000 0.000000
1005.500000 4 2.000000 4.000000 2.000000
1006.500000 1 1.000000 1.000000 1.000000
1007.500000 -2 0.000000 -2.000000 0.000000
1008.500000 2 1.414214 2.000000 1.414214
1009.500000 -1 0.000000 -1.000000 0.000000
1010.500000 1 1.000000 1.000000 1.000000
1011.500000 -2 0.000000 -2.000000 0.000000
1012.500000 -1 0.000000 -1.000000 0.000000
1013.500000 0 0.000000 0.000000 0.000000
1014.500000 2 1.414214 2.000000 1.414214
1015.500000 -1 0.000000 -1.000000 0.000000
1016.500000 2 1.414214 2.000000 1.414214
1017.500000 -2 0.000000 -2.000000 0.000000
1018.500000 -1 0.000000 -1.000000 0.000000
1019.500000 1 1.000000 1.000000 1.000000
1020.500000 -3 0.000000 -3.000000 0.000000
1021.500000 -2 0.000000 -2.000000 0.000000
1022.500000 -2 0.000000 -2.000000 0.000000
1023.500000 -3 0.000000 -3.000000 0.000000
