# name, dx, fmax, fmax_err, norm_value, norm_vale_err
# 200D_bkgd 1 407 20.174241001832016 1 0
# bin_center, freq, freq_err, norm_freq, norm_freq_err
0.500000 0 0.000000 0.000000 0.000000
1.500000 0 0.000000 0.000000 0.000000
2.500000 0 0.000000 0.000000 0.000000
3.500000 0 0.000000 0.000000 0.000000
4.500000 0 0.000000 0.000000 0.000000
5.500000 0 0.000000 0.000000 0.000000
6.500000 0 0.000000 0.000000 0.000000
7.500000 1 1.000000 1.000000 1.000000
8.500000 20 4.472136 20.000000 4.472136
9.500000 37 6.082763 37.000000 6.082763
10.500000 47 6.855655 47.000000 6.855655
11.500000 105 10.246951 105.000000 10.246951
12.500000 74 8.602325 74.000000 8.602325
13.500000 78 8.831761 78.000000 8.831761
14.500000 77 8.774964 77.000000 8.774964
15.500000 91 9.539392 91.000000 9.539392
16.500000 100 10.000000 100.000000 10.000000
17.500000 113 10.630146 113.000000 10.630146
18.500000 117 10.816654 117.000000 10.816654
19.500000 115 10.723805 115.000000 10.723805
20.500000 131 11.445523 131.000000 11.445523
21.500000 145 12.041595 145.000000 12.041595
22.500000 115 10.723805 115.000000 10.723805
23.500000 148 12.165525 148.000000 12.165525
24.500000 163 12.767145 163.000000 12.767145
25.500000 164 12.806248 164.000000 12.806248
26.500000 186 13.638182 186.000000 13.638182
27.500000 196 14.000000 196.000000 14.000000
28.500000 204 14.282857 204.000000 14.282857
29.500000 212 14.560220 212.000000 14.560220
30.500000 191 13.820275 191.000000 13.820275
31.500000 228 15.099669 228.000000 15.099669
32.500000 211 14.525839 211.000000 14.525839
33.500000 220 14.832397 220.000000 14.832397
34.500000 225 15.000000 225.000000 15.000000
35.500000 219 14.798649 219.000000 14.798649
36.500000 227 15.066519 227.000000 15.066519
37.500000 246 15.684387 246.000000 15.684387
38.500000 222 14.899664 222.000000 14.899664
39.500000 197 14.035669 197.000000 14.035669
40.500000 223 14.933185 223.000000 14.933185
41.500000 243 15.588457 243.000000 15.588457
42.500000 213 14.594520 213.000000 14.594520
43.500000 237 15.394804 237.000000 15.394804
44.500000 203 14.247807 203.000000 14.247807
45.500000 265 16.278821 265.000000 16.278821
46.500000 249 15.779734 249.000000 15.779734
47.500000 251 15.842980 251.000000 15.842980
48.500000 255 15.968719 255.000000 15.968719
49.500000 227 15.066519 227.000000 15.066519
50.500000 265 16.278821 265.000000 16.278821
51.500000 240 15.491933 240.000000 15.491933
52.500000 257 16.031220 257.000000 16.031220
53.500000 243 15.588457 243.000000 15.588457
54.500000 228 15.099669 228.000000 15.099669
55.500000 217 14.730920 217.000000 14.730920
56.500000 243 15.588457 243.000000 15.588457
57.500000 256 16.000000 256.000000 16.000000
58.500000 207 14.387495 207.000000 14.387495
59.500000 210 14.491377 210.000000 14.491377
60.500000 222 14.899664 222.000000 14.899664
61.500000 239 15.459625 239.000000 15.459625
62.500000 226 15.033296 226.000000 15.033296
63.500000 228 15.099669 228.000000 15.099669
64.500000 223 14.933185 223.000000 14.933185
65.500000 218 14.764823 218.000000 14.764823
66.500000 241 15.524175 241.000000 15.524175
67.500000 230 15.165751 230.000000 15.165751
68.500000 217 14.730920 217.000000 14.730920
69.500000 208 14.422205 208.000000 14.422205
70.500000 227 15.066519 227.000000 15.066519
71.500000 201 14.177447 201.000000 14.177447
72.500000 237 15.394804 237.000000 15.394804
73.500000 227 15.066519 227.000000 15.066519
74.500000 235 15.329710 235.000000 15.329710
75.500000 235 15.329710 235.000000 15.329710
76.500000 200 14.142136 200.000000 14.142136
77.500000 231 15.198684 231.000000 15.198684
78.500000 238 15.427249 238.000000 15.427249
79.500000 241 15.524175 241.000000 15.524175
80.500000 220 14.832397 220.000000 14.832397
81.500000 210 14.491377 210.000000 14.491377
82.500000 236 15.362291 236.000000 15.362291
83.500000 224 14.966630 224.000000 14.966630
84.500000 222 14.899664 222.000000 14.899664
85.500000 229 15.132746 229.000000 15.132746
86.500000 205 14.317821 205.000000 14.317821
87.500000 207 14.387495 207.000000 14.387495
88.500000 220 14.832397 220.000000 14.832397
89.500000 230 15.165751 230.000000 15.165751
90.500000 230 15.165751 230.000000 15.165751
91.500000 241 15.524175 241.000000 15.524175
92.500000 225 15.000000 225.000000 15.000000
93.500000 241 15.524175 241.000000 15.524175
94.500000 240 15.491933 240.000000 15.491933
95.500000 199 14.106736 199.000000 14.106736
96.500000 221 14.866069 221.000000 14.866069
97.500000 257 16.031220 257.000000 16.031220
98.500000 225 15.000000 225.000000 15.000000
99.500000 254 15.937377 254.000000 15.937377
100.500000 230 15.165751 230.000000 15.165751
101.500000 245 15.652476 245.000000 15.652476
102.500000 250 15.811388 250.000000 15.811388
103.500000 295 17.175564 295.000000 17.175564
104.500000 257 16.031220 257.000000 16.031220
105.500000 285 16.881943 285.000000 16.881943
106.500000 250 15.811388 250.000000 15.811388
107.500000 256 16.000000 256.000000 16.000000
108.500000 272 16.492423 272.000000 16.492423
109.500000 253 15.905974 253.000000 15.905974
110.500000 295 17.175564 295.000000 17.175564
111.500000 308 17.549929 308.000000 17.549929
112.500000 294 17.146428 294.000000 17.146428
113.500000 291 17.058722 291.000000 17.058722
114.500000 302 17.378147 302.000000 17.378147
115.500000 299 17.291616 299.000000 17.291616
116.500000 307 17.521415 307.000000 17.521415
117.500000 285 16.881943 285.000000 16.881943
118.500000 302 17.378147 302.000000 17.378147
119.500000 331 18.193405 331.000000 18.193405
120.500000 368 19.183326 368.000000 19.183326
121.500000 322 17.944358 322.000000 17.944358
122.500000 276 16.613248 276.000000 16.613248
123.500000 306 17.492856 306.000000 17.492856
124.500000 310 17.606817 310.000000 17.606817
125.500000 296 17.204651 296.000000 17.204651
126.500000 343 18.520259 343.000000 18.520259
127.500000 314 17.720045 314.000000 17.720045
128.500000 329 18.138357 329.000000 18.138357
129.500000 350 18.708287 350.000000 18.708287
130.500000 367 19.157244 367.000000 19.157244
131.500000 377 19.416488 377.000000 19.416488
132.500000 375 19.364917 375.000000 19.364917
133.500000 362 19.026298 362.000000 19.026298
134.500000 377 19.416488 377.000000 19.416488
135.500000 313 17.691806 313.000000 17.691806
136.500000 371 19.261360 371.000000 19.261360
137.500000 356 18.867962 356.000000 18.867962
138.500000 378 19.442222 378.000000 19.442222
139.500000 339 18.411953 339.000000 18.411953
140.500000 357 18.894444 357.000000 18.894444
141.500000 384 19.595918 384.000000 19.595918
142.500000 328 18.110770 328.000000 18.110770
143.500000 361 19.000000 361.000000 19.000000
144.500000 344 18.547237 344.000000 18.547237
145.500000 356 18.867962 356.000000 18.867962
146.500000 361 19.000000 361.000000 19.000000
147.500000 372 19.287302 372.000000 19.287302
148.500000 395 19.874607 395.000000 19.874607
149.500000 336 18.330303 336.000000 18.330303
150.500000 375 19.364917 375.000000 19.364917
151.500000 347 18.627936 347.000000 18.627936
152.500000 358 18.920888 358.000000 18.920888
153.500000 338 18.384776 338.000000 18.384776
154.500000 382 19.544820 382.000000 19.544820
155.500000 378 19.442222 378.000000 19.442222
156.500000 351 18.734994 351.000000 18.734994
157.500000 337 18.357560 337.000000 18.357560
158.500000 406 20.149442 406.000000 20.149442
159.500000 365 19.104973 365.000000 19.104973
160.500000 367 19.157244 367.000000 19.157244
161.500000 385 19.621417 385.000000 19.621417
162.500000 337 18.357560 337.000000 18.357560
163.500000 367 19.157244 367.000000 19.157244
164.500000 407 20.174241 407.000000 20.174241
165.500000 365 19.104973 365.000000 19.104973
166.500000 336 18.330303 336.000000 18.330303
167.500000 368 19.183326 368.000000 19.183326
168.500000 377 19.416488 377.000000 19.416488
169.500000 374 19.339080 374.000000 19.339080
170.500000 392 19.798990 392.000000 19.798990
171.500000 364 19.078784 364.000000 19.078784
172.500000 364 19.078784 364.000000 19.078784
173.500000 385 19.621417 385.000000 19.621417
174.500000 327 18.083141 327.000000 18.083141
175.500000 373 19.313208 373.000000 19.313208
176.500000 370 19.235384 370.000000 19.235384
177.500000 371 19.261360 371.000000 19.261360
178.500000 382 19.544820 382.000000 19.544820
179.500000 377 19.416488 377.000000 19.416488
180.500000 367 19.157244 367.000000 19.157244
181.500000 337 18.357560 337.000000 18.357560
182.500000 349 18.681542 349.000000 18.681542
183.500000 351 18.734994 351.000000 18.734994
184.500000 350 18.708287 350.000000 18.708287
185.500000 336 18.330303 336.000000 18.330303
186.500000 310 17.606817 310.000000 17.606817
187.500000 347 18.627936 347.000000 18.627936
188.500000 345 18.574176 345.000000 18.574176
189.500000 372 19.287302 372.000000 19.287302
190.500000 363 19.052559 363.000000 19.052559
191.500000 374 19.339080 374.000000 19.339080
192.500000 338 18.384776 338.000000 18.384776
193.500000 373 19.313208 373.000000 19.313208
194.500000 329 18.138357 329.000000 18.138357
195.500000 365 19.104973 365.000000 19.104973
196.500000 365 19.104973 365.000000 19.104973
197.500000 343 18.520259 343.000000 18.520259
198.500000 334 18.275667 334.000000 18.275667
199.500000 325 18.027756 325.000000 18.027756
200.500000 357 18.894444 357.000000 18.894444
201.500000 340 18.439089 340.000000 18.439089
202.500000 331 18.193405 331.000000 18.193405
203.500000 327 18.083141 327.000000 18.083141
204.500000 345 18.574176 345.000000 18.574176
205.500000 325 18.027756 325.000000 18.027756
206.500000 338 18.384776 338.000000 18.384776
207.500000 315 17.748239 315.000000 17.748239
208.500000 314 17.720045 314.000000 17.720045
209.500000 306 17.492856 306.000000 17.492856
210.500000 368 19.183326 368.000000 19.183326
211.500000 313 17.691806 313.000000 17.691806
212.500000 326 18.055470 326.000000 18.055470
213.500000 314 17.720045 314.000000 17.720045
214.500000 317 17.804494 317.000000 17.804494
215.500000 314 17.720045 314.000000 17.720045
216.500000 325 18.027756 325.000000 18.027756
217.500000 342 18.493242 342.000000 18.493242
218.500000 340 18.439089 340.000000 18.439089
219.500000 361 19.000000 361.000000 19.000000
220.500000 299 17.291616 299.000000 17.291616
221.500000 315 17.748239 315.000000 17.748239
222.500000 312 17.663522 312.000000 17.663522
223.500000 330 18.165902 330.000000 18.165902
224.500000 299 17.291616 299.000000 17.291616
225.500000 306 17.492856 306.000000 17.492856
226.500000 354 18.814888 354.000000 18.814888
227.500000 315 17.748239 315.000000 17.748239
228.500000 344 18.547237 344.000000 18.547237
229.500000 303 17.406895 303.000000 17.406895
230.500000 312 17.663522 312.000000 17.663522
231.500000 307 17.521415 307.000000 17.521415
232.500000 322 17.944358 322.000000 17.944358
233.500000 312 17.663522 312.000000 17.663522
234.500000 353 18.788294 353.000000 18.788294
235.500000 346 18.601075 346.000000 18.601075
236.500000 309 17.578396 309.000000 17.578396
237.500000 308 17.549929 308.000000 17.549929
238.500000 305 17.464249 305.000000 17.464249
239.500000 302 17.378147 302.000000 17.378147
240.500000 319 17.860571 319.000000 17.860571
241.500000 333 18.248288 333.000000 18.248288
242.500000 275 16.583124 275.000000 16.583124
243.500000 287 16.941074 287.000000 16.941074
244.500000 324 18.000000 324.000000 18.000000
245.500000 311 17.635192 311.000000 17.635192
246.500000 307 17.521415 307.000000 17.521415
247.500000 317 17.804494 317.000000 17.804494
248.500000 311 17.635192 311.000000 17.635192
249.500000 302 17.378147 302.000000 17.378147
250.500000 274 16.552945 274.000000 16.552945
251.500000 298 17.262677 298.000000 17.262677
252.500000 309 17.578396 309.000000 17.578396
253.500000 300 17.320508 300.000000 17.320508
254.500000 312 17.663522 312.000000 17.663522
255.500000 300 17.320508 300.000000 17.320508
256.500000 263 16.217275 263.000000 16.217275
257.500000 289 17.000000 289.000000 17.000000
258.500000 301 17.349352 301.000000 17.349352
259.500000 284 16.852300 284.000000 16.852300
260.500000 303 17.406895 303.000000 17.406895
261.500000 299 17.291616 299.000000 17.291616
262.500000 286 16.911535 286.000000 16.911535
263.500000 267 16.340135 267.000000 16.340135
264.500000 295 17.175564 295.000000 17.175564
265.500000 278 16.673332 278.000000 16.673332
266.500000 273 16.522712 273.000000 16.522712
267.500000 280 16.733201 280.000000 16.733201
268.500000 297 17.233688 297.000000 17.233688
269.500000 296 17.204651 296.000000 17.204651
270.500000 285 16.881943 285.000000 16.881943
271.500000 290 17.029386 290.000000 17.029386
272.500000 279 16.703293 279.000000 16.703293
273.500000 278 16.673332 278.000000 16.673332
274.500000 300 17.320508 300.000000 17.320508
275.500000 240 15.491933 240.000000 15.491933
276.500000 272 16.492423 272.000000 16.492423
277.500000 305 17.464249 305.000000 17.464249
278.500000 272 16.492423 272.000000 16.492423
279.500000 239 15.459625 239.000000 15.459625
280.500000 288 16.970563 288.000000 16.970563
281.500000 279 16.703293 279.000000 16.703293
282.500000 287 16.941074 287.000000 16.941074
283.500000 261 16.155494 261.000000 16.155494
284.500000 271 16.462078 271.000000 16.462078
285.500000 256 16.000000 256.000000 16.000000
286.500000 260 16.124515 260.000000 16.124515
287.500000 268 16.370706 268.000000 16.370706
288.500000 255 15.968719 255.000000 15.968719
289.500000 268 16.370706 268.000000 16.370706
290.500000 299 17.291616 299.000000 17.291616
291.500000 276 16.613248 276.000000 16.613248
292.500000 261 16.155494 261.000000 16.155494
293.500000 280 16.733201 280.000000 16.733201
294.500000 268 16.370706 268.000000 16.370706
295.500000 246 15.684387 246.000000 15.684387
296.500000 267 16.340135 267.000000 16.340135
297.500000 293 17.117243 293.000000 17.117243
298.500000 240 15.491933 240.000000 15.491933
299.500000 251 15.842980 251.000000 15.842980
300.500000 244 15.620499 244.000000 15.620499
301.500000 259 16.093477 259.000000 16.093477
302.500000 254 15.937377 254.000000 15.937377
303.500000 260 16.124515 260.000000 16.124515
304.500000 264 16.248077 264.000000 16.248077
305.500000 201 14.177447 201.000000 14.177447
306.500000 237 15.394804 237.000000 15.394804
307.500000 252 15.874508 252.000000 15.874508
308.500000 248 15.748016 248.000000 15.748016
309.500000 219 14.798649 219.000000 14.798649
310.500000 256 16.000000 256.000000 16.000000
311.500000 203 14.247807 203.000000 14.247807
312.500000 243 15.588457 243.000000 15.588457
313.500000 227 15.066519 227.000000 15.066519
314.500000 222 14.899664 222.000000 14.899664
315.500000 246 15.684387 246.000000 15.684387
316.500000 234 15.297059 234.000000 15.297059
317.500000 219 14.798649 219.000000 14.798649
318.500000 241 15.524175 241.000000 15.524175
319.500000 242 15.556349 242.000000 15.556349
320.500000 215 14.662878 215.000000 14.662878
321.500000 197 14.035669 197.000000 14.035669
322.500000 246 15.684387 246.000000 15.684387
323.500000 216 14.696938 216.000000 14.696938
324.500000 196 14.000000 196.000000 14.000000
325.500000 205 14.317821 205.000000 14.317821
326.500000 208 14.422205 208.000000 14.422205
327.500000 197 14.035669 197.000000 14.035669
328.500000 217 14.730920 217.000000 14.730920
329.500000 200 14.142136 200.000000 14.142136
330.500000 173 13.152946 173.000000 13.152946
331.500000 203 14.247807 203.000000 14.247807
332.500000 172 13.114877 172.000000 13.114877
333.500000 194 13.928388 194.000000 13.928388
334.500000 199 14.106736 199.000000 14.106736
335.500000 223 14.933185 223.000000 14.933185
336.500000 194 13.928388 194.000000 13.928388
337.500000 206 14.352700 206.000000 14.352700
338.500000 198 14.071247 198.000000 14.071247
339.500000 183 13.527749 183.000000 13.527749
340.500000 181 13.453624 181.000000 13.453624
341.500000 172 13.114877 172.000000 13.114877
342.500000 190 13.784049 190.000000 13.784049
343.500000 178 13.341664 178.000000 13.341664
344.500000 162 12.727922 162.000000 12.727922
345.500000 162 12.727922 162.000000 12.727922
346.500000 165 12.845233 165.000000 12.845233
347.500000 173 13.152946 173.000000 13.152946
348.500000 186 13.638182 186.000000 13.638182
349.500000 175 13.228757 175.000000 13.228757
350.500000 182 13.490738 182.000000 13.490738
351.500000 175 13.228757 175.000000 13.228757
352.500000 185 13.601471 185.000000 13.601471
353.500000 160 12.649111 160.000000 12.649111
354.500000 184 13.564660 184.000000 13.564660
355.500000 187 13.674794 187.000000 13.674794
356.500000 161 12.688578 161.000000 12.688578
357.500000 171 13.076697 171.000000 13.076697
358.500000 189 13.747727 189.000000 13.747727
359.500000 177 13.304135 177.000000 13.304135
360.500000 166 12.884099 166.000000 12.884099
361.500000 162 12.727922 162.000000 12.727922
362.500000 157 12.529964 157.000000 12.529964
363.500000 198 14.071247 198.000000 14.071247
364.500000 143 11.958261 143.000000 11.958261
365.500000 159 12.609520 159.000000 12.609520
366.500000 171 13.076697 171.000000 13.076697
367.500000 166 12.884099 166.000000 12.884099
368.500000 157 12.529964 157.000000 12.529964
369.500000 163 12.767145 163.000000 12.767145
370.500000 141 11.874342 141.000000 11.874342
371.500000 155 12.449900 155.000000 12.449900
372.500000 158 12.569805 158.000000 12.569805
373.500000 130 11.401754 130.000000 11.401754
374.500000 144 12.000000 144.000000 12.000000
375.500000 142 11.916375 142.000000 11.916375
376.500000 134 11.575837 134.000000 11.575837
377.500000 145 12.041595 145.000000 12.041595
378.500000 150 12.247449 150.000000 12.247449
379.500000 130 11.401754 130.000000 11.401754
380.500000 128 11.313708 128.000000 11.313708
381.500000 134 11.575837 134.000000 11.575837
382.500000 147 12.124356 147.000000 12.124356
383.500000 138 11.747340 138.000000 11.747340
384.500000 139 11.789826 139.000000 11.789826
385.500000 163 12.767145 163.000000 12.767145
386.500000 117 10.816654 117.000000 10.816654
387.500000 122 11.045361 122.000000 11.045361
388.500000 127 11.269428 127.000000 11.269428
389.500000 132 11.489125 132.000000 11.489125
390.500000 135 11.618950 135.000000 11.618950
391.500000 129 11.357817 129.000000 11.357817
392.500000 136 11.661904 136.000000 11.661904
393.500000 127 11.269428 127.000000 11.269428
394.500000 122 11.045361 122.000000 11.045361
395.500000 127 11.269428 127.000000 11.269428
396.500000 138 11.747340 138.000000 11.747340
397.500000 108 10.392305 108.000000 10.392305
398.500000 119 10.908712 119.000000 10.908712
399.500000 131 11.445523 131.000000 11.445523
400.500000 90 9.486833 90.000000 9.486833
401.500000 125 11.180340 125.000000 11.180340
402.500000 120 10.954451 120.000000 10.954451
403.500000 126 11.224972 126.000000 11.224972
404.500000 117 10.816654 117.000000 10.816654
405.500000 121 11.000000 121.000000 11.000000
406.500000 118 10.862780 118.000000 10.862780
407.500000 125 11.180340 125.000000 11.180340
408.500000 127 11.269428 127.000000 11.269428
409.500000 115 10.723805 115.000000 10.723805
410.500000 121 11.000000 121.000000 11.000000
411.500000 117 10.816654 117.000000 10.816654
412.500000 110 10.488088 110.000000 10.488088
413.500000 107 10.344080 107.000000 10.344080
414.500000 119 10.908712 119.000000 10.908712
415.500000 144 12.000000 144.000000 12.000000
416.500000 138 11.747340 138.000000 11.747340
417.500000 118 10.862780 118.000000 10.862780
418.500000 130 11.401754 130.000000 11.401754
419.500000 83 9.110434 83.000000 9.110434
420.500000 120 10.954451 120.000000 10.954451
421.500000 100 10.000000 100.000000 10.000000
422.500000 109 10.440307 109.000000 10.440307
423.500000 97 9.848858 97.000000 9.848858
424.500000 103 10.148892 103.000000 10.148892
425.500000 91 9.539392 91.000000 9.539392
426.500000 113 10.630146 113.000000 10.630146
427.500000 102 10.099505 102.000000 10.099505
428.500000 105 10.246951 105.000000 10.246951
429.500000 104 10.198039 104.000000 10.198039
430.500000 110 10.488088 110.000000 10.488088
431.500000 101 10.049876 101.000000 10.049876
432.500000 97 9.848858 97.000000 9.848858
433.500000 130 11.401754 130.000000 11.401754
434.500000 93 9.643651 93.000000 9.643651
435.500000 91 9.539392 91.000000 9.539392
436.500000 99 9.949874 99.000000 9.949874
437.500000 105 10.246951 105.000000 10.246951
438.500000 89 9.433981 89.000000 9.433981
439.500000 94 9.695360 94.000000 9.695360
440.500000 86 9.273618 86.000000 9.273618
441.500000 87 9.327379 87.000000 9.327379
442.500000 101 10.049876 101.000000 10.049876
443.500000 104 10.198039 104.000000 10.198039
444.500000 80 8.944272 80.000000 8.944272
445.500000 94 9.695360 94.000000 9.695360
446.500000 87 9.327379 87.000000 9.327379
447.500000 78 8.831761 78.000000 8.831761
448.500000 80 8.944272 80.000000 8.944272
449.500000 84 9.165151 84.000000 9.165151
450.500000 85 9.219544 85.000000 9.219544
451.500000 104 10.198039 104.000000 10.198039
452.500000 97 9.848858 97.000000 9.848858
453.500000 78 8.831761 78.000000 8.831761
454.500000 93 9.643651 93.000000 9.643651
455.500000 89 9.433981 89.000000 9.433981
456.500000 83 9.110434 83.000000 9.110434
457.500000 78 8.831761 78.000000 8.831761
458.500000 89 9.433981 89.000000 9.433981
459.500000 77 8.774964 77.000000 8.774964
460.500000 90 9.486833 90.000000 9.486833
461.500000 101 10.049876 101.000000 10.049876
462.500000 97 9.848858 97.000000 9.848858
463.500000 85 9.219544 85.000000 9.219544
464.500000 84 9.165151 84.000000 9.165151
465.500000 82 9.055385 82.000000 9.055385
466.500000 81 9.000000 81.000000 9.000000
467.500000 91 9.539392 91.000000 9.539392
468.500000 76 8.717798 76.000000 8.717798
469.500000 76 8.717798 76.000000 8.717798
470.500000 75 8.660254 75.000000 8.660254
471.500000 79 8.888194 79.000000 8.888194
472.500000 79 8.888194 79.000000 8.888194
473.500000 90 9.486833 90.000000 9.486833
474.500000 85 9.219544 85.000000 9.219544
475.500000 72 8.485281 72.000000 8.485281
476.500000 69 8.306624 69.000000 8.306624
477.500000 43 6.557439 43.000000 6.557439
478.500000 72 8.485281 72.000000 8.485281
479.500000 76 8.717798 76.000000 8.717798
480.500000 81 9.000000 81.000000 9.000000
481.500000 75 8.660254 75.000000 8.660254
482.500000 73 8.544004 73.000000 8.544004
483.500000 66 8.124038 66.000000 8.124038
484.500000 76 8.717798 76.000000 8.717798
485.500000 73 8.544004 73.000000 8.544004
486.500000 75 8.660254 75.000000 8.660254
487.500000 74 8.602325 74.000000 8.602325
488.500000 68 8.246211 68.000000 8.246211
489.500000 58 7.615773 58.000000 7.615773
490.500000 66 8.124038 66.000000 8.124038
491.500000 57 7.549834 57.000000 7.549834
492.500000 65 8.062258 65.000000 8.062258
493.500000 77 8.774964 77.000000 8.774964
494.500000 70 8.366600 70.000000 8.366600
495.500000 72 8.485281 72.000000 8.485281
496.500000 66 8.124038 66.000000 8.124038
497.500000 59 7.681146 59.000000 7.681146
498.500000 75 8.660254 75.000000 8.660254
499.500000 53 7.280110 53.000000 7.280110
500.500000 75 8.660254 75.000000 8.660254
501.500000 60 7.745967 60.000000 7.745967
502.500000 75 8.660254 75.000000 8.660254
503.500000 70 8.366600 70.000000 8.366600
504.500000 73 8.544004 73.000000 8.544004
505.500000 69 8.306624 69.000000 8.306624
506.500000 65 8.062258 65.000000 8.062258
507.500000 59 7.681146 59.000000 7.681146
508.500000 58 7.615773 58.000000 7.615773
509.500000 63 7.937254 63.000000 7.937254
510.500000 44 6.633250 44.000000 6.633250
511.500000 63 7.937254 63.000000 7.937254
512.500000 73 8.544004 73.000000 8.544004
513.500000 63 7.937254 63.000000 7.937254
514.500000 48 6.928203 48.000000 6.928203
515.500000 60 7.745967 60.000000 7.745967
516.500000 65 8.062258 65.000000 8.062258
517.500000 63 7.937254 63.000000 7.937254
518.500000 63 7.937254 63.000000 7.937254
519.500000 48 6.928203 48.000000 6.928203
520.500000 52 7.211103 52.000000 7.211103
521.500000 58 7.615773 58.000000 7.615773
522.500000 66 8.124038 66.000000 8.124038
523.500000 60 7.745967 60.000000 7.745967
524.500000 59 7.681146 59.000000 7.681146
525.500000 64 8.000000 64.000000 8.000000
526.500000 52 7.211103 52.000000 7.211103
527.500000 49 7.000000 49.000000 7.000000
528.500000 58 7.615773 58.000000 7.615773
529.500000 48 6.928203 48.000000 6.928203
530.500000 43 6.557439 43.000000 6.557439
531.500000 64 8.000000 64.000000 8.000000
532.500000 71 8.426150 71.000000 8.426150
533.500000 59 7.681146 59.000000 7.681146
534.500000 48 6.928203 48.000000 6.928203
535.500000 41 6.403124 41.000000 6.403124
536.500000 45 6.708204 45.000000 6.708204
537.500000 61 7.810250 61.000000 7.810250
538.500000 57 7.549834 57.000000 7.549834
539.500000 59 7.681146 59.000000 7.681146
540.500000 47 6.855655 47.000000 6.855655
541.500000 73 8.544004 73.000000 8.544004
542.500000 45 6.708204 45.000000 6.708204
543.500000 62 7.874008 62.000000 7.874008
544.500000 59 7.681146 59.000000 7.681146
545.500000 64 8.000000 64.000000 8.000000
546.500000 61 7.810250 61.000000 7.810250
547.500000 44 6.633250 44.000000 6.633250
548.500000 49 7.000000 49.000000 7.000000
549.500000 46 6.782330 46.000000 6.782330
550.500000 56 7.483315 56.000000 7.483315
551.500000 50 7.071068 50.000000 7.071068
552.500000 43 6.557439 43.000000 6.557439
553.500000 55 7.416198 55.000000 7.416198
554.500000 50 7.071068 50.000000 7.071068
555.500000 51 7.141428 51.000000 7.141428
556.500000 62 7.874008 62.000000 7.874008
557.500000 49 7.000000 49.000000 7.000000
558.500000 45 6.708204 45.000000 6.708204
559.500000 47 6.855655 47.000000 6.855655
560.500000 52 7.211103 52.000000 7.211103
561.500000 53 7.280110 53.000000 7.280110
562.500000 44 6.633250 44.000000 6.633250
563.500000 43 6.557439 43.000000 6.557439
564.500000 46 6.782330 46.000000 6.782330
565.500000 42 6.480741 42.000000 6.480741
566.500000 60 7.745967 60.000000 7.745967
567.500000 34 5.830952 34.000000 5.830952
568.500000 45 6.708204 45.000000 6.708204
569.500000 63 7.937254 63.000000 7.937254
570.500000 50 7.071068 50.000000 7.071068
571.500000 58 7.615773 58.000000 7.615773
572.500000 40 6.324555 40.000000 6.324555
573.500000 58 7.615773 58.000000 7.615773
574.500000 42 6.480741 42.000000 6.480741
575.500000 48 6.928203 48.000000 6.928203
576.500000 42 6.480741 42.000000 6.480741
577.500000 38 6.164414 38.000000 6.164414
578.500000 49 7.000000 49.000000 7.000000
579.500000 42 6.480741 42.000000 6.480741
580.500000 41 6.403124 41.000000 6.403124
581.500000 57 7.549834 57.000000 7.549834
582.500000 37 6.082763 37.000000 6.082763
583.500000 50 7.071068 50.000000 7.071068
584.500000 31 5.567764 31.000000 5.567764
585.500000 41 6.403124 41.000000 6.403124
586.500000 52 7.211103 52.000000 7.211103
587.500000 41 6.403124 41.000000 6.403124
588.500000 39 6.244998 39.000000 6.244998
589.500000 33 5.744563 33.000000 5.744563
590.500000 31 5.567764 31.000000 5.567764
591.500000 37 6.082763 37.000000 6.082763
592.500000 40 6.324555 40.000000 6.324555
593.500000 48 6.928203 48.000000 6.928203
594.500000 44 6.633250 44.000000 6.633250
595.500000 43 6.557439 43.000000 6.557439
596.500000 26 5.099020 26.000000 5.099020
597.500000 43 6.557439 43.000000 6.557439
598.500000 48 6.928203 48.000000 6.928203
599.500000 36 6.000000 36.000000 6.000000
600.500000 52 7.211103 52.000000 7.211103
601.500000 27 5.196152 27.000000 5.196152
602.500000 30 5.477226 30.000000 5.477226
603.500000 38 6.164414 38.000000 6.164414
604.500000 32 5.656854 32.000000 5.656854
605.500000 41 6.403124 41.000000 6.403124
606.500000 31 5.567764 31.000000 5.567764
607.500000 38 6.164414 38.000000 6.164414
608.500000 39 6.244998 39.000000 6.244998
609.500000 36 6.000000 36.000000 6.000000
610.500000 42 6.480741 42.000000 6.480741
611.500000 35 5.916080 35.000000 5.916080
612.500000 29 5.385165 29.000000 5.385165
613.500000 40 6.324555 40.000000 6.324555
614.500000 39 6.244998 39.000000 6.244998
615.500000 37 6.082763 37.000000 6.082763
616.500000 42 6.480741 42.000000 6.480741
617.500000 30 5.477226 30.000000 5.477226
618.500000 51 7.141428 51.000000 7.141428
619.500000 28 5.291503 28.000000 5.291503
620.500000 27 5.196152 27.000000 5.196152
621.500000 28 5.291503 28.000000 5.291503
622.500000 45 6.708204 45.000000 6.708204
623.500000 38 6.164414 38.000000 6.164414
624.500000 35 5.916080 35.000000 5.916080
625.500000 29 5.385165 29.000000 5.385165
626.500000 43 6.557439 43.000000 6.557439
627.500000 29 5.385165 29.000000 5.385165
628.500000 31 5.567764 31.000000 5.567764
629.500000 38 6.164414 38.000000 6.164414
630.500000 33 5.744563 33.000000 5.744563
631.500000 27 5.196152 27.000000 5.196152
632.500000 25 5.000000 25.000000 5.000000
633.500000 32 5.656854 32.000000 5.656854
634.500000 32 5.656854 32.000000 5.656854
635.500000 36 6.000000 36.000000 6.000000
636.500000 32 5.656854 32.000000 5.656854
637.500000 26 5.099020 26.000000 5.099020
638.500000 35 5.916080 35.000000 5.916080
639.500000 33 5.744563 33.000000 5.744563
640.500000 43 6.557439 43.000000 6.557439
641.500000 30 5.477226 30.000000 5.477226
642.500000 39 6.244998 39.000000 6.244998
643.500000 26 5.099020 26.000000 5.099020
644.500000 26 5.099020 26.000000 5.099020
645.500000 28 5.291503 28.000000 5.291503
646.500000 29 5.385165 29.000000 5.385165
647.500000 34 5.830952 34.000000 5.830952
648.500000 37 6.082763 37.000000 6.082763
649.500000 32 5.656854 32.000000 5.656854
650.500000 34 5.830952 34.000000 5.830952
651.500000 26 5.099020 26.000000 5.099020
652.500000 37 6.082763 37.000000 6.082763
653.500000 30 5.477226 30.000000 5.477226
654.500000 26 5.099020 26.000000 5.099020
655.500000 36 6.000000 36.000000 6.000000
656.500000 31 5.567764 31.000000 5.567764
657.500000 30 5.477226 30.000000 5.477226
658.500000 43 6.557439 43.000000 6.557439
659.500000 35 5.916080 35.000000 5.916080
660.500000 26 5.099020 26.000000 5.099020
661.500000 29 5.385165 29.000000 5.385165
662.500000 29 5.385165 29.000000 5.385165
663.500000 30 5.477226 30.000000 5.477226
664.500000 20 4.472136 20.000000 4.472136
665.500000 23 4.795832 23.000000 4.795832
666.500000 27 5.196152 27.000000 5.196152
667.500000 28 5.291503 28.000000 5.291503
668.500000 33 5.744563 33.000000 5.744563
669.500000 39 6.244998 39.000000 6.244998
670.500000 23 4.795832 23.000000 4.795832
671.500000 33 5.744563 33.000000 5.744563
672.500000 34 5.830952 34.000000 5.830952
673.500000 32 5.656854 32.000000 5.656854
674.500000 27 5.196152 27.000000 5.196152
675.500000 25 5.000000 25.000000 5.000000
676.500000 22 4.690416 22.000000 4.690416
677.500000 35 5.916080 35.000000 5.916080
678.500000 23 4.795832 23.000000 4.795832
679.500000 26 5.099020 26.000000 5.099020
680.500000 31 5.567764 31.000000 5.567764
681.500000 26 5.099020 26.000000 5.099020
682.500000 26 5.099020 26.000000 5.099020
683.500000 31 5.567764 31.000000 5.567764
684.500000 26 5.099020 26.000000 5.099020
685.500000 23 4.795832 23.000000 4.795832
686.500000 27 5.196152 27.000000 5.196152
687.500000 30 5.477226 30.000000 5.477226
688.500000 30 5.477226 30.000000 5.477226
689.500000 30 5.477226 30.000000 5.477226
690.500000 20 4.472136 20.000000 4.472136
691.500000 30 5.477226 30.000000 5.477226
692.500000 28 5.291503 28.000000 5.291503
693.500000 14 3.741657 14.000000 3.741657
694.500000 23 4.795832 23.000000 4.795832
695.500000 26 5.099020 26.000000 5.099020
696.500000 23 4.795832 23.000000 4.795832
697.500000 29 5.385165 29.000000 5.385165
698.500000 16 4.000000 16.000000 4.000000
699.500000 22 4.690416 22.000000 4.690416
700.500000 20 4.472136 20.000000 4.472136
701.500000 26 5.099020 26.000000 5.099020
702.500000 21 4.582576 21.000000 4.582576
703.500000 19 4.358899 19.000000 4.358899
704.500000 20 4.472136 20.000000 4.472136
705.500000 21 4.582576 21.000000 4.582576
706.500000 22 4.690416 22.000000 4.690416
707.500000 26 5.099020 26.000000 5.099020
708.500000 25 5.000000 25.000000 5.000000
709.500000 24 4.898979 24.000000 4.898979
710.500000 28 5.291503 28.000000 5.291503
711.500000 23 4.795832 23.000000 4.795832
712.500000 27 5.196152 27.000000 5.196152
713.500000 32 5.656854 32.000000 5.656854
714.500000 23 4.795832 23.000000 4.795832
715.500000 18 4.242641 18.000000 4.242641
716.500000 32 5.656854 32.000000 5.656854
717.500000 18 4.242641 18.000000 4.242641
718.500000 30 5.477226 30.000000 5.477226
719.500000 27 5.196152 27.000000 5.196152
720.500000 28 5.291503 28.000000 5.291503
721.500000 28 5.291503 28.000000 5.291503
722.500000 10 3.162278 10.000000 3.162278
723.500000 28 5.291503 28.000000 5.291503
724.500000 17 4.123106 17.000000 4.123106
725.500000 25 5.000000 25.000000 5.000000
726.500000 21 4.582576 21.000000 4.582576
727.500000 21 4.582576 21.000000 4.582576
728.500000 28 5.291503 28.000000 5.291503
729.500000 20 4.472136 20.000000 4.472136
730.500000 18 4.242641 18.000000 4.242641
731.500000 22 4.690416 22.000000 4.690416
732.500000 20 4.472136 20.000000 4.472136
733.500000 21 4.582576 21.000000 4.582576
734.500000 20 4.472136 20.000000 4.472136
735.500000 20 4.472136 20.000000 4.472136
736.500000 23 4.795832 23.000000 4.795832
737.500000 13 3.605551 13.000000 3.605551
738.500000 30 5.477226 30.000000 5.477226
739.500000 18 4.242641 18.000000 4.242641
740.500000 20 4.472136 20.000000 4.472136
741.500000 17 4.123106 17.000000 4.123106
742.500000 25 5.000000 25.000000 5.000000
743.500000 21 4.582576 21.000000 4.582576
744.500000 19 4.358899 19.000000 4.358899
745.500000 12 3.464102 12.000000 3.464102
746.500000 15 3.872983 15.000000 3.872983
747.500000 19 4.358899 19.000000 4.358899
748.500000 16 4.000000 16.000000 4.000000
749.500000 19 4.358899 19.000000 4.358899
750.500000 15 3.872983 15.000000 3.872983
751.500000 12 3.464102 12.000000 3.464102
752.500000 14 3.741657 14.000000 3.741657
753.500000 23 4.795832 23.000000 4.795832
754.500000 17 4.123106 17.000000 4.123106
755.500000 20 4.472136 20.000000 4.472136
756.500000 13 3.605551 13.000000 3.605551
757.500000 18 4.242641 18.000000 4.242641
758.500000 20 4.472136 20.000000 4.472136
759.500000 22 4.690416 22.000000 4.690416
760.500000 16 4.000000 16.000000 4.000000
761.500000 21 4.582576 21.000000 4.582576
762.500000 15 3.872983 15.000000 3.872983
763.500000 16 4.000000 16.000000 4.000000
764.500000 18 4.242641 18.000000 4.242641
765.500000 15 3.872983 15.000000 3.872983
766.500000 13 3.605551 13.000000 3.605551
767.500000 20 4.472136 20.000000 4.472136
768.500000 12 3.464102 12.000000 3.464102
769.500000 19 4.358899 19.000000 4.358899
770.500000 14 3.741657 14.000000 3.741657
771.500000 15 3.872983 15.000000 3.872983
772.500000 9 3.000000 9.000000 3.000000
773.500000 14 3.741657 14.000000 3.741657
774.500000 16 4.000000 16.000000 4.000000
775.500000 18 4.242641 18.000000 4.242641
776.500000 20 4.472136 20.000000 4.472136
777.500000 17 4.123106 17.000000 4.123106
778.500000 11 3.316625 11.000000 3.316625
779.500000 17 4.123106 17.000000 4.123106
780.500000 17 4.123106 17.000000 4.123106
781.500000 13 3.605551 13.000000 3.605551
782.500000 19 4.358899 19.000000 4.358899
783.500000 13 3.605551 13.000000 3.605551
784.500000 15 3.872983 15.000000 3.872983
785.500000 10 3.162278 10.000000 3.162278
786.500000 20 4.472136 20.000000 4.472136
787.500000 14 3.741657 14.000000 3.741657
788.500000 7 2.645751 7.000000 2.645751
789.500000 10 3.162278 10.000000 3.162278
790.500000 17 4.123106 17.000000 4.123106
791.500000 9 3.000000 9.000000 3.000000
792.500000 12 3.464102 12.000000 3.464102
793.500000 13 3.605551 13.000000 3.605551
794.500000 11 3.316625 11.000000 3.316625
795.500000 17 4.123106 17.000000 4.123106
796.500000 13 3.605551 13.000000 3.605551
797.500000 17 4.123106 17.000000 4.123106
798.500000 19 4.358899 19.000000 4.358899
799.500000 11 3.316625 11.000000 3.316625
800.500000 11 3.316625 11.000000 3.316625
801.500000 19 4.358899 19.000000 4.358899
802.500000 12 3.464102 12.000000 3.464102
803.500000 11 3.316625 11.000000 3.316625
804.500000 13 3.605551 13.000000 3.605551
805.500000 19 4.358899 19.000000 4.358899
806.500000 10 3.162278 10.000000 3.162278
807.500000 10 3.162278 10.000000 3.162278
808.500000 16 4.000000 16.000000 4.000000
809.500000 11 3.316625 11.000000 3.316625
810.500000 14 3.741657 14.000000 3.741657
811.500000 9 3.000000 9.000000 3.000000
812.500000 11 3.316625 11.000000 3.316625
813.500000 10 3.162278 10.000000 3.162278
814.500000 10 3.162278 10.000000 3.162278
815.500000 16 4.000000 16.000000 4.000000
816.500000 10 3.162278 10.000000 3.162278
817.500000 9 3.000000 9.000000 3.000000
818.500000 14 3.741657 14.000000 3.741657
819.500000 7 2.645751 7.000000 2.645751
820.500000 11 3.316625 11.000000 3.316625
821.500000 10 3.162278 10.000000 3.162278
822.500000 11 3.316625 11.000000 3.316625
823.500000 8 2.828427 8.000000 2.828427
824.500000 14 3.741657 14.000000 3.741657
825.500000 12 3.464102 12.000000 3.464102
826.500000 16 4.000000 16.000000 4.000000
827.500000 13 3.605551 13.000000 3.605551
828.500000 9 3.000000 9.000000 3.000000
829.500000 7 2.645751 7.000000 2.645751
830.500000 7 2.645751 7.000000 2.645751
831.500000 12 3.464102 12.000000 3.464102
832.500000 12 3.464102 12.000000 3.464102
833.500000 8 2.828427 8.000000 2.828427
834.500000 7 2.645751 7.000000 2.645751
835.500000 10 3.162278 10.000000 3.162278
836.500000 9 3.000000 9.000000 3.000000
837.500000 9 3.000000 9.000000 3.000000
838.500000 13 3.605551 13.000000 3.605551
839.500000 7 2.645751 7.000000 2.645751
840.500000 7 2.645751 7.000000 2.645751
841.500000 6 2.449490 6.000000 2.449490
842.500000 9 3.000000 9.000000 3.000000
843.500000 5 2.236068 5.000000 2.236068
844.500000 12 3.464102 12.000000 3.464102
845.500000 15 3.872983 15.000000 3.872983
846.500000 14 3.741657 14.000000 3.741657
847.500000 2 1.414214 2.000000 1.414214
848.500000 5 2.236068 5.000000 2.236068
849.500000 14 3.741657 14.000000 3.741657
850.500000 4 2.000000 4.000000 2.000000
851.500000 8 2.828427 8.000000 2.828427
852.500000 5 2.236068 5.000000 2.236068
853.500000 8 2.828427 8.000000 2.828427
854.500000 10 3.162278 10.000000 3.162278
855.500000 5 2.236068 5.000000 2.236068
856.500000 5 2.236068 5.000000 2.236068
857.500000 9 3.000000 9.000000 3.000000
858.500000 6 2.449490 6.000000 2.449490
859.500000 11 3.316625 11.000000 3.316625
860.500000 12 3.464102 12.000000 3.464102
861.500000 5 2.236068 5.000000 2.236068
862.500000 8 2.828427 8.000000 2.828427
863.500000 7 2.645751 7.000000 2.645751
864.500000 6 2.449490 6.000000 2.449490
865.500000 7 2.645751 7.000000 2.645751
866.500000 11 3.316625 11.000000 3.316625
867.500000 7 2.645751 7.000000 2.645751
868.500000 13 3.605551 13.000000 3.605551
869.500000 6 2.449490 6.000000 2.449490
870.500000 9 3.000000 9.000000 3.000000
871.500000 8 2.828427 8.000000 2.828427
872.500000 6 2.449490 6.000000 2.449490
873.500000 3 1.732051 3.000000 1.732051
874.500000 6 2.449490 6.000000 2.449490
875.500000 5 2.236068 5.000000 2.236068
876.500000 5 2.236068 5.000000 2.236068
877.500000 11 3.316625 11.000000 3.316625
878.500000 6 2.449490 6.000000 2.449490
879.500000 3 1.732051 3.000000 1.732051
880.500000 7 2.645751 7.000000 2.645751
881.500000 7 2.645751 7.000000 2.645751
882.500000 6 2.449490 6.000000 2.449490
883.500000 1 1.000000 1.000000 1.000000
884.500000 12 3.464102 12.000000 3.464102
885.500000 5 2.236068 5.000000 2.236068
886.500000 10 3.162278 10.000000 3.162278
887.500000 4 2.000000 4.000000 2.000000
888.500000 8 2.828427 8.000000 2.828427
889.500000 5 2.236068 5.000000 2.236068
890.500000 8 2.828427 8.000000 2.828427
891.500000 6 2.449490 6.000000 2.449490
892.500000 4 2.000000 4.000000 2.000000
893.500000 7 2.645751 7.000000 2.645751
894.500000 5 2.236068 5.000000 2.236068
895.500000 5 2.236068 5.000000 2.236068
896.500000 2 1.414214 2.000000 1.414214
897.500000 8 2.828427 8.000000 2.828427
898.500000 6 2.449490 6.000000 2.449490
899.500000 5 2.236068 5.000000 2.236068
900.500000 6 2.449490 6.000000 2.449490
901.500000 5 2.236068 5.000000 2.236068
902.500000 6 2.449490 6.000000 2.449490
903.500000 4 2.000000 4.000000 2.000000
904.500000 7 2.645751 7.000000 2.645751
905.500000 5 2.236068 5.000000 2.236068
906.500000 1 1.000000 1.000000 1.000000
907.500000 3 1.732051 3.000000 1.732051
908.500000 2 1.414214 2.000000 1.414214
909.500000 4 2.000000 4.000000 2.000000
910.500000 8 2.828427 8.000000 2.828427
911.500000 3 1.732051 3.000000 1.732051
912.500000 2 1.414214 2.000000 1.414214
913.500000 5 2.236068 5.000000 2.236068
914.500000 5 2.236068 5.000000 2.236068
915.500000 3 1.732051 3.000000 1.732051
916.500000 5 2.236068 5.000000 2.236068
917.500000 4 2.000000 4.000000 2.000000
918.500000 7 2.645751 7.000000 2.645751
919.500000 2 1.414214 2.000000 1.414214
920.500000 4 2.000000 4.000000 2.000000
921.500000 2 1.414214 2.000000 1.414214
922.500000 5 2.236068 5.000000 2.236068
923.500000 6 2.449490 6.000000 2.449490
924.500000 4 2.000000 4.000000 2.000000
925.500000 2 1.414214 2.000000 1.414214
926.500000 5 2.236068 5.000000 2.236068
927.500000 1 1.000000 1.000000 1.000000
928.500000 8 2.828427 8.000000 2.828427
929.500000 5 2.236068 5.000000 2.236068
930.500000 4 2.000000 4.000000 2.000000
931.500000 3 1.732051 3.000000 1.732051
932.500000 1 1.000000 1.000000 1.000000
933.500000 4 2.000000 4.000000 2.000000
934.500000 6 2.449490 6.000000 2.449490
935.500000 2 1.414214 2.000000 1.414214
936.500000 9 3.000000 9.000000 3.000000
937.500000 5 2.236068 5.000000 2.236068
938.500000 3 1.732051 3.000000 1.732051
939.500000 2 1.414214 2.000000 1.414214
940.500000 0 0.000000 0.000000 0.000000
941.500000 2 1.414214 2.000000 1.414214
942.500000 4 2.000000 4.000000 2.000000
943.500000 4 2.000000 4.000000 2.000000
944.500000 2 1.414214 2.000000 1.414214
945.500000 3 1.732051 3.000000 1.732051
946.500000 5 2.236068 5.000000 2.236068
947.500000 5 2.236068 5.000000 2.236068
948.500000 7 2.645751 7.000000 2.645751
949.500000 1 1.000000 1.000000 1.000000
950.500000 5 2.236068 5.000000 2.236068
951.500000 3 1.732051 3.000000 1.732051
952.500000 2 1.414214 2.000000 1.414214
953.500000 4 2.000000 4.000000 2.000000
954.500000 2 1.414214 2.000000 1.414214
955.500000 2 1.414214 2.000000 1.414214
956.500000 0 0.000000 0.000000 0.000000
957.500000 3 1.732051 3.000000 1.732051
958.500000 2 1.414214 2.000000 1.414214
959.500000 4 2.000000 4.000000 2.000000
960.500000 2 1.414214 2.000000 1.414214
961.500000 3 1.732051 3.000000 1.732051
962.500000 5 2.236068 5.000000 2.236068
963.500000 3 1.732051 3.000000 1.732051
964.500000 6 2.449490 6.000000 2.449490
965.500000 6 2.449490 6.000000 2.449490
966.500000 1 1.000000 1.000000 1.000000
967.500000 1 1.000000 1.000000 1.000000
968.500000 2 1.414214 2.000000 1.414214
969.500000 1 1.000000 1.000000 1.000000
970.500000 1 1.000000 1.000000 1.000000
971.500000 1 1.000000 1.000000 1.000000
972.500000 6 2.449490 6.000000 2.449490
973.500000 2 1.414214 2.000000 1.414214
974.500000 4 2.000000 4.000000 2.000000
975.500000 1 1.000000 1.000000 1.000000
976.500000 2 1.414214 2.000000 1.414214
977.500000 0 0.000000 0.000000 0.000000
978.500000 7 2.645751 7.000000 2.645751
979.500000 3 1.732051 3.000000 1.732051
980.500000 3 1.732051 3.000000 1.732051
981.500000 7 2.645751 7.000000 2.645751
982.500000 3 1.732051 3.000000 1.732051
983.500000 2 1.414214 2.000000 1.414214
984.500000 4 2.000000 4.000000 2.000000
985.500000 1 1.000000 1.000000 1.000000
986.500000 2 1.414214 2.000000 1.414214
987.500000 1 1.000000 1.000000 1.000000
988.500000 2 1.414214 2.000000 1.414214
989.500000 3 1.732051 3.000000 1.732051
990.500000 3 1.732051 3.000000 1.732051
991.500000 0 0.000000 0.000000 0.000000
992.500000 1 1.000000 1.000000 1.000000
993.500000 1 1.000000 1.000000 1.000000
994.500000 2 1.414214 2.000000 1.414214
995.500000 4 2.000000 4.000000 2.000000
996.500000 4 2.000000 4.000000 2.000000
997.500000 2 1.414214 2.000000 1.414214
998.500000 2 1.414214 2.000000 1.414214
999.500000 4 2.000000 4.000000 2.000000
1000.500000 1 1.000000 1.000000 1.000000
1001.500000 3 1.732051 3.000000 1.732051
1002.500000 3 1.732051 3.000000 1.732051
1003.500000 1 1.000000 1.000000 1.000000
1004.500000 2 1.414214 2.000000 1.414214
1005.500000 1 1.000000 1.000000 1.000000
1006.500000 1 1.000000 1.000000 1.000000
1007.500000 5 2.236068 5.000000 2.236068
1008.500000 0 0.000000 0.000000 0.000000
1009.500000 1 1.000000 1.000000 1.000000
1010.500000 0 0.000000 0.000000 0.000000
1011.500000 3 1.732051 3.000000 1.732051
1012.500000 2 1.414214 2.000000 1.414214
1013.500000 1 1.000000 1.000000 1.000000
1014.500000 0 0.000000 0.000000 0.000000
1015.500000 1 1.000000 1.000000 1.000000
1016.500000 0 0.000000 0.000000 0.000000
1017.500000 2 1.414214 2.000000 1.414214
1018.500000 3 1.732051 3.000000 1.732051
1019.500000 0 0.000000 0.000000 0.000000
1020.500000 3 1.732051 3.000000 1.732051
1021.500000 3 1.732051 3.000000 1.732051
1022.500000 3 1.732051 3.000000 1.732051
1023.500000 3 1.732051 3.000000 1.732051
