# name, dx, fmax, fmax_err, norm_value, norm_vale_err
# 200D_88Y 1 3413 58.42088667591412 1 0
# bin_center, freq, freq_err, norm_freq, norm_freq_err
0.500000 1 1.000000 1.000000 1.000000
1.500000 0 0.000000 0.000000 0.000000
2.500000 1 1.000000 1.000000 1.000000
3.500000 6 2.449490 6.000000 2.449490
4.500000 26 5.099020 26.000000 5.099020
5.500000 55 7.416198 55.000000 7.416198
6.500000 71 8.426150 71.000000 8.426150
7.500000 151 12.288206 151.000000 12.288206
8.500000 896 29.933259 896.000000 29.933259
9.500000 1641 40.509258 1641.000000 40.509258
10.500000 2278 47.728398 2278.000000 47.728398
11.500000 3003 54.799635 3003.000000 54.799635
12.500000 2923 54.064776 2923.000000 54.064776
13.500000 2742 52.364110 2742.000000 52.364110
14.500000 2750 52.440442 2750.000000 52.440442
15.500000 2704 52.000000 2704.000000 52.000000
16.500000 2646 51.439285 2646.000000 51.439285
17.500000 2749 52.430907 2749.000000 52.430907
18.500000 2790 52.820451 2790.000000 52.820451
19.500000 2728 52.230259 2728.000000 52.230259
20.500000 2724 52.191953 2724.000000 52.191953
21.500000 2673 51.701064 2673.000000 51.701064
22.500000 2716 52.115257 2716.000000 52.115257
23.500000 2623 51.215232 2623.000000 51.215232
24.500000 2809 53.000000 2809.000000 53.000000
25.500000 2697 51.932649 2697.000000 51.932649
26.500000 2662 51.594573 2662.000000 51.594573
27.500000 2574 50.734604 2574.000000 50.734604
28.500000 2638 51.361464 2638.000000 51.361464
29.500000 2654 51.516987 2654.000000 51.516987
30.500000 2686 51.826634 2686.000000 51.826634
31.500000 2764 52.573758 2764.000000 52.573758
32.500000 2669 51.662365 2669.000000 51.662365
33.500000 2664 51.613952 2664.000000 51.613952
34.500000 2653 51.507281 2653.000000 51.507281
35.500000 2666 51.633323 2666.000000 51.633323
36.500000 2739 52.335456 2739.000000 52.335456
37.500000 2716 52.115257 2716.000000 52.115257
38.500000 2704 52.000000 2704.000000 52.000000
39.500000 2677 51.739733 2677.000000 51.739733
40.500000 2720 52.153619 2720.000000 52.153619
41.500000 2667 51.643005 2667.000000 51.643005
42.500000 2800 52.915026 2800.000000 52.915026
43.500000 2663 51.604263 2663.000000 51.604263
44.500000 2694 51.903757 2694.000000 51.903757
45.500000 2649 51.468437 2649.000000 51.468437
46.500000 2775 52.678269 2775.000000 52.678269
47.500000 2716 52.115257 2716.000000 52.115257
48.500000 2741 52.354560 2741.000000 52.354560
49.500000 2866 53.535035 2866.000000 53.535035
50.500000 2671 51.681718 2671.000000 51.681718
51.500000 2719 52.144031 2719.000000 52.144031
52.500000 2788 52.801515 2788.000000 52.801515
53.500000 2762 52.554733 2762.000000 52.554733
54.500000 2733 52.278102 2733.000000 52.278102
55.500000 2735 52.297227 2735.000000 52.297227
56.500000 2953 54.341513 2953.000000 54.341513
57.500000 2818 53.084838 2818.000000 53.084838
58.500000 2856 53.441557 2856.000000 53.441557
59.500000 2858 53.460266 2858.000000 53.460266
60.500000 2818 53.084838 2818.000000 53.084838
61.500000 2889 53.749419 2889.000000 53.749419
62.500000 2890 53.758720 2890.000000 53.758720
63.500000 2823 53.131911 2823.000000 53.131911
64.500000 2901 53.860932 2901.000000 53.860932
65.500000 3034 55.081757 3034.000000 55.081757
66.500000 2919 54.027771 2919.000000 54.027771
67.500000 2965 54.451814 2965.000000 54.451814
68.500000 3012 54.881691 3012.000000 54.881691
69.500000 3027 55.018179 3027.000000 55.018179
70.500000 2983 54.616847 2983.000000 54.616847
71.500000 2991 54.690036 2991.000000 54.690036
72.500000 3001 54.781384 3001.000000 54.781384
73.500000 3153 56.151581 3153.000000 56.151581
74.500000 3075 55.452683 3075.000000 55.452683
75.500000 3086 55.551778 3086.000000 55.551778
76.500000 3113 55.794265 3113.000000 55.794265
77.500000 3219 56.736232 3219.000000 56.736232
78.500000 3176 56.356011 3176.000000 56.356011
79.500000 3204 56.603887 3204.000000 56.603887
80.500000 3195 56.524331 3195.000000 56.524331
81.500000 3290 57.358522 3290.000000 57.358522
82.500000 3329 57.697487 3329.000000 57.697487
83.500000 3386 58.189346 3386.000000 58.189346
84.500000 3198 56.550862 3198.000000 56.550862
85.500000 3242 56.938563 3242.000000 56.938563
86.500000 3373 58.077534 3373.000000 58.077534
87.500000 3303 57.471732 3303.000000 57.471732
88.500000 3300 57.445626 3300.000000 57.445626
89.500000 3278 57.253821 3278.000000 57.253821
90.500000 3307 57.506521 3307.000000 57.506521
91.500000 3188 56.462377 3188.000000 56.462377
92.500000 3368 58.034473 3368.000000 58.034473
93.500000 3272 57.201399 3272.000000 57.201399
94.500000 3413 58.420887 3413.000000 58.420887
95.500000 3354 57.913729 3354.000000 57.913729
96.500000 3323 57.645468 3323.000000 57.645468
97.500000 3249 57.000000 3249.000000 57.000000
98.500000 3364 58.000000 3364.000000 58.000000
99.500000 3244 56.956123 3244.000000 56.956123
100.500000 3295 57.402091 3295.000000 57.402091
101.500000 3340 57.792733 3340.000000 57.792733
102.500000 3189 56.471232 3189.000000 56.471232
103.500000 3173 56.329388 3173.000000 56.329388
104.500000 3169 56.293872 3169.000000 56.293872
105.500000 3062 55.335341 3062.000000 55.335341
106.500000 3213 56.683331 3213.000000 56.683331
107.500000 3133 55.973208 3133.000000 55.973208
108.500000 3335 57.749459 3335.000000 57.749459
109.500000 3178 56.373753 3178.000000 56.373753
110.500000 3115 55.812185 3115.000000 55.812185
111.500000 3065 55.362442 3065.000000 55.362442
112.500000 3010 54.863467 3010.000000 54.863467
113.500000 3086 55.551778 3086.000000 55.551778
114.500000 3096 55.641711 3096.000000 55.641711
115.500000 2957 54.378304 2957.000000 54.378304
116.500000 2896 53.814496 2896.000000 53.814496
117.500000 2949 54.304696 2949.000000 54.304696
118.500000 2974 54.534393 2974.000000 54.534393
119.500000 2843 53.319790 2843.000000 53.319790
120.500000 2869 53.563047 2869.000000 53.563047
121.500000 2885 53.712196 2885.000000 53.712196
122.500000 2873 53.600373 2873.000000 53.600373
123.500000 2834 53.235327 2834.000000 53.235327
124.500000 2759 52.526184 2759.000000 52.526184
125.500000 2780 52.725705 2780.000000 52.725705
126.500000 2794 52.858301 2794.000000 52.858301
127.500000 2800 52.915026 2800.000000 52.915026
128.500000 2646 51.439285 2646.000000 51.439285
129.500000 2642 51.400389 2642.000000 51.400389
130.500000 2587 50.862560 2587.000000 50.862560
131.500000 2595 50.941143 2595.000000 50.941143
132.500000 2629 51.273775 2629.000000 51.273775
133.500000 2730 52.249402 2730.000000 52.249402
134.500000 2501 50.009999 2501.000000 50.009999
135.500000 2610 51.088159 2610.000000 51.088159
136.500000 2520 50.199602 2520.000000 50.199602
137.500000 2534 50.338852 2534.000000 50.338852
138.500000 2522 50.219518 2522.000000 50.219518
139.500000 2570 50.695167 2570.000000 50.695167
140.500000 2425 49.244289 2425.000000 49.244289
141.500000 2429 49.284886 2429.000000 49.284886
142.500000 2524 50.239427 2524.000000 50.239427
143.500000 2488 49.879856 2488.000000 49.879856
144.500000 2527 50.269275 2527.000000 50.269275
145.500000 2446 49.457052 2446.000000 49.457052
146.500000 2367 48.651824 2367.000000 48.651824
147.500000 2400 48.989795 2400.000000 48.989795
148.500000 2275 47.696960 2275.000000 47.696960
149.500000 2489 49.889879 2489.000000 49.889879
150.500000 2342 48.394215 2342.000000 48.394215
151.500000 2365 48.631266 2365.000000 48.631266
152.500000 2437 49.365980 2437.000000 49.365980
153.500000 2399 48.979588 2399.000000 48.979588
154.500000 2299 47.947888 2299.000000 47.947888
155.500000 2350 48.476799 2350.000000 48.476799
156.500000 2294 47.895720 2294.000000 47.895720
157.500000 2281 47.759816 2281.000000 47.759816
158.500000 2266 47.602521 2266.000000 47.602521
159.500000 2276 47.707442 2276.000000 47.707442
160.500000 2365 48.631266 2365.000000 48.631266
161.500000 2306 48.020829 2306.000000 48.020829
162.500000 2341 48.383882 2341.000000 48.383882
163.500000 2280 47.749346 2280.000000 47.749346
164.500000 2155 46.421978 2155.000000 46.421978
165.500000 2301 47.968740 2301.000000 47.968740
166.500000 2250 47.434165 2250.000000 47.434165
167.500000 2231 47.233463 2231.000000 47.233463
168.500000 2211 47.021272 2211.000000 47.021272
169.500000 2132 46.173586 2132.000000 46.173586
170.500000 2198 46.882833 2198.000000 46.882833
171.500000 2133 46.184413 2133.000000 46.184413
172.500000 2190 46.797436 2190.000000 46.797436
173.500000 2169 46.572524 2169.000000 46.572524
174.500000 2282 47.770284 2282.000000 47.770284
175.500000 2151 46.378875 2151.000000 46.378875
176.500000 2121 46.054316 2121.000000 46.054316
177.500000 2188 46.776062 2188.000000 46.776062
178.500000 2144 46.303348 2144.000000 46.303348
179.500000 2105 45.880279 2105.000000 45.880279
180.500000 2056 45.343136 2056.000000 45.343136
181.500000 2183 46.722586 2183.000000 46.722586
182.500000 2189 46.786750 2189.000000 46.786750
183.500000 2145 46.314145 2145.000000 46.314145
184.500000 2128 46.130250 2128.000000 46.130250
185.500000 2108 45.912961 2108.000000 45.912961
186.500000 2049 45.265881 2049.000000 45.265881
187.500000 2069 45.486262 2069.000000 45.486262
188.500000 2133 46.184413 2133.000000 46.184413
189.500000 2181 46.701178 2181.000000 46.701178
190.500000 1990 44.609416 1990.000000 44.609416
191.500000 2045 45.221676 2045.000000 45.221676
192.500000 2061 45.398238 2061.000000 45.398238
193.500000 2081 45.617979 2081.000000 45.617979
194.500000 2019 44.933284 2019.000000 44.933284
195.500000 2090 45.716518 2090.000000 45.716518
196.500000 2071 45.508241 2071.000000 45.508241
197.500000 2190 46.797436 2190.000000 46.797436
198.500000 2082 45.628938 2082.000000 45.628938
199.500000 2040 45.166359 2040.000000 45.166359
200.500000 2146 46.324939 2146.000000 46.324939
201.500000 2061 45.398238 2061.000000 45.398238
202.500000 2074 45.541190 2074.000000 45.541190
203.500000 2085 45.661800 2085.000000 45.661800
204.500000 2012 44.855323 2012.000000 44.855323
205.500000 1969 44.373415 1969.000000 44.373415
206.500000 2006 44.788391 2006.000000 44.788391
207.500000 1958 44.249294 1958.000000 44.249294
208.500000 2110 45.934736 2110.000000 45.934736
209.500000 2078 45.585085 2078.000000 45.585085
210.500000 2055 45.332108 2055.000000 45.332108
211.500000 2053 45.310043 2053.000000 45.310043
212.500000 2034 45.099889 2034.000000 45.099889
213.500000 2098 45.803930 2098.000000 45.803930
214.500000 2013 44.866469 2013.000000 44.866469
215.500000 2093 45.749317 2093.000000 45.749317
216.500000 2033 45.088801 2033.000000 45.088801
217.500000 1971 44.395946 1971.000000 44.395946
218.500000 1899 43.577517 1899.000000 43.577517
219.500000 1926 43.886217 1926.000000 43.886217
220.500000 2073 45.530210 2073.000000 45.530210
221.500000 1924 43.863424 1924.000000 43.863424
222.500000 1978 44.474712 1978.000000 44.474712
223.500000 2021 44.955534 2021.000000 44.955534
224.500000 1958 44.249294 1958.000000 44.249294
225.500000 1999 44.710178 1999.000000 44.710178
226.500000 1958 44.249294 1958.000000 44.249294
227.500000 2083 45.639895 2083.000000 45.639895
228.500000 1942 44.068129 1942.000000 44.068129
229.500000 2074 45.541190 2074.000000 45.541190
230.500000 1989 44.598206 1989.000000 44.598206
231.500000 1918 43.794977 1918.000000 43.794977
232.500000 2034 45.099889 2034.000000 45.099889
233.500000 2009 44.821870 2009.000000 44.821870
234.500000 1818 42.638011 1818.000000 42.638011
235.500000 1978 44.474712 1978.000000 44.474712
236.500000 1996 44.676616 1996.000000 44.676616
237.500000 2030 45.055521 2030.000000 45.055521
238.500000 2052 45.299007 2052.000000 45.299007
239.500000 1977 44.463468 1977.000000 44.463468
240.500000 1961 44.283180 1961.000000 44.283180
241.500000 1961 44.283180 1961.000000 44.283180
242.500000 2015 44.888751 2015.000000 44.888751
243.500000 2083 45.639895 2083.000000 45.639895
244.500000 1975 44.440972 1975.000000 44.440972
245.500000 1904 43.634848 1904.000000 43.634848
246.500000 2101 45.836667 2101.000000 45.836667
247.500000 1998 44.698993 1998.000000 44.698993
248.500000 1976 44.452222 1976.000000 44.452222
249.500000 1912 43.726422 1912.000000 43.726422
250.500000 2053 45.310043 2053.000000 45.310043
251.500000 2043 45.199558 2043.000000 45.199558
252.500000 2048 45.254834 2048.000000 45.254834
253.500000 1964 44.317040 1964.000000 44.317040
254.500000 2071 45.508241 2071.000000 45.508241
255.500000 1963 44.305756 1963.000000 44.305756
256.500000 2084 45.650849 2084.000000 45.650849
257.500000 1951 44.170126 1951.000000 44.170126
258.500000 1907 43.669211 1907.000000 43.669211
259.500000 2096 45.782093 2096.000000 45.782093
260.500000 2020 44.944410 2020.000000 44.944410
261.500000 1855 43.069711 1855.000000 43.069711
262.500000 2003 44.754888 2003.000000 44.754888
263.500000 2031 45.066617 2031.000000 45.066617
264.500000 1965 44.328321 1965.000000 44.328321
265.500000 1956 44.226689 1956.000000 44.226689
266.500000 1890 43.474130 1890.000000 43.474130
267.500000 2002 44.743715 2002.000000 44.743715
268.500000 1894 43.520110 1894.000000 43.520110
269.500000 1972 44.407207 1972.000000 44.407207
270.500000 1879 43.347434 1879.000000 43.347434
271.500000 2071 45.508241 2071.000000 45.508241
272.500000 1907 43.669211 1907.000000 43.669211
273.500000 1963 44.305756 1963.000000 44.305756
274.500000 1930 43.931765 1930.000000 43.931765
275.500000 2002 44.743715 2002.000000 44.743715
276.500000 1986 44.564560 1986.000000 44.564560
277.500000 1915 43.760713 1915.000000 43.760713
278.500000 1940 44.045431 1940.000000 44.045431
279.500000 1979 44.485953 1979.000000 44.485953
280.500000 1882 43.382024 1882.000000 43.382024
281.500000 1956 44.226689 1956.000000 44.226689
282.500000 1837 42.860238 1837.000000 42.860238
283.500000 1830 42.778499 1830.000000 42.778499
284.500000 1982 44.519659 1982.000000 44.519659
285.500000 1929 43.920383 1929.000000 43.920383
286.500000 1962 44.294469 1962.000000 44.294469
287.500000 1947 44.124823 1947.000000 44.124823
288.500000 1964 44.317040 1964.000000 44.317040
289.500000 1938 44.022721 1938.000000 44.022721
290.500000 1855 43.069711 1855.000000 43.069711
291.500000 1816 42.614552 1816.000000 42.614552
292.500000 1929 43.920383 1929.000000 43.920383
293.500000 1853 43.046487 1853.000000 43.046487
294.500000 1870 43.243497 1870.000000 43.243497
295.500000 1891 43.485630 1891.000000 43.485630
296.500000 1815 42.602817 1815.000000 42.602817
297.500000 1798 42.402830 1798.000000 42.402830
298.500000 1900 43.588989 1900.000000 43.588989
299.500000 1855 43.069711 1855.000000 43.069711
300.500000 1875 43.301270 1875.000000 43.301270
301.500000 1841 42.906876 1841.000000 42.906876
302.500000 1786 42.261093 1786.000000 42.261093
303.500000 1798 42.402830 1798.000000 42.402830
304.500000 1730 41.593269 1730.000000 41.593269
305.500000 1823 42.696604 1823.000000 42.696604
306.500000 1724 41.521079 1724.000000 41.521079
307.500000 1668 40.841156 1668.000000 40.841156
308.500000 1728 41.569219 1728.000000 41.569219
309.500000 1685 41.048752 1685.000000 41.048752
310.500000 1697 41.194660 1697.000000 41.194660
311.500000 1624 40.298883 1624.000000 40.298883
312.500000 1695 41.170378 1695.000000 41.170378
313.500000 1634 40.422766 1634.000000 40.422766
314.500000 1644 40.546270 1644.000000 40.546270
315.500000 1666 40.816663 1666.000000 40.816663
316.500000 1655 40.681691 1655.000000 40.681691
317.500000 1600 40.000000 1600.000000 40.000000
318.500000 1622 40.274061 1622.000000 40.274061
319.500000 1547 39.331921 1547.000000 39.331921
320.500000 1539 39.230090 1539.000000 39.230090
321.500000 1640 40.496913 1640.000000 40.496913
322.500000 1421 37.696154 1421.000000 37.696154
323.500000 1547 39.331921 1547.000000 39.331921
324.500000 1575 39.686270 1575.000000 39.686270
325.500000 1492 38.626416 1492.000000 38.626416
326.500000 1492 38.626416 1492.000000 38.626416
327.500000 1548 39.344631 1548.000000 39.344631
328.500000 1425 37.749172 1425.000000 37.749172
329.500000 1515 38.923001 1515.000000 38.923001
330.500000 1522 39.012818 1522.000000 39.012818
331.500000 1444 38.000000 1444.000000 38.000000
332.500000 1433 37.854986 1433.000000 37.854986
333.500000 1493 38.639358 1493.000000 38.639358
334.500000 1481 38.483763 1481.000000 38.483763
335.500000 1441 37.960506 1441.000000 37.960506
336.500000 1421 37.696154 1421.000000 37.696154
337.500000 1398 37.389838 1398.000000 37.389838
338.500000 1412 37.576588 1412.000000 37.576588
339.500000 1431 37.828561 1431.000000 37.828561
340.500000 1431 37.828561 1431.000000 37.828561
341.500000 1410 37.549967 1410.000000 37.549967
342.500000 1465 38.275318 1465.000000 38.275318
343.500000 1426 37.762415 1426.000000 37.762415
344.500000 1526 39.064050 1526.000000 39.064050
345.500000 1439 37.934153 1439.000000 37.934153
346.500000 1411 37.563280 1411.000000 37.563280
347.500000 1494 38.652296 1494.000000 38.652296
348.500000 1440 37.947332 1440.000000 37.947332
349.500000 1376 37.094474 1376.000000 37.094474
350.500000 1374 37.067506 1374.000000 37.067506
351.500000 1452 38.105118 1452.000000 38.105118
352.500000 1432 37.841776 1432.000000 37.841776
353.500000 1416 37.629775 1416.000000 37.629775
354.500000 1484 38.522721 1484.000000 38.522721
355.500000 1504 38.781439 1504.000000 38.781439
356.500000 1529 39.102430 1529.000000 39.102430
357.500000 1464 38.262253 1464.000000 38.262253
358.500000 1493 38.639358 1493.000000 38.639358
359.500000 1487 38.561639 1487.000000 38.561639
360.500000 1553 39.408121 1553.000000 39.408121
361.500000 1561 39.509493 1561.000000 39.509493
362.500000 1518 38.961519 1518.000000 38.961519
363.500000 1571 39.635842 1571.000000 39.635842
364.500000 1518 38.961519 1518.000000 38.961519
365.500000 1533 39.153544 1533.000000 39.153544
366.500000 1554 39.420807 1554.000000 39.420807
367.500000 1661 40.755368 1661.000000 40.755368
368.500000 1630 40.373258 1630.000000 40.373258
369.500000 1650 40.620192 1650.000000 40.620192
370.500000 1640 40.496913 1640.000000 40.496913
371.500000 1573 39.661064 1573.000000 39.661064
372.500000 1614 40.174619 1614.000000 40.174619
373.500000 1693 41.146081 1693.000000 41.146081
374.500000 1675 40.926764 1675.000000 40.926764
375.500000 1742 41.737274 1742.000000 41.737274
376.500000 1781 42.201896 1781.000000 42.201896
377.500000 1741 41.725292 1741.000000 41.725292
378.500000 1784 42.237424 1784.000000 42.237424
379.500000 1768 42.047592 1768.000000 42.047592
380.500000 1853 43.046487 1853.000000 43.046487
381.500000 1846 42.965102 1846.000000 42.965102
382.500000 1849 43.000000 1849.000000 43.000000
383.500000 1936 44.000000 1936.000000 44.000000
384.500000 1838 42.871902 1838.000000 42.871902
385.500000 1764 42.000000 1764.000000 42.000000
386.500000 1879 43.347434 1879.000000 43.347434
387.500000 1974 44.429720 1974.000000 44.429720
388.500000 1903 43.623388 1903.000000 43.623388
389.500000 1889 43.462628 1889.000000 43.462628
390.500000 1941 44.056782 1941.000000 44.056782
391.500000 1935 43.988635 1935.000000 43.988635
392.500000 1847 42.976738 1847.000000 42.976738
393.500000 1957 44.237993 1957.000000 44.237993
394.500000 1955 44.215382 1955.000000 44.215382
395.500000 1977 44.463468 1977.000000 44.463468
396.500000 1870 43.243497 1870.000000 43.243497
397.500000 1963 44.305756 1963.000000 44.305756
398.500000 1910 43.703547 1910.000000 43.703547
399.500000 1916 43.772137 1916.000000 43.772137
400.500000 2063 45.420260 2063.000000 45.420260
401.500000 1900 43.588989 1900.000000 43.588989
402.500000 1954 44.204072 1954.000000 44.204072
403.500000 1849 43.000000 1849.000000 43.000000
404.500000 1918 43.794977 1918.000000 43.794977
405.500000 1882 43.382024 1882.000000 43.382024
406.500000 1785 42.249260 1785.000000 42.249260
407.500000 1896 43.543082 1896.000000 43.543082
408.500000 1882 43.382024 1882.000000 43.382024
409.500000 1912 43.726422 1912.000000 43.726422
410.500000 1832 42.801869 1832.000000 42.801869
411.500000 1786 42.261093 1786.000000 42.261093
412.500000 1772 42.095130 1772.000000 42.095130
413.500000 1804 42.473521 1804.000000 42.473521
414.500000 1666 40.816663 1666.000000 40.816663
415.500000 1673 40.902323 1673.000000 40.902323
416.500000 1733 41.629317 1733.000000 41.629317
417.500000 1686 41.060930 1686.000000 41.060930
418.500000 1667 40.828911 1667.000000 40.828911
419.500000 1635 40.435133 1635.000000 40.435133
420.500000 1710 41.352146 1710.000000 41.352146
421.500000 1686 41.060930 1686.000000 41.060930
422.500000 1604 40.049969 1604.000000 40.049969
423.500000 1590 39.874804 1590.000000 39.874804
424.500000 1599 39.987498 1599.000000 39.987498
425.500000 1568 39.597980 1568.000000 39.597980
426.500000 1534 39.166312 1534.000000 39.166312
427.500000 1591 39.887341 1591.000000 39.887341
428.500000 1458 38.183766 1458.000000 38.183766
429.500000 1482 38.496753 1482.000000 38.496753
430.500000 1435 37.881394 1435.000000 37.881394
431.500000 1444 38.000000 1444.000000 38.000000
432.500000 1443 37.986840 1443.000000 37.986840
433.500000 1392 37.309516 1392.000000 37.309516
434.500000 1407 37.509999 1407.000000 37.509999
435.500000 1411 37.563280 1411.000000 37.563280
436.500000 1345 36.674242 1345.000000 36.674242
437.500000 1273 35.679126 1273.000000 35.679126
438.500000 1302 36.083237 1302.000000 36.083237
439.500000 1341 36.619667 1341.000000 36.619667
440.500000 1324 36.386811 1324.000000 36.386811
441.500000 1290 35.916570 1290.000000 35.916570
442.500000 1365 36.945906 1365.000000 36.945906
443.500000 1271 35.651087 1271.000000 35.651087
444.500000 1285 35.846897 1285.000000 35.846897
445.500000 1220 34.928498 1220.000000 34.928498
446.500000 1271 35.651087 1271.000000 35.651087
447.500000 1215 34.856850 1215.000000 34.856850
448.500000 1240 35.213634 1240.000000 35.213634
449.500000 1225 35.000000 1225.000000 35.000000
450.500000 1161 34.073450 1161.000000 34.073450
451.500000 1163 34.102786 1163.000000 34.102786
452.500000 1183 34.394767 1183.000000 34.394767
453.500000 1173 34.249088 1173.000000 34.249088
454.500000 1194 34.554305 1194.000000 34.554305
455.500000 1110 33.316662 1110.000000 33.316662
456.500000 1127 33.570821 1127.000000 33.570821
457.500000 1110 33.316662 1110.000000 33.316662
458.500000 1074 32.771939 1074.000000 32.771939
459.500000 1059 32.542280 1059.000000 32.542280
460.500000 1074 32.771939 1074.000000 32.771939
461.500000 1079 32.848135 1079.000000 32.848135
462.500000 1071 32.726136 1071.000000 32.726136
463.500000 1061 32.572995 1061.000000 32.572995
464.500000 1058 32.526912 1058.000000 32.526912
465.500000 1062 32.588341 1062.000000 32.588341
466.500000 1112 33.346664 1112.000000 33.346664
467.500000 1064 32.619013 1064.000000 32.619013
468.500000 1058 32.526912 1058.000000 32.526912
469.500000 1029 32.078030 1029.000000 32.078030
470.500000 1028 32.062439 1028.000000 32.062439
471.500000 1047 32.357379 1047.000000 32.357379
472.500000 1011 31.796226 1011.000000 31.796226
473.500000 967 31.096624 967.000000 31.096624
474.500000 1040 32.249031 1040.000000 32.249031
475.500000 943 30.708305 943.000000 30.708305
476.500000 978 31.272992 978.000000 31.272992
477.500000 1045 32.326460 1045.000000 32.326460
478.500000 936 30.594117 936.000000 30.594117
479.500000 927 30.446675 927.000000 30.446675
480.500000 963 31.032241 963.000000 31.032241
481.500000 919 30.315013 919.000000 30.315013
482.500000 961 31.000000 961.000000 31.000000
483.500000 944 30.724583 944.000000 30.724583
484.500000 944 30.724583 944.000000 30.724583
485.500000 935 30.577770 935.000000 30.577770
486.500000 878 29.631065 878.000000 29.631065
487.500000 924 30.397368 924.000000 30.397368
488.500000 869 29.478806 869.000000 29.478806
489.500000 915 30.248967 915.000000 30.248967
490.500000 951 30.838288 951.000000 30.838288
491.500000 900 30.000000 900.000000 30.000000
492.500000 855 29.240383 855.000000 29.240383
493.500000 905 30.083218 905.000000 30.083218
494.500000 895 29.916551 895.000000 29.916551
495.500000 826 28.740216 826.000000 28.740216
496.500000 833 28.861739 833.000000 28.861739
497.500000 836 28.913665 836.000000 28.913665
498.500000 889 29.816103 889.000000 29.816103
499.500000 816 28.565714 816.000000 28.565714
500.500000 841 29.000000 841.000000 29.000000
501.500000 843 29.034462 843.000000 29.034462
502.500000 835 28.896367 835.000000 28.896367
503.500000 816 28.565714 816.000000 28.565714
504.500000 846 29.086079 846.000000 29.086079
505.500000 795 28.195744 795.000000 28.195744
506.500000 820 28.635642 820.000000 28.635642
507.500000 788 28.071338 788.000000 28.071338
508.500000 822 28.670542 822.000000 28.670542
509.500000 769 27.730849 769.000000 27.730849
510.500000 825 28.722813 825.000000 28.722813
511.500000 760 27.568098 760.000000 27.568098
512.500000 803 28.337255 803.000000 28.337255
513.500000 749 27.367864 749.000000 27.367864
514.500000 782 27.964263 782.000000 27.964263
515.500000 778 27.892651 778.000000 27.892651
516.500000 762 27.604347 762.000000 27.604347
517.500000 793 28.160256 793.000000 28.160256
518.500000 804 28.354894 804.000000 28.354894
519.500000 759 27.549955 759.000000 27.549955
520.500000 745 27.294688 745.000000 27.294688
521.500000 742 27.239677 742.000000 27.239677
522.500000 767 27.694765 767.000000 27.694765
523.500000 782 27.964263 782.000000 27.964263
524.500000 777 27.874720 777.000000 27.874720
525.500000 751 27.404379 751.000000 27.404379
526.500000 771 27.766887 771.000000 27.766887
527.500000 745 27.294688 745.000000 27.294688
528.500000 733 27.073973 733.000000 27.073973
529.500000 768 27.712813 768.000000 27.712813
530.500000 782 27.964263 782.000000 27.964263
531.500000 705 26.551836 705.000000 26.551836
532.500000 693 26.324893 693.000000 26.324893
533.500000 786 28.035692 786.000000 28.035692
534.500000 725 26.925824 725.000000 26.925824
535.500000 753 27.440845 753.000000 27.440845
536.500000 772 27.784888 772.000000 27.784888
537.500000 761 27.586228 761.000000 27.586228
538.500000 740 27.202941 740.000000 27.202941
539.500000 765 27.658633 765.000000 27.658633
540.500000 780 27.928480 780.000000 27.928480
541.500000 745 27.294688 745.000000 27.294688
542.500000 769 27.730849 769.000000 27.730849
543.500000 678 26.038433 678.000000 26.038433
544.500000 709 26.627054 709.000000 26.627054
545.500000 724 26.907248 724.000000 26.907248
546.500000 697 26.400758 697.000000 26.400758
547.500000 739 27.184554 739.000000 27.184554
548.500000 721 26.851443 721.000000 26.851443
549.500000 701 26.476405 701.000000 26.476405
550.500000 709 26.627054 709.000000 26.627054
551.500000 784 28.000000 784.000000 28.000000
552.500000 719 26.814175 719.000000 26.814175
553.500000 724 26.907248 724.000000 26.907248
554.500000 733 27.073973 733.000000 27.073973
555.500000 771 27.766887 771.000000 27.766887
556.500000 747 27.331301 747.000000 27.331301
557.500000 715 26.739484 715.000000 26.739484
558.500000 767 27.694765 767.000000 27.694765
559.500000 725 26.925824 725.000000 26.925824
560.500000 717 26.776856 717.000000 26.776856
561.500000 731 27.037012 731.000000 27.037012
562.500000 736 27.129320 736.000000 27.129320
563.500000 742 27.239677 742.000000 27.239677
564.500000 760 27.568098 760.000000 27.568098
565.500000 752 27.422618 752.000000 27.422618
566.500000 708 26.608269 708.000000 26.608269
567.500000 776 27.856777 776.000000 27.856777
568.500000 774 27.820855 774.000000 27.820855
569.500000 754 27.459060 754.000000 27.459060
570.500000 717 26.776856 717.000000 26.776856
571.500000 718 26.795522 718.000000 26.795522
572.500000 773 27.802878 773.000000 27.802878
573.500000 714 26.720778 714.000000 26.720778
574.500000 747 27.331301 747.000000 27.331301
575.500000 761 27.586228 761.000000 27.586228
576.500000 759 27.549955 759.000000 27.549955
577.500000 778 27.892651 778.000000 27.892651
578.500000 722 26.870058 722.000000 26.870058
579.500000 754 27.459060 754.000000 27.459060
580.500000 771 27.766887 771.000000 27.766887
581.500000 736 27.129320 736.000000 27.129320
582.500000 736 27.129320 736.000000 27.129320
583.500000 675 25.980762 675.000000 25.980762
584.500000 737 27.147744 737.000000 27.147744
585.500000 766 27.676705 766.000000 27.676705
586.500000 729 27.000000 729.000000 27.000000
587.500000 761 27.586228 761.000000 27.586228
588.500000 768 27.712813 768.000000 27.712813
589.500000 766 27.676705 766.000000 27.676705
590.500000 756 27.495454 756.000000 27.495454
591.500000 732 27.055499 732.000000 27.055499
592.500000 780 27.928480 780.000000 27.928480
593.500000 731 27.037012 731.000000 27.037012
594.500000 738 27.166155 738.000000 27.166155
595.500000 762 27.604347 762.000000 27.604347
596.500000 760 27.568098 760.000000 27.568098
597.500000 741 27.221315 741.000000 27.221315
598.500000 776 27.856777 776.000000 27.856777
599.500000 734 27.092434 734.000000 27.092434
600.500000 758 27.531800 758.000000 27.531800
601.500000 768 27.712813 768.000000 27.712813
602.500000 741 27.221315 741.000000 27.221315
603.500000 753 27.440845 753.000000 27.440845
604.500000 734 27.092434 734.000000 27.092434
605.500000 710 26.645825 710.000000 26.645825
606.500000 733 27.073973 733.000000 27.073973
607.500000 730 27.018512 730.000000 27.018512
608.500000 780 27.928480 780.000000 27.928480
609.500000 745 27.294688 745.000000 27.294688
610.500000 684 26.153394 684.000000 26.153394
611.500000 744 27.276363 744.000000 27.276363
612.500000 758 27.531800 758.000000 27.531800
613.500000 742 27.239677 742.000000 27.239677
614.500000 723 26.888659 723.000000 26.888659
615.500000 745 27.294688 745.000000 27.294688
616.500000 730 27.018512 730.000000 27.018512
617.500000 787 28.053520 787.000000 28.053520
618.500000 768 27.712813 768.000000 27.712813
619.500000 731 27.037012 731.000000 27.037012
620.500000 744 27.276363 744.000000 27.276363
621.500000 784 28.000000 784.000000 28.000000
622.500000 749 27.367864 749.000000 27.367864
623.500000 693 26.324893 693.000000 26.324893
624.500000 745 27.294688 745.000000 27.294688
625.500000 797 28.231188 797.000000 28.231188
626.500000 788 28.071338 788.000000 28.071338
627.500000 745 27.294688 745.000000 27.294688
628.500000 729 27.000000 729.000000 27.000000
629.500000 715 26.739484 715.000000 26.739484
630.500000 731 27.037012 731.000000 27.037012
631.500000 731 27.037012 731.000000 27.037012
632.500000 701 26.476405 701.000000 26.476405
633.500000 706 26.570661 706.000000 26.570661
634.500000 767 27.694765 767.000000 27.694765
635.500000 726 26.944387 726.000000 26.944387
636.500000 753 27.440845 753.000000 27.440845
637.500000 735 27.110883 735.000000 27.110883
638.500000 747 27.331301 747.000000 27.331301
639.500000 698 26.419690 698.000000 26.419690
640.500000 783 27.982137 783.000000 27.982137
641.500000 741 27.221315 741.000000 27.221315
642.500000 730 27.018512 730.000000 27.018512
643.500000 798 28.248894 798.000000 28.248894
644.500000 762 27.604347 762.000000 27.604347
645.500000 788 28.071338 788.000000 28.071338
646.500000 743 27.258026 743.000000 27.258026
647.500000 776 27.856777 776.000000 27.856777
648.500000 787 28.053520 787.000000 28.053520
649.500000 772 27.784888 772.000000 27.784888
650.500000 687 26.210685 687.000000 26.210685
651.500000 735 27.110883 735.000000 27.110883
652.500000 768 27.712813 768.000000 27.712813
653.500000 703 26.514147 703.000000 26.514147
654.500000 737 27.147744 737.000000 27.147744
655.500000 681 26.095977 681.000000 26.095977
656.500000 725 26.925824 725.000000 26.925824
657.500000 729 27.000000 729.000000 27.000000
658.500000 704 26.532998 704.000000 26.532998
659.500000 724 26.907248 724.000000 26.907248
660.500000 743 27.258026 743.000000 27.258026
661.500000 729 27.000000 729.000000 27.000000
662.500000 698 26.419690 698.000000 26.419690
663.500000 723 26.888659 723.000000 26.888659
664.500000 728 26.981475 728.000000 26.981475
665.500000 685 26.172505 685.000000 26.172505
666.500000 702 26.495283 702.000000 26.495283
667.500000 714 26.720778 714.000000 26.720778
668.500000 690 26.267851 690.000000 26.267851
669.500000 705 26.551836 705.000000 26.551836
670.500000 663 25.748786 663.000000 25.748786
671.500000 677 26.019224 677.000000 26.019224
672.500000 678 26.038433 678.000000 26.038433
673.500000 640 25.298221 640.000000 25.298221
674.500000 676 26.000000 676.000000 26.000000
675.500000 657 25.632011 657.000000 25.632011
676.500000 666 25.806976 666.000000 25.806976
677.500000 609 24.677925 609.000000 24.677925
678.500000 676 26.000000 676.000000 26.000000
679.500000 636 25.219040 636.000000 25.219040
680.500000 665 25.787594 665.000000 25.787594
681.500000 611 24.718414 611.000000 24.718414
682.500000 609 24.677925 609.000000 24.677925
683.500000 694 26.343880 694.000000 26.343880
684.500000 639 25.278449 639.000000 25.278449
685.500000 659 25.670995 659.000000 25.670995
686.500000 653 25.553865 653.000000 25.553865
687.500000 647 25.436195 647.000000 25.436195
688.500000 634 25.179357 634.000000 25.179357
689.500000 581 24.103942 581.000000 24.103942
690.500000 607 24.637370 607.000000 24.637370
691.500000 598 24.454039 598.000000 24.454039
692.500000 616 24.819347 616.000000 24.819347
693.500000 621 24.919872 621.000000 24.919872
694.500000 622 24.939928 622.000000 24.939928
695.500000 594 24.372115 594.000000 24.372115
696.500000 599 24.474477 599.000000 24.474477
697.500000 552 23.494680 552.000000 23.494680
698.500000 604 24.576411 604.000000 24.576411
699.500000 607 24.637370 607.000000 24.637370
700.500000 567 23.811762 567.000000 23.811762
701.500000 586 24.207437 586.000000 24.207437
702.500000 524 22.891046 524.000000 22.891046
703.500000 564 23.748684 564.000000 23.748684
704.500000 583 24.145393 583.000000 24.145393
705.500000 595 24.392622 595.000000 24.392622
706.500000 551 23.473389 551.000000 23.473389
707.500000 559 23.643181 559.000000 23.643181
708.500000 521 22.825424 521.000000 22.825424
709.500000 569 23.853721 569.000000 23.853721
710.500000 499 22.338308 499.000000 22.338308
711.500000 530 23.021729 530.000000 23.021729
712.500000 550 23.452079 550.000000 23.452079
713.500000 515 22.693611 515.000000 22.693611
714.500000 576 24.000000 576.000000 24.000000
715.500000 571 23.895606 571.000000 23.895606
716.500000 552 23.494680 552.000000 23.494680
717.500000 512 22.627417 512.000000 22.627417
718.500000 530 23.021729 530.000000 23.021729
719.500000 543 23.302360 543.000000 23.302360
720.500000 489 22.113344 489.000000 22.113344
721.500000 506 22.494444 506.000000 22.494444
722.500000 481 21.931712 481.000000 21.931712
723.500000 524 22.891046 524.000000 22.891046
724.500000 524 22.891046 524.000000 22.891046
725.500000 510 22.583180 510.000000 22.583180
726.500000 517 22.737634 517.000000 22.737634
727.500000 469 21.656408 469.000000 21.656408
728.500000 521 22.825424 521.000000 22.825424
729.500000 537 23.173260 537.000000 23.173260
730.500000 558 23.622024 558.000000 23.622024
731.500000 496 22.271057 496.000000 22.271057
732.500000 534 23.108440 534.000000 23.108440
733.500000 524 22.891046 524.000000 22.891046
734.500000 503 22.427661 503.000000 22.427661
735.500000 554 23.537205 554.000000 23.537205
736.500000 495 22.248595 495.000000 22.248595
737.500000 534 23.108440 534.000000 23.108440
738.500000 538 23.194827 538.000000 23.194827
739.500000 482 21.954498 482.000000 21.954498
740.500000 548 23.409400 548.000000 23.409400
741.500000 561 23.685439 561.000000 23.685439
742.500000 478 21.863211 478.000000 21.863211
743.500000 567 23.811762 567.000000 23.811762
744.500000 520 22.803509 520.000000 22.803509
745.500000 549 23.430749 549.000000 23.430749
746.500000 544 23.323808 544.000000 23.323808
747.500000 539 23.216374 539.000000 23.216374
748.500000 522 22.847319 522.000000 22.847319
749.500000 510 22.583180 510.000000 22.583180
750.500000 526 22.934690 526.000000 22.934690
751.500000 513 22.649503 513.000000 22.649503
752.500000 509 22.561028 509.000000 22.561028
753.500000 476 21.817424 476.000000 21.817424
754.500000 520 22.803509 520.000000 22.803509
755.500000 520 22.803509 520.000000 22.803509
756.500000 549 23.430749 549.000000 23.430749
757.500000 521 22.825424 521.000000 22.825424
758.500000 471 21.702534 471.000000 21.702534
759.500000 524 22.891046 524.000000 22.891046
760.500000 539 23.216374 539.000000 23.216374
761.500000 504 22.449944 504.000000 22.449944
762.500000 469 21.656408 469.000000 21.656408
763.500000 539 23.216374 539.000000 23.216374
764.500000 499 22.338308 499.000000 22.338308
765.500000 514 22.671568 514.000000 22.671568
766.500000 515 22.693611 515.000000 22.693611
767.500000 477 21.840330 477.000000 21.840330
768.500000 519 22.781571 519.000000 22.781571
769.500000 529 23.000000 529.000000 23.000000
770.500000 512 22.627417 512.000000 22.627417
771.500000 473 21.748563 473.000000 21.748563
772.500000 512 22.627417 512.000000 22.627417
773.500000 465 21.563859 465.000000 21.563859
774.500000 517 22.737634 517.000000 22.737634
775.500000 420 20.493902 420.000000 20.493902
776.500000 451 21.236761 451.000000 21.236761
777.500000 461 21.470911 461.000000 21.470911
778.500000 489 22.113344 489.000000 22.113344
779.500000 449 21.189620 449.000000 21.189620
780.500000 478 21.863211 478.000000 21.863211
781.500000 435 20.856654 435.000000 20.856654
782.500000 486 22.045408 486.000000 22.045408
783.500000 459 21.424285 459.000000 21.424285
784.500000 433 20.808652 433.000000 20.808652
785.500000 467 21.610183 467.000000 21.610183
786.500000 467 21.610183 467.000000 21.610183
787.500000 450 21.213203 450.000000 21.213203
788.500000 429 20.712315 429.000000 20.712315
789.500000 465 21.563859 465.000000 21.563859
790.500000 446 21.118712 446.000000 21.118712
791.500000 417 20.420578 417.000000 20.420578
792.500000 389 19.723083 389.000000 19.723083
793.500000 425 20.615528 425.000000 20.615528
794.500000 407 20.174241 407.000000 20.174241
795.500000 401 20.024984 401.000000 20.024984
796.500000 394 19.849433 394.000000 19.849433
797.500000 395 19.874607 395.000000 19.874607
798.500000 394 19.849433 394.000000 19.849433
799.500000 417 20.420578 417.000000 20.420578
800.500000 411 20.273135 411.000000 20.273135
801.500000 411 20.273135 411.000000 20.273135
802.500000 442 21.023796 442.000000 21.023796
803.500000 391 19.773720 391.000000 19.773720
804.500000 391 19.773720 391.000000 19.773720
805.500000 370 19.235384 370.000000 19.235384
806.500000 398 19.949937 398.000000 19.949937
807.500000 346 18.601075 346.000000 18.601075
808.500000 390 19.748418 390.000000 19.748418
809.500000 373 19.313208 373.000000 19.313208
810.500000 421 20.518285 421.000000 20.518285
811.500000 384 19.595918 384.000000 19.595918
812.500000 412 20.297783 412.000000 20.297783
813.500000 381 19.519221 381.000000 19.519221
814.500000 358 18.920888 358.000000 18.920888
815.500000 352 18.761663 352.000000 18.761663
816.500000 337 18.357560 337.000000 18.357560
817.500000 368 19.183326 368.000000 19.183326
818.500000 355 18.841444 355.000000 18.841444
819.500000 386 19.646883 386.000000 19.646883
820.500000 322 17.944358 322.000000 17.944358
821.500000 342 18.493242 342.000000 18.493242
822.500000 357 18.894444 357.000000 18.894444
823.500000 334 18.275667 334.000000 18.275667
824.500000 344 18.547237 344.000000 18.547237
825.500000 345 18.574176 345.000000 18.574176
826.500000 296 17.204651 296.000000 17.204651
827.500000 326 18.055470 326.000000 18.055470
828.500000 312 17.663522 312.000000 17.663522
829.500000 329 18.138357 329.000000 18.138357
830.500000 345 18.574176 345.000000 18.574176
831.500000 301 17.349352 301.000000 17.349352
832.500000 313 17.691806 313.000000 17.691806
833.500000 344 18.547237 344.000000 18.547237
834.500000 301 17.349352 301.000000 17.349352
835.500000 343 18.520259 343.000000 18.520259
836.500000 311 17.635192 311.000000 17.635192
837.500000 342 18.493242 342.000000 18.493242
838.500000 299 17.291616 299.000000 17.291616
839.500000 325 18.027756 325.000000 18.027756
840.500000 339 18.411953 339.000000 18.411953
841.500000 282 16.792856 282.000000 16.792856
842.500000 284 16.852300 284.000000 16.852300
843.500000 331 18.193405 331.000000 18.193405
844.500000 270 16.431677 270.000000 16.431677
845.500000 297 17.233688 297.000000 17.233688
846.500000 311 17.635192 311.000000 17.635192
847.500000 314 17.720045 314.000000 17.720045
848.500000 281 16.763055 281.000000 16.763055
849.500000 274 16.552945 274.000000 16.552945
850.500000 296 17.204651 296.000000 17.204651
851.500000 306 17.492856 306.000000 17.492856
852.500000 290 17.029386 290.000000 17.029386
853.500000 275 16.583124 275.000000 16.583124
854.500000 292 17.088007 292.000000 17.088007
855.500000 271 16.462078 271.000000 16.462078
856.500000 286 16.911535 286.000000 16.911535
857.500000 291 17.058722 291.000000 17.058722
858.500000 273 16.522712 273.000000 16.522712
859.500000 274 16.552945 274.000000 16.552945
860.500000 310 17.606817 310.000000 17.606817
861.500000 267 16.340135 267.000000 16.340135
862.500000 311 17.635192 311.000000 17.635192
863.500000 280 16.733201 280.000000 16.733201
864.500000 266 16.309506 266.000000 16.309506
865.500000 267 16.340135 267.000000 16.340135
866.500000 285 16.881943 285.000000 16.881943
867.500000 249 15.779734 249.000000 15.779734
868.500000 250 15.811388 250.000000 15.811388
869.500000 261 16.155494 261.000000 16.155494
870.500000 289 17.000000 289.000000 17.000000
871.500000 284 16.852300 284.000000 16.852300
872.500000 240 15.491933 240.000000 15.491933
873.500000 271 16.462078 271.000000 16.462078
874.500000 279 16.703293 279.000000 16.703293
875.500000 287 16.941074 287.000000 16.941074
876.500000 275 16.583124 275.000000 16.583124
877.500000 243 15.588457 243.000000 15.588457
878.500000 279 16.703293 279.000000 16.703293
879.500000 282 16.792856 282.000000 16.792856
880.500000 229 15.132746 229.000000 15.132746
881.500000 263 16.217275 263.000000 16.217275
882.500000 246 15.684387 246.000000 15.684387
883.500000 242 15.556349 242.000000 15.556349
884.500000 265 16.278821 265.000000 16.278821
885.500000 229 15.132746 229.000000 15.132746
886.500000 238 15.427249 238.000000 15.427249
887.500000 228 15.099669 228.000000 15.099669
888.500000 239 15.459625 239.000000 15.459625
889.500000 219 14.798649 219.000000 14.798649
890.500000 233 15.264338 233.000000 15.264338
891.500000 210 14.491377 210.000000 14.491377
892.500000 228 15.099669 228.000000 15.099669
893.500000 222 14.899664 222.000000 14.899664
894.500000 230 15.165751 230.000000 15.165751
895.500000 224 14.966630 224.000000 14.966630
896.500000 215 14.662878 215.000000 14.662878
897.500000 223 14.933185 223.000000 14.933185
898.500000 245 15.652476 245.000000 15.652476
899.500000 240 15.491933 240.000000 15.491933
900.500000 192 13.856406 192.000000 13.856406
901.500000 225 15.000000 225.000000 15.000000
902.500000 215 14.662878 215.000000 14.662878
903.500000 241 15.524175 241.000000 15.524175
904.500000 230 15.165751 230.000000 15.165751
905.500000 215 14.662878 215.000000 14.662878
906.500000 224 14.966630 224.000000 14.966630
907.500000 215 14.662878 215.000000 14.662878
908.500000 221 14.866069 221.000000 14.866069
909.500000 229 15.132746 229.000000 15.132746
910.500000 208 14.422205 208.000000 14.422205
911.500000 211 14.525839 211.000000 14.525839
912.500000 217 14.730920 217.000000 14.730920
913.500000 182 13.490738 182.000000 13.490738
914.500000 189 13.747727 189.000000 13.747727
915.500000 226 15.033296 226.000000 15.033296
916.500000 177 13.304135 177.000000 13.304135
917.500000 198 14.071247 198.000000 14.071247
918.500000 195 13.964240 195.000000 13.964240
919.500000 219 14.798649 219.000000 14.798649
920.500000 200 14.142136 200.000000 14.142136
921.500000 182 13.490738 182.000000 13.490738
922.500000 200 14.142136 200.000000 14.142136
923.500000 183 13.527749 183.000000 13.527749
924.500000 204 14.282857 204.000000 14.282857
925.500000 187 13.674794 187.000000 13.674794
926.500000 166 12.884099 166.000000 12.884099
927.500000 180 13.416408 180.000000 13.416408
928.500000 200 14.142136 200.000000 14.142136
929.500000 167 12.922848 167.000000 12.922848
930.500000 191 13.820275 191.000000 13.820275
931.500000 165 12.845233 165.000000 12.845233
932.500000 217 14.730920 217.000000 14.730920
933.500000 179 13.379088 179.000000 13.379088
934.500000 195 13.964240 195.000000 13.964240
935.500000 163 12.767145 163.000000 12.767145
936.500000 179 13.379088 179.000000 13.379088
937.500000 173 13.152946 173.000000 13.152946
938.500000 160 12.649111 160.000000 12.649111
939.500000 157 12.529964 157.000000 12.529964
940.500000 173 13.152946 173.000000 13.152946
941.500000 168 12.961481 168.000000 12.961481
942.500000 149 12.206556 149.000000 12.206556
943.500000 152 12.328828 152.000000 12.328828
944.500000 136 11.661904 136.000000 11.661904
945.500000 161 12.688578 161.000000 12.688578
946.500000 153 12.369317 153.000000 12.369317
947.500000 155 12.449900 155.000000 12.449900
948.500000 178 13.341664 178.000000 13.341664
949.500000 162 12.727922 162.000000 12.727922
950.500000 154 12.409674 154.000000 12.409674
951.500000 128 11.313708 128.000000 11.313708
952.500000 165 12.845233 165.000000 12.845233
953.500000 125 11.180340 125.000000 11.180340
954.500000 161 12.688578 161.000000 12.688578
955.500000 150 12.247449 150.000000 12.247449
956.500000 162 12.727922 162.000000 12.727922
957.500000 168 12.961481 168.000000 12.961481
958.500000 167 12.922848 167.000000 12.922848
959.500000 151 12.288206 151.000000 12.288206
960.500000 146 12.083046 146.000000 12.083046
961.500000 144 12.000000 144.000000 12.000000
962.500000 141 11.874342 141.000000 11.874342
963.500000 152 12.328828 152.000000 12.328828
964.500000 121 11.000000 121.000000 11.000000
965.500000 128 11.313708 128.000000 11.313708
966.500000 147 12.124356 147.000000 12.124356
967.500000 125 11.180340 125.000000 11.180340
968.500000 134 11.575837 134.000000 11.575837
969.500000 126 11.224972 126.000000 11.224972
970.500000 156 12.489996 156.000000 12.489996
971.500000 142 11.916375 142.000000 11.916375
972.500000 145 12.041595 145.000000 12.041595
973.500000 149 12.206556 149.000000 12.206556
974.500000 132 11.489125 132.000000 11.489125
975.500000 141 11.874342 141.000000 11.874342
976.500000 119 10.908712 119.000000 10.908712
977.500000 141 11.874342 141.000000 11.874342
978.500000 138 11.747340 138.000000 11.747340
979.500000 146 12.083046 146.000000 12.083046
980.500000 137 11.704700 137.000000 11.704700
981.500000 115 10.723805 115.000000 10.723805
982.500000 148 12.165525 148.000000 12.165525
983.500000 146 12.083046 146.000000 12.083046
984.500000 131 11.445523 131.000000 11.445523
985.500000 157 12.529964 157.000000 12.529964
986.500000 117 10.816654 117.000000 10.816654
987.500000 130 11.401754 130.000000 11.401754
988.500000 129 11.357817 129.000000 11.357817
989.500000 113 10.630146 113.000000 10.630146
990.500000 116 10.770330 116.000000 10.770330
991.500000 131 11.445523 131.000000 11.445523
992.500000 136 11.661904 136.000000 11.661904
993.500000 137 11.704700 137.000000 11.704700
994.500000 127 11.269428 127.000000 11.269428
995.500000 116 10.770330 116.000000 10.770330
996.500000 103 10.148892 103.000000 10.148892
997.500000 124 11.135529 124.000000 11.135529
998.500000 111 10.535654 111.000000 10.535654
999.500000 124 11.135529 124.000000 11.135529
1000.500000 131 11.445523 131.000000 11.445523
1001.500000 131 11.445523 131.000000 11.445523
1002.500000 111 10.535654 111.000000 10.535654
1003.500000 127 11.269428 127.000000 11.269428
1004.500000 107 10.344080 107.000000 10.344080
1005.500000 126 11.224972 126.000000 11.224972
1006.500000 123 11.090537 123.000000 11.090537
1007.500000 138 11.747340 138.000000 11.747340
1008.500000 107 10.344080 107.000000 10.344080
1009.500000 122 11.045361 122.000000 11.045361
1010.500000 129 11.357817 129.000000 11.357817
1011.500000 92 9.591663 92.000000 9.591663
1012.500000 117 10.816654 117.000000 10.816654
1013.500000 132 11.489125 132.000000 11.489125
1014.500000 110 10.488088 110.000000 10.488088
1015.500000 110 10.488088 110.000000 10.488088
1016.500000 107 10.344080 107.000000 10.344080
1017.500000 120 10.954451 120.000000 10.954451
1018.500000 113 10.630146 113.000000 10.630146
1019.500000 114 10.677078 114.000000 10.677078
1020.500000 109 10.440307 109.000000 10.440307
1021.500000 118 10.862780 118.000000 10.862780
1022.500000 114 10.677078 114.000000 10.677078
1023.500000 128 11.313708 128.000000 11.313708
