# name, dx, fmax, fmax_err, norm_value, norm_vale_err
# 200D_22Na 1 77899 279.1039232973983 1 0
# bin_center, freq, freq_err, norm_freq, norm_freq_err
0.500000 80 8.944272 80.000000 8.944272
1.500000 90 9.486833 90.000000 9.486833
2.500000 125 11.180340 125.000000 11.180340
3.500000 412 20.297783 412.000000 20.297783
4.500000 1295 35.986108 1295.000000 35.986108
5.500000 1968 44.362146 1968.000000 44.362146
6.500000 2609 51.078371 2609.000000 51.078371
7.500000 3809 61.717096 3809.000000 61.717096
8.500000 15904 126.111062 15904.000000 126.111062
9.500000 31381 177.146832 31381.000000 177.146832
10.500000 42029 205.009756 42029.000000 205.009756
11.500000 56521 237.741456 56521.000000 237.741456
12.500000 54010 232.400516 54010.000000 232.400516
13.500000 52645 229.444983 52645.000000 229.444983
14.500000 52868 229.930424 52868.000000 229.930424
15.500000 52908 230.017391 52908.000000 230.017391
16.500000 53120 230.477765 53120.000000 230.477765
17.500000 53308 230.885253 53308.000000 230.885253
18.500000 53123 230.484273 53123.000000 230.484273
19.500000 53215 230.683766 53215.000000 230.683766
20.500000 53405 231.095218 53405.000000 231.095218
21.500000 53205 230.662091 53205.000000 230.662091
22.500000 53693 231.717500 53693.000000 231.717500
23.500000 53037 230.297634 53037.000000 230.297634
24.500000 53600 231.516738 53600.000000 231.516738
25.500000 53169 230.584041 53169.000000 230.584041
26.500000 54029 232.441390 54029.000000 232.441390
27.500000 53775 231.894373 53775.000000 231.894373
28.500000 53396 231.075745 53396.000000 231.075745
29.500000 54165 232.733753 54165.000000 232.733753
30.500000 53890 232.142198 53890.000000 232.142198
31.500000 54425 233.291663 54425.000000 233.291663
32.500000 54803 234.100406 54803.000000 234.100406
33.500000 54547 233.552992 54547.000000 233.552992
34.500000 55080 234.691287 55080.000000 234.691287
35.500000 55485 235.552542 55485.000000 235.552542
36.500000 56029 236.704457 56029.000000 236.704457
37.500000 55943 236.522726 55943.000000 236.522726
38.500000 56716 238.151212 56716.000000 238.151212
39.500000 56662 238.037812 56662.000000 238.037812
40.500000 57512 239.816597 57512.000000 239.816597
41.500000 57755 240.322700 57755.000000 240.322700
42.500000 58132 241.105786 58132.000000 241.105786
43.500000 58606 242.086761 58606.000000 242.086761
44.500000 58691 242.262255 58691.000000 242.262255
45.500000 58908 242.709703 58908.000000 242.709703
46.500000 59585 244.100389 59585.000000 244.100389
47.500000 59444 243.811403 59444.000000 243.811403
48.500000 60588 246.146298 60588.000000 246.146298
49.500000 60497 245.961379 60497.000000 245.961379
50.500000 61182 247.349955 61182.000000 247.349955
51.500000 61932 248.861407 61932.000000 248.861407
52.500000 62925 250.848560 62925.000000 250.848560
53.500000 63462 251.916653 63462.000000 251.916653
54.500000 63738 252.463859 63738.000000 252.463859
55.500000 64540 254.047240 64540.000000 254.047240
56.500000 65256 255.452540 65256.000000 255.452540
57.500000 66522 257.918592 66522.000000 257.918592
58.500000 66894 258.638744 66894.000000 258.638744
59.500000 67468 259.746030 67468.000000 259.746030
60.500000 67781 260.347844 67781.000000 260.347844
61.500000 69334 263.313501 69334.000000 263.313501
62.500000 69582 263.784003 69582.000000 263.784003
63.500000 70287 265.116955 70287.000000 265.116955
64.500000 71118 266.679583 71118.000000 266.679583
65.500000 71908 268.156671 71908.000000 268.156671
66.500000 71853 268.054099 71853.000000 268.054099
67.500000 72559 269.367778 72559.000000 269.367778
68.500000 73276 270.695401 73276.000000 270.695401
69.500000 73975 271.983455 73975.000000 271.983455
70.500000 73985 272.001838 73985.000000 272.001838
71.500000 73810 271.679959 73810.000000 271.679959
72.500000 74407 272.776465 74407.000000 272.776465
73.500000 74519 272.981684 74519.000000 272.981684
74.500000 74559 273.054940 74559.000000 273.054940
75.500000 74657 273.234332 74657.000000 273.234332
76.500000 74330 272.635288 74330.000000 272.635288
77.500000 74365 272.699468 74365.000000 272.699468
78.500000 74503 272.952377 74503.000000 272.952377
79.500000 73906 271.856580 73906.000000 271.856580
80.500000 73463 271.040587 73463.000000 271.040587
81.500000 73996 272.022058 73996.000000 272.022058
82.500000 73551 271.202876 73551.000000 271.202876
83.500000 73207 270.567921 73207.000000 270.567921
84.500000 72317 268.918203 72317.000000 268.918203
85.500000 71713 267.792830 71713.000000 267.792830
86.500000 71987 268.303932 71987.000000 268.303932
87.500000 71090 266.627080 71090.000000 266.627080
88.500000 70359 265.252710 70359.000000 265.252710
89.500000 69560 263.742298 69560.000000 263.742298
90.500000 69486 263.601973 69486.000000 263.601973
91.500000 68873 262.436659 68873.000000 262.436659
92.500000 68068 260.898448 68068.000000 260.898448
93.500000 67443 259.697901 67443.000000 259.697901
94.500000 66752 258.364084 66752.000000 258.364084
95.500000 66504 257.883695 66504.000000 257.883695
96.500000 65888 256.686579 65888.000000 256.686579
97.500000 65369 255.673620 65369.000000 255.673620
98.500000 64471 253.911402 64471.000000 253.911402
99.500000 64253 253.481755 64253.000000 253.481755
100.500000 63385 251.763778 63385.000000 251.763778
101.500000 63260 251.515407 63260.000000 251.515407
102.500000 62186 249.371209 62186.000000 249.371209
103.500000 62474 249.947995 62474.000000 249.947995
104.500000 61472 247.935475 61472.000000 247.935475
105.500000 61470 247.931442 61470.000000 247.931442
106.500000 61150 247.285260 61150.000000 247.285260
107.500000 59935 244.816258 59935.000000 244.816258
108.500000 60120 245.193801 60120.000000 245.193801
109.500000 59147 243.201562 59147.000000 243.201562
110.500000 58784 242.454119 58784.000000 242.454119
111.500000 58555 241.981404 58555.000000 241.981404
112.500000 58011 240.854728 58011.000000 240.854728
113.500000 57742 240.295651 57742.000000 240.295651
114.500000 56851 238.434477 56851.000000 238.434477
115.500000 57101 238.958155 57101.000000 238.958155
116.500000 56869 238.472221 56869.000000 238.472221
117.500000 56167 236.995781 56167.000000 236.995781
118.500000 56140 236.938811 56140.000000 236.938811
119.500000 56005 236.653756 56005.000000 236.653756
120.500000 55554 235.698961 55554.000000 235.698961
121.500000 55156 234.853146 55156.000000 234.853146
122.500000 55118 234.772230 55118.000000 234.772230
123.500000 54396 233.229501 54396.000000 233.229501
124.500000 54314 233.053642 54314.000000 233.053642
125.500000 53743 231.825365 53743.000000 231.825365
126.500000 53718 231.771439 53718.000000 231.771439
127.500000 53397 231.077909 53397.000000 231.077909
128.500000 52740 229.651911 52740.000000 229.651911
129.500000 52464 229.050213 52464.000000 229.050213
130.500000 51742 227.468679 51742.000000 227.468679
131.500000 51543 227.030835 51543.000000 227.030835
132.500000 51015 225.865004 51015.000000 225.865004
133.500000 50853 225.506097 50853.000000 225.506097
134.500000 50458 224.628582 50458.000000 224.628582
135.500000 50003 223.613506 50003.000000 223.613506
136.500000 49331 222.105831 49331.000000 222.105831
137.500000 48644 220.553848 48644.000000 220.553848
138.500000 48418 220.040905 48418.000000 220.040905
139.500000 48218 219.585974 48218.000000 219.585974
140.500000 47407 217.731486 47407.000000 217.731486
141.500000 47102 217.029952 47102.000000 217.029952
142.500000 46418 215.448370 46418.000000 215.448370
143.500000 45644 213.644565 45644.000000 213.644565
144.500000 44796 211.650656 44796.000000 211.650656
145.500000 44838 211.749852 44838.000000 211.749852
146.500000 43681 209.000000 43681.000000 209.000000
147.500000 43221 207.896609 43221.000000 207.896609
148.500000 42578 206.344372 42578.000000 206.344372
149.500000 41668 204.127411 41668.000000 204.127411
150.500000 41255 203.113269 41255.000000 203.113269
151.500000 40413 201.029849 40413.000000 201.029849
152.500000 39822 199.554504 39822.000000 199.554504
153.500000 39324 198.302799 39324.000000 198.302799
154.500000 38035 195.025639 38035.000000 195.025639
155.500000 37473 193.579441 37473.000000 193.579441
156.500000 37015 192.392827 37015.000000 192.392827
157.500000 36090 189.973682 36090.000000 189.973682
158.500000 35773 189.137516 35773.000000 189.137516
159.500000 35194 187.600640 35194.000000 187.600640
160.500000 34477 185.679832 34477.000000 185.679832
161.500000 33709 183.600109 33709.000000 183.600109
162.500000 33292 182.460955 33292.000000 182.460955
163.500000 33004 181.670031 33004.000000 181.670031
164.500000 32344 179.844377 32344.000000 179.844377
165.500000 32238 179.549436 32238.000000 179.549436
166.500000 31508 177.504930 31508.000000 177.504930
167.500000 31108 176.374601 31108.000000 176.374601
168.500000 30577 174.862803 30577.000000 174.862803
169.500000 30371 174.272775 30371.000000 174.272775
170.500000 30250 173.925271 30250.000000 173.925271
171.500000 29982 173.153111 29982.000000 173.153111
172.500000 29769 172.536953 29769.000000 172.536953
173.500000 29531 171.845861 29531.000000 171.845861
174.500000 29255 171.040931 29255.000000 171.040931
175.500000 29615 172.090093 29615.000000 172.090093
176.500000 29585 172.002907 29585.000000 172.002907
177.500000 29199 170.877149 29199.000000 170.877149
178.500000 29531 171.845861 29531.000000 171.845861
179.500000 29736 172.441294 29736.000000 172.441294
180.500000 30023 173.271463 30023.000000 173.271463
181.500000 29806 172.644143 29806.000000 172.644143
182.500000 30608 174.951422 30608.000000 174.951422
183.500000 30695 175.199886 30695.000000 175.199886
184.500000 31137 176.456794 31137.000000 176.456794
185.500000 31826 178.398430 31826.000000 178.398430
186.500000 32327 179.797108 32327.000000 179.797108
187.500000 32932 181.471761 32932.000000 181.471761
188.500000 33888 184.086936 33888.000000 184.086936
189.500000 34598 186.005376 34598.000000 186.005376
190.500000 35253 187.757823 35253.000000 187.757823
191.500000 35761 189.105790 35761.000000 189.105790
192.500000 37201 192.875608 37201.000000 192.875608
193.500000 38174 195.381678 38174.000000 195.381678
194.500000 38893 197.213083 38893.000000 197.213083
195.500000 40727 201.809316 40727.000000 201.809316
196.500000 41570 203.887224 41570.000000 203.887224
197.500000 42928 207.190733 42928.000000 207.190733
198.500000 44374 210.651371 44374.000000 210.651371
199.500000 45902 214.247520 45902.000000 214.247520
200.500000 46843 216.432437 46843.000000 216.432437
201.500000 48944 221.232909 48944.000000 221.232909
202.500000 50379 224.452668 50379.000000 224.452668
203.500000 51795 227.585149 51795.000000 227.585149
204.500000 53588 231.490821 53588.000000 231.490821
205.500000 55163 234.868048 55163.000000 234.868048
206.500000 57032 238.813735 57032.000000 238.813735
207.500000 58295 241.443575 58295.000000 241.443575
208.500000 59998 244.944892 59998.000000 244.944892
209.500000 61865 248.726758 61865.000000 248.726758
210.500000 63182 251.360299 63182.000000 251.360299
211.500000 65322 255.581689 65322.000000 255.581689
212.500000 66406 257.693617 66406.000000 257.693617
213.500000 68068 260.898448 68068.000000 260.898448
214.500000 69620 263.856021 69620.000000 263.856021
215.500000 71012 266.480769 71012.000000 266.480769
216.500000 71535 267.460277 71535.000000 267.460277
217.500000 72931 270.057401 72931.000000 270.057401
218.500000 74379 272.725136 74379.000000 272.725136
219.500000 75548 274.859964 75548.000000 274.859964
220.500000 75994 275.670093 75994.000000 275.670093
221.500000 76725 276.992780 76725.000000 276.992780
222.500000 76840 277.200289 76840.000000 277.200289
223.500000 77054 277.586023 77054.000000 277.586023
224.500000 77132 277.726484 77132.000000 277.726484
225.500000 77648 278.653907 77648.000000 278.653907
226.500000 77292 278.014388 77292.000000 278.014388
227.500000 77899 279.103923 77899.000000 279.103923
228.500000 77218 277.881270 77218.000000 277.881270
229.500000 76454 276.503165 76454.000000 276.503165
230.500000 76088 275.840534 76088.000000 275.840534
231.500000 75595 274.945449 75595.000000 274.945449
232.500000 74217 272.427972 74217.000000 272.427972
233.500000 73564 271.226842 73564.000000 271.226842
234.500000 72406 269.083630 72406.000000 269.083630
235.500000 71469 267.336866 71469.000000 267.336866
236.500000 70453 265.429840 70453.000000 265.429840
237.500000 69185 263.030416 69185.000000 263.030416
238.500000 67491 259.790300 67491.000000 259.790300
239.500000 66546 257.965114 66546.000000 257.965114
240.500000 65425 255.783111 65425.000000 255.783111
241.500000 64343 253.659220 64343.000000 253.659220
242.500000 62260 249.519538 62260.000000 249.519538
243.500000 60579 246.128015 60579.000000 246.128015
244.500000 59405 243.731410 59405.000000 243.731410
245.500000 58010 240.852652 58010.000000 240.852652
246.500000 56643 237.997899 56643.000000 237.997899
247.500000 55161 234.863790 55161.000000 234.863790
248.500000 53850 232.056028 53850.000000 232.056028
249.500000 52271 228.628520 52271.000000 228.628520
250.500000 50987 225.803011 50987.000000 225.803011
251.500000 49647 222.816068 49647.000000 222.816068
252.500000 48757 220.809873 48757.000000 220.809873
253.500000 47229 217.322341 47229.000000 217.322341
254.500000 45604 213.550931 45604.000000 213.550931
255.500000 44702 211.428475 44702.000000 211.428475
256.500000 43466 208.485011 43466.000000 208.485011
257.500000 42315 205.706101 42315.000000 205.706101
258.500000 41522 203.769478 41522.000000 203.769478
259.500000 40102 200.254838 40102.000000 200.254838
260.500000 39350 198.368344 39350.000000 198.368344
261.500000 37960 194.833262 37960.000000 194.833262
262.500000 36935 192.184807 36935.000000 192.184807
263.500000 36492 191.028794 36492.000000 191.028794
264.500000 35212 187.648608 35212.000000 187.648608
265.500000 34501 185.744448 34501.000000 185.744448
266.500000 34041 184.502033 34041.000000 184.502033
267.500000 32586 180.515927 32586.000000 180.515927
268.500000 32057 179.044687 32057.000000 179.044687
269.500000 31247 176.768210 31247.000000 176.768210
270.500000 30786 175.459397 30786.000000 175.459397
271.500000 29725 172.409396 29725.000000 172.409396
272.500000 28708 169.434353 28708.000000 169.434353
273.500000 28595 169.100562 28595.000000 169.100562
274.500000 27575 166.057219 27575.000000 166.057219
275.500000 26940 164.134092 26940.000000 164.134092
276.500000 26426 162.560758 26426.000000 162.560758
277.500000 26018 161.300961 26018.000000 161.300961
278.500000 25471 159.596366 25471.000000 159.596366
279.500000 24612 156.882121 24612.000000 156.882121
280.500000 23757 154.133059 23757.000000 154.133059
281.500000 23410 153.003268 23410.000000 153.003268
282.500000 22957 151.515676 22957.000000 151.515676
283.500000 22334 149.445642 22334.000000 149.445642
284.500000 21965 148.205938 21965.000000 148.205938
285.500000 21712 147.349924 21712.000000 147.349924
286.500000 20680 143.805424 20680.000000 143.805424
287.500000 20396 142.814565 20396.000000 142.814565
288.500000 20249 142.298981 20249.000000 142.298981
289.500000 19610 140.035710 19610.000000 140.035710
290.500000 19298 138.917242 19298.000000 138.917242
291.500000 19006 137.862250 19006.000000 137.862250
292.500000 18509 136.047786 18509.000000 136.047786
293.500000 18074 134.439578 18074.000000 134.439578
294.500000 17729 133.150291 17729.000000 133.150291
295.500000 17574 132.566964 17574.000000 132.566964
296.500000 17096 130.751673 17096.000000 130.751673
297.500000 16934 130.130704 16934.000000 130.130704
298.500000 16708 129.259429 16708.000000 129.259429
299.500000 16324 127.765410 16324.000000 127.765410
300.500000 16020 126.570139 16020.000000 126.570139
301.500000 15773 125.590605 15773.000000 125.590605
302.500000 15587 124.847907 15587.000000 124.847907
303.500000 15509 124.535136 15509.000000 124.535136
304.500000 15166 123.150315 15166.000000 123.150315
305.500000 15009 122.511224 15009.000000 122.511224
306.500000 14661 121.082616 14661.000000 121.082616
307.500000 14435 120.145745 14435.000000 120.145745
308.500000 14369 119.870764 14369.000000 119.870764
309.500000 14309 119.620232 14309.000000 119.620232
310.500000 14125 118.848643 14125.000000 118.848643
311.500000 13986 118.262420 13986.000000 118.262420
312.500000 13942 118.076247 13942.000000 118.076247
313.500000 13871 117.775210 13871.000000 117.775210
314.500000 13799 117.469145 13799.000000 117.469145
315.500000 13580 116.533257 13580.000000 116.533257
316.500000 13492 116.155069 13492.000000 116.155069
317.500000 13422 115.853356 13422.000000 115.853356
318.500000 13307 115.355971 13307.000000 115.355971
319.500000 13104 114.472704 13104.000000 114.472704
320.500000 13102 114.463968 13102.000000 114.463968
321.500000 13304 115.342967 13304.000000 115.342967
322.500000 12876 113.472464 12876.000000 113.472464
323.500000 12972 113.894688 12972.000000 113.894688
324.500000 12925 113.688170 12925.000000 113.688170
325.500000 12716 112.765243 12716.000000 112.765243
326.500000 12693 112.663215 12693.000000 112.663215
327.500000 12713 112.751940 12713.000000 112.751940
328.500000 12714 112.756375 12714.000000 112.756375
329.500000 12461 111.628849 12461.000000 111.628849
330.500000 12554 112.044634 12554.000000 112.044634
331.500000 12576 112.142766 12576.000000 112.142766
332.500000 12483 111.727347 12483.000000 111.727347
333.500000 12275 110.792599 12275.000000 110.792599
334.500000 12578 112.151683 12578.000000 112.151683
335.500000 12448 111.570605 12448.000000 111.570605
336.500000 12269 110.765518 12269.000000 110.765518
337.500000 12152 110.236110 12152.000000 110.236110
338.500000 12275 110.792599 12275.000000 110.792599
339.500000 12234 110.607414 12234.000000 110.607414
340.500000 12316 110.977475 12316.000000 110.977475
341.500000 12199 110.449083 12199.000000 110.449083
342.500000 11878 108.986238 11878.000000 108.986238
343.500000 12011 109.594708 12011.000000 109.594708
344.500000 11895 109.064201 11895.000000 109.064201
345.500000 12009 109.585583 12009.000000 109.585583
346.500000 11933 109.238272 11933.000000 109.238272
347.500000 11951 109.320629 11951.000000 109.320629
348.500000 11909 109.128365 11909.000000 109.128365
349.500000 11927 109.210805 11927.000000 109.210805
350.500000 11765 108.466585 11765.000000 108.466585
351.500000 11858 108.894444 11858.000000 108.894444
352.500000 11673 108.041659 11673.000000 108.041659
353.500000 11858 108.894444 11858.000000 108.894444
354.500000 11697 108.152670 11697.000000 108.152670
355.500000 11608 107.740429 11608.000000 107.740429
356.500000 11601 107.707938 11601.000000 107.707938
357.500000 11825 108.742816 11825.000000 108.742816
358.500000 11487 107.177423 11487.000000 107.177423
359.500000 11632 107.851750 11632.000000 107.851750
360.500000 11673 108.041659 11673.000000 108.041659
361.500000 11558 107.508139 11558.000000 107.508139
362.500000 11467 107.084079 11467.000000 107.084079
363.500000 11360 106.583301 11360.000000 106.583301
364.500000 11362 106.592683 11362.000000 106.592683
365.500000 11556 107.498837 11556.000000 107.498837
366.500000 11596 107.684725 11596.000000 107.684725
367.500000 11494 107.210074 11494.000000 107.210074
368.500000 11377 106.663021 11377.000000 106.663021
369.500000 11381 106.681770 11381.000000 106.681770
370.500000 11542 107.433700 11542.000000 107.433700
371.500000 11523 107.345237 11523.000000 107.345237
372.500000 11244 106.037729 11244.000000 106.037729
373.500000 11315 106.371989 11315.000000 106.371989
374.500000 11480 107.144762 11480.000000 107.144762
375.500000 11319 106.390789 11319.000000 106.390789
376.500000 11381 106.681770 11381.000000 106.681770
377.500000 11356 106.564534 11356.000000 106.564534
378.500000 11364 106.602064 11364.000000 106.602064
379.500000 11256 106.094298 11256.000000 106.094298
380.500000 11128 105.489336 11128.000000 105.489336
381.500000 11284 106.226174 11284.000000 106.226174
382.500000 11320 106.395489 11320.000000 106.395489
383.500000 11278 106.197928 11278.000000 106.197928
384.500000 11069 105.209315 11069.000000 105.209315
385.500000 11037 105.057127 11037.000000 105.057127
386.500000 11317 106.381389 11317.000000 106.381389
387.500000 11282 106.216760 11282.000000 106.216760
388.500000 11184 105.754433 11184.000000 105.754433
389.500000 11075 105.237826 11075.000000 105.237826
390.500000 11228 105.962257 11228.000000 105.962257
391.500000 11071 105.218820 11071.000000 105.218820
392.500000 10973 104.752088 10973.000000 104.752088
393.500000 11173 105.702412 11173.000000 105.702412
394.500000 11127 105.484596 11127.000000 105.484596
395.500000 10888 104.345580 10888.000000 104.345580
396.500000 11111 105.408728 11111.000000 105.408728
397.500000 10942 104.604015 10942.000000 104.604015
398.500000 11085 105.285327 11085.000000 105.285327
399.500000 11014 104.947606 11014.000000 104.947606
400.500000 11237 106.004717 11237.000000 106.004717
401.500000 10837 104.100913 10837.000000 104.100913
402.500000 10753 103.696673 10753.000000 103.696673
403.500000 10902 104.412643 10902.000000 104.412643
404.500000 10805 103.947102 10805.000000 103.947102
405.500000 10955 104.666136 10955.000000 104.666136
406.500000 10923 104.513157 10923.000000 104.513157
407.500000 10990 104.833201 10990.000000 104.833201
408.500000 10737 103.619496 10737.000000 103.619496
409.500000 10831 104.072090 10831.000000 104.072090
410.500000 10858 104.201727 10858.000000 104.201727
411.500000 10746 103.662915 10746.000000 103.662915
412.500000 11073 105.228323 11073.000000 105.228323
413.500000 11155 105.617233 11155.000000 105.617233
414.500000 10844 104.134528 10844.000000 104.134528
415.500000 10934 104.565769 10934.000000 104.565769
416.500000 10828 104.057676 10828.000000 104.057676
417.500000 10788 103.865297 10788.000000 103.865297
418.500000 11075 105.237826 11075.000000 105.237826
419.500000 10913 104.465305 10913.000000 104.465305
420.500000 10694 103.411798 10694.000000 103.411798
421.500000 10686 103.373111 10686.000000 103.373111
422.500000 10884 104.326411 10884.000000 104.326411
423.500000 10548 102.703457 10548.000000 102.703457
424.500000 10770 103.778611 10770.000000 103.778611
425.500000 10729 103.580886 10729.000000 103.580886
426.500000 10812 103.980767 10812.000000 103.980767
427.500000 10567 102.795914 10567.000000 102.795914
428.500000 10719 103.532604 10719.000000 103.532604
429.500000 10648 103.189147 10648.000000 103.189147
430.500000 10615 103.029122 10615.000000 103.029122
431.500000 10587 102.893148 10587.000000 102.893148
432.500000 10625 103.077641 10625.000000 103.077641
433.500000 10487 102.406055 10487.000000 102.406055
434.500000 10448 102.215459 10448.000000 102.215459
435.500000 10685 103.368274 10685.000000 103.368274
436.500000 10620 103.053384 10620.000000 103.053384
437.500000 10297 101.474135 10297.000000 101.474135
438.500000 10373 101.847926 10373.000000 101.847926
439.500000 10578 102.849404 10578.000000 102.849404
440.500000 10524 102.586549 10524.000000 102.586549
441.500000 10461 102.279030 10461.000000 102.279030
442.500000 10379 101.877377 10379.000000 101.877377
443.500000 10421 102.083299 10421.000000 102.083299
444.500000 10529 102.610916 10529.000000 102.610916
445.500000 10359 101.779173 10359.000000 101.779173
446.500000 10368 101.823376 10368.000000 101.823376
447.500000 10445 102.200783 10445.000000 102.200783
448.500000 10397 101.965681 10397.000000 101.965681
449.500000 10251 101.247222 10251.000000 101.247222
450.500000 10352 101.744779 10352.000000 101.744779
451.500000 10148 100.737282 10148.000000 100.737282
452.500000 10104 100.518655 10104.000000 100.518655
453.500000 10129 100.642933 10129.000000 100.642933
454.500000 10002 100.010000 10002.000000 100.010000
455.500000 10167 100.831543 10167.000000 100.831543
456.500000 10266 101.321271 10266.000000 101.321271
457.500000 9783 98.909049 9783.000000 98.909049
458.500000 9875 99.373035 9875.000000 99.373035
459.500000 9994 99.969995 9994.000000 99.969995
460.500000 9729 98.635693 9729.000000 98.635693
461.500000 9792 98.954535 9792.000000 98.954535
462.500000 9606 98.010204 9606.000000 98.010204
463.500000 9653 98.249682 9653.000000 98.249682
464.500000 9864 99.317672 9864.000000 99.317672
465.500000 9447 97.195679 9447.000000 97.195679
466.500000 9418 97.046381 9418.000000 97.046381
467.500000 9476 97.344748 9476.000000 97.344748
468.500000 9597 97.964279 9597.000000 97.964279
469.500000 9385 96.876210 9385.000000 96.876210
470.500000 9210 95.968745 9210.000000 95.968745
471.500000 9282 96.343137 9282.000000 96.343137
472.500000 9229 96.067684 9229.000000 96.067684
473.500000 9172 95.770559 9172.000000 95.770559
474.500000 9206 95.947903 9206.000000 95.947903
475.500000 9112 95.456797 9112.000000 95.456797
476.500000 9038 95.068396 9038.000000 95.068396
477.500000 9094 95.362466 9094.000000 95.362466
478.500000 8974 94.731199 8974.000000 94.731199
479.500000 8935 94.525129 8935.000000 94.525129
480.500000 8900 94.339811 8900.000000 94.339811
481.500000 8894 94.308006 8894.000000 94.308006
482.500000 8773 93.664294 8773.000000 93.664294
483.500000 8676 93.145048 8676.000000 93.145048
484.500000 8663 93.075238 8663.000000 93.075238
485.500000 8480 92.086915 8480.000000 92.086915
486.500000 8669 93.107465 8669.000000 93.107465
487.500000 8439 91.864030 8439.000000 91.864030
488.500000 8526 92.336342 8526.000000 92.336342
489.500000 8439 91.864030 8439.000000 91.864030
490.500000 8402 91.662424 8402.000000 91.662424
491.500000 8425 91.787799 8425.000000 91.787799
492.500000 8296 91.082380 8296.000000 91.082380
493.500000 8557 92.504054 8557.000000 92.504054
494.500000 8360 91.433036 8360.000000 91.433036
495.500000 8309 91.153716 8309.000000 91.153716
496.500000 8358 91.422098 8358.000000 91.422098
497.500000 8309 91.153716 8309.000000 91.153716
498.500000 8219 90.658701 8219.000000 90.658701
499.500000 8327 91.252397 8327.000000 91.252397
500.500000 8132 90.177603 8132.000000 90.177603
501.500000 8245 90.801982 8245.000000 90.801982
502.500000 8320 91.214034 8320.000000 91.214034
503.500000 8157 90.316112 8157.000000 90.316112
504.500000 8092 89.955545 8092.000000 89.955545
505.500000 8126 90.144329 8126.000000 90.144329
506.500000 7997 89.425947 7997.000000 89.425947
507.500000 8024 89.576783 8024.000000 89.576783
508.500000 8085 89.916628 8085.000000 89.916628
509.500000 8141 90.227490 8141.000000 90.227490
510.500000 8201 90.559373 8201.000000 90.559373
511.500000 8154 90.299502 8154.000000 90.299502
512.500000 8078 89.877695 8078.000000 89.877695
513.500000 8128 90.155421 8128.000000 90.155421
514.500000 8266 90.917545 8266.000000 90.917545
515.500000 8249 90.824006 8249.000000 90.824006
516.500000 8182 90.454408 8182.000000 90.454408
517.500000 8393 91.613318 8393.000000 91.613318
518.500000 8322 91.224997 8322.000000 91.224997
519.500000 8347 91.361918 8347.000000 91.361918
520.500000 8290 91.049437 8290.000000 91.049437
521.500000 8245 90.801982 8245.000000 90.801982
522.500000 8314 91.181138 8314.000000 91.181138
523.500000 8397 91.635146 8397.000000 91.635146
524.500000 8360 91.433036 8360.000000 91.433036
525.500000 8286 91.027468 8286.000000 91.027468
526.500000 8357 91.416629 8357.000000 91.416629
527.500000 8341 91.329075 8341.000000 91.329075
528.500000 8582 92.639085 8582.000000 92.639085
529.500000 8418 91.749659 8418.000000 91.749659
530.500000 8525 92.330927 8525.000000 92.330927
531.500000 8613 92.806250 8613.000000 92.806250
532.500000 8488 92.130342 8488.000000 92.130342
533.500000 8398 91.640602 8398.000000 91.640602
534.500000 8341 91.329075 8341.000000 91.329075
535.500000 8607 92.773919 8607.000000 92.773919
536.500000 8341 91.329075 8341.000000 91.329075
537.500000 8372 91.498634 8372.000000 91.498634
538.500000 8462 91.989130 8462.000000 91.989130
539.500000 8461 91.983694 8461.000000 91.983694
540.500000 8546 92.444578 8546.000000 92.444578
541.500000 8441 91.874915 8441.000000 91.874915
542.500000 8477 92.070625 8477.000000 92.070625
543.500000 8387 91.580566 8387.000000 91.580566
544.500000 8434 91.836812 8434.000000 91.836812
545.500000 8281 91.000000 8281.000000 91.000000
546.500000 8581 92.633687 8581.000000 92.633687
547.500000 8328 91.257876 8328.000000 91.257876
548.500000 8595 92.709223 8595.000000 92.709223
549.500000 8304 91.126286 8304.000000 91.126286
550.500000 8332 91.279790 8332.000000 91.279790
551.500000 8247 90.812995 8247.000000 90.812995
552.500000 8275 90.967027 8275.000000 90.967027
553.500000 8070 89.833179 8070.000000 89.833179
554.500000 8147 90.260733 8147.000000 90.260733
555.500000 7985 89.358827 7985.000000 89.358827
556.500000 7918 88.983144 7918.000000 88.983144
557.500000 8005 89.470666 8005.000000 89.470666
558.500000 7881 88.774996 7881.000000 88.774996
559.500000 7728 87.909044 7728.000000 87.909044
560.500000 7806 88.351570 7806.000000 88.351570
561.500000 7577 87.045965 7577.000000 87.045965
562.500000 7560 86.948260 7560.000000 86.948260
563.500000 7564 86.971260 7564.000000 86.971260
564.500000 7663 87.538563 7663.000000 87.538563
565.500000 7472 86.440731 7472.000000 86.440731
566.500000 7390 85.965109 7390.000000 85.965109
567.500000 7361 85.796270 7361.000000 85.796270
568.500000 7292 85.393208 7292.000000 85.393208
569.500000 7115 84.350459 7115.000000 84.350459
570.500000 6887 82.987951 6887.000000 82.987951
571.500000 7007 83.707825 7007.000000 83.707825
572.500000 6953 83.384651 6953.000000 83.384651
573.500000 6724 82.000000 6724.000000 82.000000
574.500000 6771 82.286086 6771.000000 82.286086
575.500000 6871 82.891495 6871.000000 82.891495
576.500000 6538 80.857900 6538.000000 80.857900
577.500000 6562 81.006173 6562.000000 81.006173
578.500000 6491 80.566743 6491.000000 80.566743
579.500000 6389 79.931220 6389.000000 79.931220
580.500000 6260 79.120162 6260.000000 79.120162
581.500000 6161 78.492038 6161.000000 78.492038
582.500000 6105 78.134499 6105.000000 78.134499
583.500000 5972 77.278716 5972.000000 77.278716
584.500000 6043 77.736735 6043.000000 77.736735
585.500000 5802 76.170861 5802.000000 76.170861
586.500000 5644 75.126560 5644.000000 75.126560
587.500000 5647 75.146524 5647.000000 75.146524
588.500000 5742 75.775986 5742.000000 75.775986
589.500000 5511 74.236110 5511.000000 74.236110
590.500000 5552 74.511744 5552.000000 74.511744
591.500000 5403 73.505102 5403.000000 73.505102
592.500000 5305 72.835431 5305.000000 72.835431
593.500000 5231 72.325652 5231.000000 72.325652
594.500000 5191 72.048595 5191.000000 72.048595
595.500000 5071 71.210954 5071.000000 71.210954
596.500000 5106 71.456280 5106.000000 71.456280
597.500000 5043 71.014083 5043.000000 71.014083
598.500000 4951 70.363343 4951.000000 70.363343
599.500000 4894 69.957130 4894.000000 69.957130
600.500000 4888 69.914233 4888.000000 69.914233
601.500000 4854 69.670654 4854.000000 69.670654
602.500000 4594 67.779053 4594.000000 67.779053
603.500000 4658 68.249542 4658.000000 68.249542
604.500000 4751 68.927498 4751.000000 68.927498
605.500000 4582 67.690472 4582.000000 67.690472
606.500000 4575 67.638746 4575.000000 67.638746
607.500000 4429 66.550733 4429.000000 66.550733
608.500000 4410 66.407831 4410.000000 66.407831
609.500000 4320 65.726707 4320.000000 65.726707
610.500000 4383 66.204229 4383.000000 66.204229
611.500000 4197 64.784257 4197.000000 64.784257
612.500000 4173 64.598762 4173.000000 64.598762
613.500000 4141 64.350602 4141.000000 64.350602
614.500000 4043 63.584589 4043.000000 63.584589
615.500000 4013 63.348244 4013.000000 63.348244
616.500000 4023 63.427124 4023.000000 63.427124
617.500000 3987 63.142696 3987.000000 63.142696
618.500000 3906 62.498000 3906.000000 62.498000
619.500000 3854 62.080593 3854.000000 62.080593
620.500000 3924 62.641839 3924.000000 62.641839
621.500000 3840 61.967734 3840.000000 61.967734
622.500000 3790 61.562976 3790.000000 61.562976
623.500000 3658 60.481402 3658.000000 60.481402
624.500000 3719 60.983604 3719.000000 60.983604
625.500000 3617 60.141500 3617.000000 60.141500
626.500000 3643 60.357270 3643.000000 60.357270
627.500000 3603 60.024995 3603.000000 60.024995
628.500000 3586 59.883220 3586.000000 59.883220
629.500000 3566 59.715995 3566.000000 59.715995
630.500000 3486 59.042358 3486.000000 59.042358
631.500000 3549 59.573484 3549.000000 59.573484
632.500000 3440 58.651513 3440.000000 58.651513
633.500000 3410 58.395205 3410.000000 58.395205
634.500000 3325 57.662813 3325.000000 57.662813
635.500000 3412 58.412327 3412.000000 58.412327
636.500000 3273 57.210139 3273.000000 57.210139
637.500000 3130 55.946403 3130.000000 55.946403
638.500000 3208 56.639209 3208.000000 56.639209
639.500000 3152 56.142675 3152.000000 56.142675
640.500000 3179 56.382621 3179.000000 56.382621
641.500000 3165 56.258333 3165.000000 56.258333
642.500000 3174 56.338264 3174.000000 56.338264
643.500000 3100 55.677644 3100.000000 55.677644
644.500000 3087 55.560778 3087.000000 55.560778
645.500000 2975 54.543561 2975.000000 54.543561
646.500000 3061 55.326305 3061.000000 55.326305
647.500000 2950 54.313902 2950.000000 54.313902
648.500000 2994 54.717456 2994.000000 54.717456
649.500000 2889 53.749419 2889.000000 53.749419
650.500000 2882 53.684262 2882.000000 53.684262
651.500000 2853 53.413481 2853.000000 53.413481
652.500000 2850 53.385391 2850.000000 53.385391
653.500000 2783 52.754147 2783.000000 52.754147
654.500000 2777 52.697249 2777.000000 52.697249
655.500000 2714 52.096065 2714.000000 52.096065
656.500000 2661 51.584882 2661.000000 51.584882
657.500000 2643 51.410116 2643.000000 51.410116
658.500000 2734 52.287666 2734.000000 52.287666
659.500000 2744 52.383203 2744.000000 52.383203
660.500000 2660 51.575188 2660.000000 51.575188
661.500000 2538 50.378567 2538.000000 50.378567
662.500000 2576 50.754310 2576.000000 50.754310
663.500000 2496 49.959984 2496.000000 49.959984
664.500000 2541 50.408333 2541.000000 50.408333
665.500000 2405 49.040799 2405.000000 49.040799
666.500000 2484 49.839743 2484.000000 49.839743
667.500000 2399 48.979588 2399.000000 48.979588
668.500000 2368 48.662100 2368.000000 48.662100
669.500000 2320 48.166378 2320.000000 48.166378
670.500000 2354 48.518038 2354.000000 48.518038
671.500000 2315 48.114447 2315.000000 48.114447
672.500000 2297 47.927028 2297.000000 47.927028
673.500000 2215 47.063787 2215.000000 47.063787
674.500000 2211 47.021272 2211.000000 47.021272
675.500000 2232 47.244047 2232.000000 47.244047
676.500000 2135 46.206060 2135.000000 46.206060
677.500000 2194 46.840154 2194.000000 46.840154
678.500000 2230 47.222876 2230.000000 47.222876
679.500000 2107 45.902070 2107.000000 45.902070
680.500000 2075 45.552168 2075.000000 45.552168
681.500000 2046 45.232732 2046.000000 45.232732
682.500000 1997 44.687806 1997.000000 44.687806
683.500000 2029 45.044423 2029.000000 45.044423
684.500000 1994 44.654227 1994.000000 44.654227
685.500000 2115 45.989129 2115.000000 45.989129
686.500000 1985 44.553339 1985.000000 44.553339
687.500000 1932 43.954522 1932.000000 43.954522
688.500000 1861 43.139309 1861.000000 43.139309
689.500000 1944 44.090815 1944.000000 44.090815
690.500000 1857 43.092923 1857.000000 43.092923
691.500000 1951 44.170126 1951.000000 44.170126
692.500000 1809 42.532341 1809.000000 42.532341
693.500000 1877 43.324358 1877.000000 43.324358
694.500000 1840 42.895221 1840.000000 42.895221
695.500000 1771 42.083251 1771.000000 42.083251
696.500000 1755 41.892720 1755.000000 41.892720
697.500000 1776 42.142615 1776.000000 42.142615
698.500000 1707 41.315857 1707.000000 41.315857
699.500000 1659 40.730824 1659.000000 40.730824
700.500000 1701 41.243181 1701.000000 41.243181
701.500000 1639 40.484565 1639.000000 40.484565
702.500000 1691 41.121770 1691.000000 41.121770
703.500000 1686 41.060930 1686.000000 41.060930
704.500000 1656 40.693980 1656.000000 40.693980
705.500000 1609 40.112342 1609.000000 40.112342
706.500000 1551 39.382737 1551.000000 39.382737
707.500000 1597 39.962482 1597.000000 39.962482
708.500000 1554 39.420807 1554.000000 39.420807
709.500000 1573 39.661064 1573.000000 39.661064
710.500000 1595 39.937451 1595.000000 39.937451
711.500000 1594 39.924930 1594.000000 39.924930
712.500000 1630 40.373258 1630.000000 40.373258
713.500000 1516 38.935845 1516.000000 38.935845
714.500000 1591 39.887341 1591.000000 39.887341
715.500000 1564 39.547440 1564.000000 39.547440
716.500000 1435 37.881394 1435.000000 37.881394
717.500000 1535 39.179076 1535.000000 39.179076
718.500000 1438 37.920970 1438.000000 37.920970
719.500000 1460 38.209946 1460.000000 38.209946
720.500000 1452 38.105118 1452.000000 38.105118
721.500000 1435 37.881394 1435.000000 37.881394
722.500000 1464 38.262253 1464.000000 38.262253
723.500000 1469 38.327536 1469.000000 38.327536
724.500000 1386 37.229021 1386.000000 37.229021
725.500000 1436 37.894591 1436.000000 37.894591
726.500000 1392 37.309516 1392.000000 37.309516
727.500000 1363 36.918830 1363.000000 36.918830
728.500000 1352 36.769553 1352.000000 36.769553
729.500000 1506 38.807216 1506.000000 38.807216
730.500000 1414 37.603191 1414.000000 37.603191
731.500000 1408 37.523326 1408.000000 37.523326
732.500000 1369 37.000000 1369.000000 37.000000
733.500000 1405 37.483330 1405.000000 37.483330
734.500000 1357 36.837481 1357.000000 36.837481
735.500000 1410 37.549967 1410.000000 37.549967
736.500000 1330 36.469165 1330.000000 36.469165
737.500000 1259 35.482390 1259.000000 35.482390
738.500000 1337 36.565011 1337.000000 36.565011
739.500000 1285 35.846897 1285.000000 35.846897
740.500000 1357 36.837481 1357.000000 36.837481
741.500000 1304 36.110940 1304.000000 36.110940
742.500000 1279 35.763109 1279.000000 35.763109
743.500000 1287 35.874782 1287.000000 35.874782
744.500000 1297 36.013886 1297.000000 36.013886
745.500000 1248 35.327043 1248.000000 35.327043
746.500000 1299 36.041643 1299.000000 36.041643
747.500000 1250 35.355339 1250.000000 35.355339
748.500000 1250 35.355339 1250.000000 35.355339
749.500000 1186 34.438351 1186.000000 34.438351
750.500000 1284 35.832946 1284.000000 35.832946
751.500000 1231 35.085610 1231.000000 35.085610
752.500000 1247 35.312887 1247.000000 35.312887
753.500000 1184 34.409301 1184.000000 34.409301
754.500000 1174 34.263683 1174.000000 34.263683
755.500000 1159 34.044089 1159.000000 34.044089
756.500000 1225 35.000000 1225.000000 35.000000
757.500000 1181 34.365681 1181.000000 34.365681
758.500000 1179 34.336569 1179.000000 34.336569
759.500000 1172 34.234486 1172.000000 34.234486
760.500000 1165 34.132096 1165.000000 34.132096
761.500000 1157 34.014703 1157.000000 34.014703
762.500000 1169 34.190642 1169.000000 34.190642
763.500000 1182 34.380227 1182.000000 34.380227
764.500000 1124 33.526109 1124.000000 33.526109
765.500000 1128 33.585711 1128.000000 33.585711
766.500000 1113 33.361655 1113.000000 33.361655
767.500000 1095 33.090784 1095.000000 33.090784
768.500000 1117 33.421550 1117.000000 33.421550
769.500000 1130 33.615473 1130.000000 33.615473
770.500000 1113 33.361655 1113.000000 33.361655
771.500000 1094 33.075671 1094.000000 33.075671
772.500000 1088 32.984845 1088.000000 32.984845
773.500000 1086 32.954514 1086.000000 32.954514
774.500000 1079 32.848135 1079.000000 32.848135
775.500000 1019 31.921779 1019.000000 31.921779
776.500000 1076 32.802439 1076.000000 32.802439
777.500000 1084 32.924155 1084.000000 32.924155
778.500000 1040 32.249031 1040.000000 32.249031
779.500000 988 31.432467 988.000000 31.432467
780.500000 1064 32.619013 1064.000000 32.619013
781.500000 1050 32.403703 1050.000000 32.403703
782.500000 1051 32.419130 1051.000000 32.419130
783.500000 1038 32.218007 1038.000000 32.218007
784.500000 991 31.480152 991.000000 31.480152
785.500000 1026 32.031235 1026.000000 32.031235
786.500000 1006 31.717503 1006.000000 31.717503
787.500000 1027 32.046841 1027.000000 32.046841
788.500000 994 31.527766 994.000000 31.527766
789.500000 970 31.144823 970.000000 31.144823
790.500000 1005 31.701735 1005.000000 31.701735
791.500000 976 31.240999 976.000000 31.240999
792.500000 974 31.208973 974.000000 31.208973
793.500000 963 31.032241 963.000000 31.032241
794.500000 993 31.511903 993.000000 31.511903
795.500000 960 30.983867 960.000000 30.983867
796.500000 984 31.368774 984.000000 31.368774
797.500000 929 30.479501 929.000000 30.479501
798.500000 949 30.805844 949.000000 30.805844
799.500000 955 30.903074 955.000000 30.903074
800.500000 928 30.463092 928.000000 30.463092
801.500000 966 31.080541 966.000000 31.080541
802.500000 945 30.740852 945.000000 30.740852
803.500000 920 30.331502 920.000000 30.331502
804.500000 934 30.561414 934.000000 30.561414
805.500000 982 31.336879 982.000000 31.336879
806.500000 973 31.192948 973.000000 31.192948
807.500000 928 30.463092 928.000000 30.463092
808.500000 897 29.949958 897.000000 29.949958
809.500000 932 30.528675 932.000000 30.528675
810.500000 934 30.561414 934.000000 30.561414
811.500000 956 30.919250 956.000000 30.919250
812.500000 881 29.681644 881.000000 29.681644
813.500000 913 30.215890 913.000000 30.215890
814.500000 908 30.133038 908.000000 30.133038
815.500000 897 29.949958 897.000000 29.949958
816.500000 919 30.315013 919.000000 30.315013
817.500000 908 30.133038 908.000000 30.133038
818.500000 889 29.816103 889.000000 29.816103
819.500000 863 29.376862 863.000000 29.376862
820.500000 884 29.732137 884.000000 29.732137
821.500000 911 30.182777 911.000000 30.182777
822.500000 922 30.364453 922.000000 30.364453
823.500000 874 29.563491 874.000000 29.563491
824.500000 857 29.274562 857.000000 29.274562
825.500000 874 29.563491 874.000000 29.563491
826.500000 916 30.265492 916.000000 30.265492
827.500000 869 29.478806 869.000000 29.478806
828.500000 845 29.068884 845.000000 29.068884
829.500000 927 30.446675 927.000000 30.446675
830.500000 919 30.315013 919.000000 30.315013
831.500000 931 30.512293 931.000000 30.512293
832.500000 869 29.478806 869.000000 29.478806
833.500000 855 29.240383 855.000000 29.240383
834.500000 904 30.066593 904.000000 30.066593
835.500000 836 28.913665 836.000000 28.913665
836.500000 866 29.427878 866.000000 29.427878
837.500000 926 30.430248 926.000000 30.430248
838.500000 875 29.580399 875.000000 29.580399
839.500000 891 29.849623 891.000000 29.849623
840.500000 836 28.913665 836.000000 28.913665
841.500000 809 28.442925 809.000000 28.442925
842.500000 832 28.844410 832.000000 28.844410
843.500000 835 28.896367 835.000000 28.896367
844.500000 849 29.137605 849.000000 29.137605
845.500000 795 28.195744 795.000000 28.195744
846.500000 814 28.530685 814.000000 28.530685
847.500000 856 29.257478 856.000000 29.257478
848.500000 816 28.565714 816.000000 28.565714
849.500000 873 29.546573 873.000000 29.546573
850.500000 883 29.715316 883.000000 29.715316
851.500000 797 28.231188 797.000000 28.231188
852.500000 884 29.732137 884.000000 29.732137
853.500000 818 28.600699 818.000000 28.600699
854.500000 842 29.017236 842.000000 29.017236
855.500000 793 28.160256 793.000000 28.160256
856.500000 864 29.393877 864.000000 29.393877
857.500000 864 29.393877 864.000000 29.393877
858.500000 832 28.844410 832.000000 28.844410
859.500000 819 28.618176 819.000000 28.618176
860.500000 780 27.928480 780.000000 27.928480
861.500000 808 28.425341 808.000000 28.425341
862.500000 831 28.827071 831.000000 28.827071
863.500000 821 28.653098 821.000000 28.653098
864.500000 794 28.178006 794.000000 28.178006
865.500000 782 27.964263 782.000000 27.964263
866.500000 779 27.910571 779.000000 27.910571
867.500000 850 29.154759 850.000000 29.154759
868.500000 879 29.647934 879.000000 29.647934
869.500000 782 27.964263 782.000000 27.964263
870.500000 783 27.982137 783.000000 27.982137
871.500000 808 28.425341 808.000000 28.425341
872.500000 820 28.635642 820.000000 28.635642
873.500000 778 27.892651 778.000000 27.892651
874.500000 808 28.425341 808.000000 28.425341
875.500000 873 29.546573 873.000000 29.546573
876.500000 768 27.712813 768.000000 27.712813
877.500000 829 28.792360 829.000000 28.792360
878.500000 773 27.802878 773.000000 27.802878
879.500000 777 27.874720 777.000000 27.874720
880.500000 823 28.687977 823.000000 28.687977
881.500000 787 28.053520 787.000000 28.053520
882.500000 814 28.530685 814.000000 28.530685
883.500000 793 28.160256 793.000000 28.160256
884.500000 814 28.530685 814.000000 28.530685
885.500000 786 28.035692 786.000000 28.035692
886.500000 792 28.142495 792.000000 28.142495
887.500000 784 28.000000 784.000000 28.000000
888.500000 822 28.670542 822.000000 28.670542
889.500000 781 27.946377 781.000000 27.946377
890.500000 789 28.089144 789.000000 28.089144
891.500000 770 27.748874 770.000000 27.748874
892.500000 774 27.820855 774.000000 27.820855
893.500000 781 27.946377 781.000000 27.946377
894.500000 766 27.676705 766.000000 27.676705
895.500000 742 27.239677 742.000000 27.239677
896.500000 777 27.874720 777.000000 27.874720
897.500000 733 27.073973 733.000000 27.073973
898.500000 721 26.851443 721.000000 26.851443
899.500000 774 27.820855 774.000000 27.820855
900.500000 716 26.758176 716.000000 26.758176
901.500000 743 27.258026 743.000000 27.258026
902.500000 744 27.276363 744.000000 27.276363
903.500000 801 28.301943 801.000000 28.301943
904.500000 760 27.568098 760.000000 27.568098
905.500000 772 27.784888 772.000000 27.784888
906.500000 723 26.888659 723.000000 26.888659
907.500000 766 27.676705 766.000000 27.676705
908.500000 754 27.459060 754.000000 27.459060
909.500000 745 27.294688 745.000000 27.294688
910.500000 752 27.422618 752.000000 27.422618
911.500000 749 27.367864 749.000000 27.367864
912.500000 669 25.865034 669.000000 25.865034
913.500000 766 27.676705 766.000000 27.676705
914.500000 747 27.331301 747.000000 27.331301
915.500000 779 27.910571 779.000000 27.910571
916.500000 804 28.354894 804.000000 28.354894
917.500000 738 27.166155 738.000000 27.166155
918.500000 704 26.532998 704.000000 26.532998
919.500000 741 27.221315 741.000000 27.221315
920.500000 733 27.073973 733.000000 27.073973
921.500000 699 26.438608 699.000000 26.438608
922.500000 712 26.683328 712.000000 26.683328
923.500000 724 26.907248 724.000000 26.907248
924.500000 697 26.400758 697.000000 26.400758
925.500000 682 26.115130 682.000000 26.115130
926.500000 713 26.702060 713.000000 26.702060
927.500000 732 27.055499 732.000000 27.055499
928.500000 684 26.153394 684.000000 26.153394
929.500000 746 27.313001 746.000000 27.313001
930.500000 717 26.776856 717.000000 26.776856
931.500000 692 26.305893 692.000000 26.305893
932.500000 744 27.276363 744.000000 27.276363
933.500000 708 26.608269 708.000000 26.608269
934.500000 735 27.110883 735.000000 27.110883
935.500000 759 27.549955 759.000000 27.549955
936.500000 651 25.514702 651.000000 25.514702
937.500000 647 25.436195 647.000000 25.436195
938.500000 729 27.000000 729.000000 27.000000
939.500000 688 26.229754 688.000000 26.229754
940.500000 682 26.115130 682.000000 26.115130
941.500000 694 26.343880 694.000000 26.343880
942.500000 738 27.166155 738.000000 27.166155
943.500000 681 26.095977 681.000000 26.095977
944.500000 656 25.612497 656.000000 25.612497
945.500000 671 25.903668 671.000000 25.903668
946.500000 695 26.362853 695.000000 26.362853
947.500000 625 25.000000 625.000000 25.000000
948.500000 660 25.690465 660.000000 25.690465
949.500000 675 25.980762 675.000000 25.980762
950.500000 659 25.670995 659.000000 25.670995
951.500000 636 25.219040 636.000000 25.219040
952.500000 695 26.362853 695.000000 26.362853
953.500000 663 25.748786 663.000000 25.748786
954.500000 670 25.884358 670.000000 25.884358
955.500000 674 25.961510 674.000000 25.961510
956.500000 654 25.573424 654.000000 25.573424
957.500000 695 26.362853 695.000000 26.362853
958.500000 650 25.495098 650.000000 25.495098
959.500000 691 26.286879 691.000000 26.286879
960.500000 635 25.199206 635.000000 25.199206
961.500000 676 26.000000 676.000000 26.000000
962.500000 630 25.099801 630.000000 25.099801
963.500000 686 26.191602 686.000000 26.191602
964.500000 666 25.806976 666.000000 25.806976
965.500000 665 25.787594 665.000000 25.787594
966.500000 606 24.617067 606.000000 24.617067
967.500000 646 25.416530 646.000000 25.416530
968.500000 616 24.819347 616.000000 24.819347
969.500000 639 25.278449 639.000000 25.278449
970.500000 623 24.959968 623.000000 24.959968
971.500000 656 25.612497 656.000000 25.612497
972.500000 634 25.179357 634.000000 25.179357
973.500000 603 24.556058 603.000000 24.556058
974.500000 588 24.248711 588.000000 24.248711
975.500000 598 24.454039 598.000000 24.454039
976.500000 592 24.331050 592.000000 24.331050
977.500000 591 24.310492 591.000000 24.310492
978.500000 603 24.556058 603.000000 24.556058
979.500000 568 23.832751 568.000000 23.832751
980.500000 626 25.019992 626.000000 25.019992
981.500000 629 25.079872 629.000000 25.079872
982.500000 591 24.310492 591.000000 24.310492
983.500000 586 24.207437 586.000000 24.207437
984.500000 588 24.248711 588.000000 24.248711
985.500000 589 24.269322 589.000000 24.269322
986.500000 572 23.916521 572.000000 23.916521
987.500000 568 23.832751 568.000000 23.832751
988.500000 565 23.769729 565.000000 23.769729
989.500000 598 24.454039 598.000000 24.454039
990.500000 588 24.248711 588.000000 24.248711
991.500000 569 23.853721 569.000000 23.853721
992.500000 562 23.706539 562.000000 23.706539
993.500000 589 24.269322 589.000000 24.269322
994.500000 560 23.664319 560.000000 23.664319
995.500000 568 23.832751 568.000000 23.832751
996.500000 521 22.825424 521.000000 22.825424
997.500000 541 23.259407 541.000000 23.259407
998.500000 560 23.664319 560.000000 23.664319
999.500000 558 23.622024 558.000000 23.622024
1000.500000 574 23.958297 574.000000 23.958297
1001.500000 551 23.473389 551.000000 23.473389
1002.500000 521 22.825424 521.000000 22.825424
1003.500000 543 23.302360 543.000000 23.302360
1004.500000 558 23.622024 558.000000 23.622024
1005.500000 511 22.605309 511.000000 22.605309
1006.500000 567 23.811762 567.000000 23.811762
1007.500000 525 22.912878 525.000000 22.912878
1008.500000 525 22.912878 525.000000 22.912878
1009.500000 490 22.135944 490.000000 22.135944
1010.500000 590 24.289916 590.000000 24.289916
1011.500000 549 23.430749 549.000000 23.430749
1012.500000 538 23.194827 538.000000 23.194827
1013.500000 534 23.108440 534.000000 23.108440
1014.500000 517 22.737634 517.000000 22.737634
1015.500000 544 23.323808 544.000000 23.323808
1016.500000 476 21.817424 476.000000 21.817424
1017.500000 571 23.895606 571.000000 23.895606
1018.500000 542 23.280893 542.000000 23.280893
1019.500000 507 22.516660 507.000000 22.516660
1020.500000 532 23.065125 532.000000 23.065125
1021.500000 495 22.248595 495.000000 22.248595
1022.500000 534 23.108440 534.000000 23.108440
1023.500000 529 23.000000 529.000000 23.000000
