# name, dx, fmax, fmax_err, norm_value, norm_vale_err
# 200D_54Mn 1 7896 88.85943956609225 1 0
# bin_center, freq, freq_err, norm_freq, norm_freq_err
0.500000 0 0.000000 0.000000 0.000000
1.500000 0 0.000000 0.000000 0.000000
2.500000 3 1.732051 3.000000 1.732051
3.500000 11 3.316625 11.000000 3.316625
4.500000 75 8.660254 75.000000 8.660254
5.500000 123 11.090537 123.000000 11.090537
6.500000 145 12.041595 145.000000 12.041595
7.500000 335 18.303005 335.000000 18.303005
8.500000 1739 41.701319 1739.000000 41.701319
9.500000 3336 57.758116 3336.000000 57.758116
10.500000 4554 67.483331 4554.000000 67.483331
11.500000 5938 77.058419 5938.000000 77.058419
12.500000 5715 75.597619 5715.000000 75.597619
13.500000 5626 75.006666 5626.000000 75.006666
14.500000 5622 74.979997 5622.000000 74.979997
15.500000 5491 74.101282 5491.000000 74.101282
16.500000 5649 75.159830 5649.000000 75.159830
17.500000 5526 74.337070 5526.000000 74.337070
18.500000 5434 73.715670 5434.000000 73.715670
19.500000 5533 74.384138 5533.000000 74.384138
20.500000 5506 74.202426 5506.000000 74.202426
21.500000 5595 74.799733 5595.000000 74.799733
22.500000 5650 75.166482 5650.000000 75.166482
23.500000 5605 74.866548 5605.000000 74.866548
24.500000 5479 74.020267 5479.000000 74.020267
25.500000 5531 74.370693 5531.000000 74.370693
26.500000 5475 73.993243 5475.000000 73.993243
27.500000 5472 73.972968 5472.000000 73.972968
28.500000 5331 73.013697 5331.000000 73.013697
29.500000 5368 73.266636 5368.000000 73.266636
30.500000 5555 74.531872 5555.000000 74.531872
31.500000 5513 74.249579 5513.000000 74.249579
32.500000 5473 73.979727 5473.000000 73.979727
33.500000 5468 73.945926 5468.000000 73.945926
34.500000 5465 73.925638 5465.000000 73.925638
35.500000 5525 74.330344 5525.000000 74.330344
36.500000 5555 74.531872 5555.000000 74.531872
37.500000 5431 73.695319 5431.000000 73.695319
38.500000 5709 75.557925 5709.000000 75.557925
39.500000 5614 74.926631 5614.000000 74.926631
40.500000 5622 74.979997 5622.000000 74.979997
41.500000 5589 74.759615 5589.000000 74.759615
42.500000 5776 76.000000 5776.000000 76.000000
43.500000 5599 74.826466 5599.000000 74.826466
44.500000 5614 74.926631 5614.000000 74.926631
45.500000 5757 75.874897 5757.000000 75.874897
46.500000 5873 76.635501 5873.000000 76.635501
47.500000 5948 77.123278 5948.000000 77.123278
48.500000 5934 77.032461 5934.000000 77.032461
49.500000 5901 76.817967 5901.000000 76.817967
50.500000 5947 77.116795 5947.000000 77.116795
51.500000 5961 77.207513 5961.000000 77.207513
52.500000 5864 76.576759 5864.000000 76.576759
53.500000 5940 77.071395 5940.000000 77.071395
54.500000 5963 77.220464 5963.000000 77.220464
55.500000 6249 79.050617 6249.000000 79.050617
56.500000 6191 78.682908 6191.000000 78.682908
57.500000 6154 78.447435 6154.000000 78.447435
58.500000 6220 78.866977 6220.000000 78.866977
59.500000 6226 78.905006 6226.000000 78.905006
60.500000 6499 80.616376 6499.000000 80.616376
61.500000 6303 79.391435 6303.000000 79.391435
62.500000 6434 80.212219 6434.000000 80.212219
63.500000 6421 80.131143 6421.000000 80.131143
64.500000 6456 80.349238 6456.000000 80.349238
65.500000 6568 81.043198 6568.000000 81.043198
66.500000 6597 81.221918 6597.000000 81.221918
67.500000 6774 82.304313 6774.000000 82.304313
68.500000 6642 81.498466 6642.000000 81.498466
69.500000 6988 83.594258 6988.000000 83.594258
70.500000 7030 83.845095 7030.000000 83.845095
71.500000 7009 83.719771 7009.000000 83.719771
72.500000 7052 83.976187 7052.000000 83.976187
73.500000 7020 83.785440 7020.000000 83.785440
74.500000 7197 84.835134 7197.000000 84.835134
75.500000 7311 85.504386 7311.000000 85.504386
76.500000 7283 85.340494 7283.000000 85.340494
77.500000 7396 86.000000 7396.000000 86.000000
78.500000 7530 86.775573 7530.000000 86.775573
79.500000 7431 86.203248 7431.000000 86.203248
80.500000 7631 87.355595 7631.000000 87.355595
81.500000 7530 86.775573 7530.000000 86.775573
82.500000 7651 87.469995 7651.000000 87.469995
83.500000 7560 86.948260 7560.000000 86.948260
84.500000 7613 87.252507 7613.000000 87.252507
85.500000 7621 87.298339 7621.000000 87.298339
86.500000 7822 88.442071 7822.000000 88.442071
87.500000 7625 87.321246 7625.000000 87.321246
88.500000 7713 87.823687 7713.000000 87.823687
89.500000 7896 88.859440 7896.000000 88.859440
90.500000 7743 87.994318 7743.000000 87.994318
91.500000 7675 87.607077 7675.000000 87.607077
92.500000 7490 86.544786 7490.000000 86.544786
93.500000 7640 87.407094 7640.000000 87.407094
94.500000 7512 86.671795 7512.000000 86.671795
95.500000 7582 87.074681 7582.000000 87.074681
96.500000 7245 85.117566 7245.000000 85.117566
97.500000 7403 86.040688 7403.000000 86.040688
98.500000 7282 85.334635 7282.000000 85.334635
99.500000 7336 85.650452 7336.000000 85.650452
100.500000 7344 85.697141 7344.000000 85.697141
101.500000 7367 85.831230 7367.000000 85.831230
102.500000 6964 83.450584 6964.000000 83.450584
103.500000 7010 83.725743 7010.000000 83.725743
104.500000 6842 82.716383 6842.000000 82.716383
105.500000 6947 83.348665 6947.000000 83.348665
106.500000 6896 83.042158 6896.000000 83.042158
107.500000 6771 82.286086 6771.000000 82.286086
108.500000 6734 82.060953 6734.000000 82.060953
109.500000 6681 81.737384 6681.000000 81.737384
110.500000 6619 81.357237 6619.000000 81.357237
111.500000 6506 80.659779 6506.000000 80.659779
112.500000 6473 80.454956 6473.000000 80.454956
113.500000 6544 80.894994 6544.000000 80.894994
114.500000 6402 80.012499 6402.000000 80.012499
115.500000 6478 80.486024 6478.000000 80.486024
116.500000 6113 78.185676 6113.000000 78.185676
117.500000 6176 78.587531 6176.000000 78.587531
118.500000 6213 78.822586 6213.000000 78.822586
119.500000 6169 78.542982 6169.000000 78.542982
120.500000 6039 77.711003 6039.000000 77.711003
121.500000 6017 77.569324 6017.000000 77.569324
122.500000 6043 77.736735 6043.000000 77.736735
123.500000 5967 77.246359 5967.000000 77.246359
124.500000 5948 77.123278 5948.000000 77.123278
125.500000 5786 76.065761 5786.000000 76.065761
126.500000 5733 75.716577 5733.000000 75.716577
127.500000 5684 75.392307 5684.000000 75.392307
128.500000 5675 75.332596 5675.000000 75.332596
129.500000 5734 75.723180 5734.000000 75.723180
130.500000 5684 75.392307 5684.000000 75.392307
131.500000 5427 73.668175 5427.000000 73.668175
132.500000 5683 75.385675 5683.000000 75.385675
133.500000 5389 73.409809 5389.000000 73.409809
134.500000 5459 73.885046 5459.000000 73.885046
135.500000 5410 73.552702 5410.000000 73.552702
136.500000 5427 73.668175 5427.000000 73.668175
137.500000 5308 72.856022 5308.000000 72.856022
138.500000 5178 71.958321 5178.000000 71.958321
139.500000 5395 73.450664 5395.000000 73.450664
140.500000 5365 73.246160 5365.000000 73.246160
141.500000 5138 71.679844 5138.000000 71.679844
142.500000 5378 73.334848 5378.000000 73.334848
143.500000 5114 71.512237 5114.000000 71.512237
144.500000 5225 72.284161 5225.000000 72.284161
145.500000 5150 71.763500 5150.000000 71.763500
146.500000 5132 71.637979 5132.000000 71.637979
147.500000 5036 70.964780 5036.000000 70.964780
148.500000 4964 70.455660 4964.000000 70.455660
149.500000 5099 71.407283 5099.000000 71.407283
150.500000 4901 70.007142 4901.000000 70.007142
151.500000 5088 71.330218 5088.000000 71.330218
152.500000 4959 70.420168 4959.000000 70.420168
153.500000 5052 71.077423 5052.000000 71.077423
154.500000 5013 70.802542 5013.000000 70.802542
155.500000 4811 69.361373 4811.000000 69.361373
156.500000 4941 70.292247 4941.000000 70.292247
157.500000 4934 70.242437 4934.000000 70.242437
158.500000 4839 69.562921 4839.000000 69.562921
159.500000 4894 69.957130 4894.000000 69.957130
160.500000 4894 69.957130 4894.000000 69.957130
161.500000 4959 70.420168 4959.000000 70.420168
162.500000 4850 69.641941 4850.000000 69.641941
163.500000 4959 70.420168 4959.000000 70.420168
164.500000 4778 69.123079 4778.000000 69.123079
165.500000 4773 69.086902 4773.000000 69.086902
166.500000 4976 70.540768 4976.000000 70.540768
167.500000 4849 69.634761 4849.000000 69.634761
168.500000 4745 68.883960 4745.000000 68.883960
169.500000 4758 68.978257 4758.000000 68.978257
170.500000 4723 68.724086 4723.000000 68.724086
171.500000 4885 69.892775 4885.000000 69.892775
172.500000 4722 68.716810 4722.000000 68.716810
173.500000 4606 67.867518 4606.000000 67.867518
174.500000 4657 68.242216 4657.000000 68.242216
175.500000 4648 68.176242 4648.000000 68.176242
176.500000 4588 67.734777 4588.000000 67.734777
177.500000 4712 68.644009 4712.000000 68.644009
178.500000 4686 68.454364 4686.000000 68.454364
179.500000 4619 67.963225 4619.000000 67.963225
180.500000 4637 68.095521 4637.000000 68.095521
181.500000 4654 68.220232 4654.000000 68.220232
182.500000 4561 67.535176 4561.000000 67.535176
183.500000 4592 67.764297 4592.000000 67.764297
184.500000 4531 67.312703 4531.000000 67.312703
185.500000 4588 67.734777 4588.000000 67.734777
186.500000 4788 69.195376 4788.000000 69.195376
187.500000 4664 68.293484 4664.000000 68.293484
188.500000 4465 66.820655 4465.000000 66.820655
189.500000 4522 67.245818 4522.000000 67.245818
190.500000 4622 67.985293 4622.000000 67.985293
191.500000 4512 67.171422 4512.000000 67.171422
192.500000 4528 67.290415 4528.000000 67.290415
193.500000 4452 66.723309 4452.000000 66.723309
194.500000 4583 67.697858 4583.000000 67.697858
195.500000 4412 66.422888 4412.000000 66.422888
196.500000 4566 67.572184 4566.000000 67.572184
197.500000 4565 67.564784 4565.000000 67.564784
198.500000 4666 68.308125 4666.000000 68.308125
199.500000 4643 68.139563 4643.000000 68.139563
200.500000 4668 68.322763 4668.000000 68.322763
201.500000 4477 66.910388 4477.000000 66.910388
202.500000 4570 67.601775 4570.000000 67.601775
203.500000 4595 67.786429 4595.000000 67.786429
204.500000 4552 67.468511 4552.000000 67.468511
205.500000 4554 67.483331 4554.000000 67.483331
206.500000 4460 66.783231 4460.000000 66.783231
207.500000 4513 67.178866 4513.000000 67.178866
208.500000 4452 66.723309 4452.000000 66.723309
209.500000 4638 68.102863 4638.000000 68.102863
210.500000 4487 66.985073 4487.000000 66.985073
211.500000 4619 67.963225 4619.000000 67.963225
212.500000 4478 66.917860 4478.000000 66.917860
213.500000 4510 67.156534 4510.000000 67.156534
214.500000 4607 67.874885 4607.000000 67.874885
215.500000 4548 67.438861 4548.000000 67.438861
216.500000 4652 68.205572 4652.000000 68.205572
217.500000 4542 67.394362 4542.000000 67.394362
218.500000 4542 67.394362 4542.000000 67.394362
219.500000 4515 67.193750 4515.000000 67.193750
220.500000 4507 67.134194 4507.000000 67.134194
221.500000 4537 67.357256 4537.000000 67.357256
222.500000 4509 67.149088 4509.000000 67.149088
223.500000 4478 66.917860 4478.000000 66.917860
224.500000 4539 67.372101 4539.000000 67.372101
225.500000 4694 68.512773 4694.000000 68.512773
226.500000 4524 67.260687 4524.000000 67.260687
227.500000 4643 68.139563 4643.000000 68.139563
228.500000 4641 68.124885 4641.000000 68.124885
229.500000 4621 67.977938 4621.000000 67.977938
230.500000 4560 67.527772 4560.000000 67.527772
231.500000 4526 67.275553 4526.000000 67.275553
232.500000 4631 68.051451 4631.000000 68.051451
233.500000 4544 67.409198 4544.000000 67.409198
234.500000 4499 67.074585 4499.000000 67.074585
235.500000 4570 67.601775 4570.000000 67.601775
236.500000 4691 68.490875 4691.000000 68.490875
237.500000 4475 66.895441 4475.000000 66.895441
238.500000 4628 68.029405 4628.000000 68.029405
239.500000 4502 67.096945 4502.000000 67.096945
240.500000 4520 67.230945 4520.000000 67.230945
241.500000 4627 68.022055 4627.000000 68.022055
242.500000 4641 68.124885 4641.000000 68.124885
243.500000 4634 68.073490 4634.000000 68.073490
244.500000 4605 67.860150 4605.000000 67.860150
245.500000 4632 68.058798 4632.000000 68.058798
246.500000 4600 67.823300 4600.000000 67.823300
247.500000 4696 68.527367 4696.000000 68.527367
248.500000 4503 67.104396 4503.000000 67.104396
249.500000 4601 67.830672 4601.000000 67.830672
250.500000 4688 68.468971 4688.000000 68.468971
251.500000 4522 67.245818 4522.000000 67.245818
252.500000 4531 67.312703 4531.000000 67.312703
253.500000 4558 67.512962 4558.000000 67.512962
254.500000 4609 67.889616 4609.000000 67.889616
255.500000 4589 67.742158 4589.000000 67.742158
256.500000 4598 67.808554 4598.000000 67.808554
257.500000 4685 68.447060 4685.000000 68.447060
258.500000 4593 67.771675 4593.000000 67.771675
259.500000 4437 66.610810 4437.000000 66.610810
260.500000 4577 67.653529 4577.000000 67.653529
261.500000 4523 67.253253 4523.000000 67.253253
262.500000 4494 67.037303 4494.000000 67.037303
263.500000 4601 67.830672 4601.000000 67.830672
264.500000 4400 66.332496 4400.000000 66.332496
265.500000 4554 67.483331 4554.000000 67.483331
266.500000 4490 67.007462 4490.000000 67.007462
267.500000 4532 67.320131 4532.000000 67.320131
268.500000 4403 66.355105 4403.000000 66.355105
269.500000 4370 66.105976 4370.000000 66.105976
270.500000 4346 65.924199 4346.000000 65.924199
271.500000 4435 66.595796 4435.000000 66.595796
272.500000 4186 64.699304 4186.000000 64.699304
273.500000 4349 65.946948 4349.000000 65.946948
274.500000 4097 64.007812 4097.000000 64.007812
275.500000 4309 65.642974 4309.000000 65.642974
276.500000 4214 64.915329 4214.000000 64.915329
277.500000 4189 64.722485 4189.000000 64.722485
278.500000 3965 62.968246 3965.000000 62.968246
279.500000 3960 62.928531 3960.000000 62.928531
280.500000 3911 62.537988 3911.000000 62.537988
281.500000 3844 62.000000 3844.000000 62.000000
282.500000 3874 62.241465 3874.000000 62.241465
283.500000 3927 62.665780 3927.000000 62.665780
284.500000 3644 60.365553 3644.000000 60.365553
285.500000 3753 61.261734 3753.000000 61.261734
286.500000 3691 60.753601 3691.000000 60.753601
287.500000 3661 60.506198 3661.000000 60.506198
288.500000 3596 59.966657 3596.000000 59.966657
289.500000 3429 58.557664 3429.000000 58.557664
290.500000 3461 58.830264 3461.000000 58.830264
291.500000 3441 58.660038 3441.000000 58.660038
292.500000 3285 57.314920 3285.000000 57.314920
293.500000 3249 57.000000 3249.000000 57.000000
294.500000 3197 56.542020 3197.000000 56.542020
295.500000 3205 56.612719 3205.000000 56.612719
296.500000 3231 56.841886 3231.000000 56.841886
297.500000 3134 55.982140 3134.000000 55.982140
298.500000 3056 55.281100 3056.000000 55.281100
299.500000 3005 54.817880 3005.000000 54.817880
300.500000 3047 55.199638 3047.000000 55.199638
301.500000 3003 54.799635 3003.000000 54.799635
302.500000 2927 54.101756 2927.000000 54.101756
303.500000 2878 53.646994 2878.000000 53.646994
304.500000 2821 53.113087 2821.000000 53.113087
305.500000 2872 53.591044 2872.000000 53.591044
306.500000 2717 52.124850 2717.000000 52.124850
307.500000 2804 52.952809 2804.000000 52.952809
308.500000 2765 52.583267 2765.000000 52.583267
309.500000 2693 51.894123 2693.000000 51.894123
310.500000 2629 51.273775 2629.000000 51.273775
311.500000 2613 51.117512 2613.000000 51.117512
312.500000 2584 50.833060 2584.000000 50.833060
313.500000 2683 51.797683 2683.000000 51.797683
314.500000 2502 50.019996 2502.000000 50.019996
315.500000 2562 50.616203 2562.000000 50.616203
316.500000 2572 50.714889 2572.000000 50.714889
317.500000 2591 50.901866 2591.000000 50.901866
318.500000 2524 50.239427 2524.000000 50.239427
319.500000 2510 50.099900 2510.000000 50.099900
320.500000 2540 50.398413 2540.000000 50.398413
321.500000 2655 51.526692 2655.000000 51.526692
322.500000 2509 50.089919 2509.000000 50.089919
323.500000 2531 50.309045 2531.000000 50.309045
324.500000 2673 51.701064 2673.000000 51.701064
325.500000 2636 51.341991 2636.000000 51.341991
326.500000 2646 51.439285 2646.000000 51.439285
327.500000 2676 51.730069 2676.000000 51.730069
328.500000 2686 51.826634 2686.000000 51.826634
329.500000 2724 52.191953 2724.000000 52.191953
330.500000 2813 53.037722 2813.000000 53.037722
331.500000 2769 52.621288 2769.000000 52.621288
332.500000 2882 53.684262 2882.000000 53.684262
333.500000 2839 53.282267 2839.000000 53.282267
334.500000 2963 54.433446 2963.000000 54.433446
335.500000 2868 53.553711 2868.000000 53.553711
336.500000 2958 54.387499 2958.000000 54.387499
337.500000 3065 55.362442 3065.000000 55.362442
338.500000 3039 55.127126 3039.000000 55.127126
339.500000 3259 57.087652 3259.000000 57.087652
340.500000 3258 57.078893 3258.000000 57.078893
341.500000 3313 57.558666 3313.000000 57.558666
342.500000 3434 58.600341 3434.000000 58.600341
343.500000 3421 58.489315 3421.000000 58.489315
344.500000 3580 59.833101 3580.000000 59.833101
345.500000 3608 60.066630 3608.000000 60.066630
346.500000 3680 60.663004 3680.000000 60.663004
347.500000 3711 60.917978 3711.000000 60.917978
348.500000 3721 61.000000 3721.000000 61.000000
349.500000 3919 62.601917 3919.000000 62.601917
350.500000 3877 62.265560 3877.000000 62.265560
351.500000 4016 63.371918 4016.000000 63.371918
352.500000 4036 63.529521 4036.000000 63.529521
353.500000 4103 64.054664 4103.000000 64.054664
354.500000 4252 65.207362 4252.000000 65.207362
355.500000 4222 64.976919 4222.000000 64.976919
356.500000 4309 65.642974 4309.000000 65.642974
357.500000 4329 65.795137 4329.000000 65.795137
358.500000 4476 66.902915 4476.000000 66.902915
359.500000 4369 66.098411 4369.000000 66.098411
360.500000 4488 66.992537 4488.000000 66.992537
361.500000 4560 67.527772 4560.000000 67.527772
362.500000 4658 68.249542 4658.000000 68.249542
363.500000 4596 67.793805 4596.000000 67.793805
364.500000 4759 68.985506 4759.000000 68.985506
365.500000 4571 67.609171 4571.000000 67.609171
366.500000 4744 68.876701 4744.000000 68.876701
367.500000 4817 69.404611 4817.000000 69.404611
368.500000 4688 68.468971 4688.000000 68.468971
369.500000 4669 68.330081 4669.000000 68.330081
370.500000 4850 69.641941 4850.000000 69.641941
371.500000 4565 67.564784 4565.000000 67.564784
372.500000 4683 68.432448 4683.000000 68.432448
373.500000 4782 69.152006 4782.000000 69.152006
374.500000 4671 68.344714 4671.000000 68.344714
375.500000 4771 69.072426 4771.000000 69.072426
376.500000 4687 68.461668 4687.000000 68.461668
377.500000 4561 67.535176 4561.000000 67.535176
378.500000 4507 67.134194 4507.000000 67.134194
379.500000 4498 67.067131 4498.000000 67.067131
380.500000 4389 66.249528 4389.000000 66.249528
381.500000 4460 66.783231 4460.000000 66.783231
382.500000 4527 67.282984 4527.000000 67.282984
383.500000 4282 65.436993 4282.000000 65.436993
384.500000 4243 65.138314 4243.000000 65.138314
385.500000 4133 64.288413 4133.000000 64.288413
386.500000 4208 64.869099 4208.000000 64.869099
387.500000 4066 63.765194 4066.000000 63.765194
388.500000 4189 64.722485 4189.000000 64.722485
389.500000 3970 63.007936 3970.000000 63.007936
390.500000 3929 62.681736 3929.000000 62.681736
391.500000 3770 61.400326 3770.000000 61.400326
392.500000 3808 61.708994 3808.000000 61.708994
393.500000 3811 61.733297 3811.000000 61.733297
394.500000 3714 60.942596 3714.000000 60.942596
395.500000 3721 61.000000 3721.000000 61.000000
396.500000 3579 59.824744 3579.000000 59.824744
397.500000 3508 59.228372 3508.000000 59.228372
398.500000 3315 57.576037 3315.000000 57.576037
399.500000 3269 57.175169 3269.000000 57.175169
400.500000 3448 58.719673 3448.000000 58.719673
401.500000 3124 55.892754 3124.000000 55.892754
402.500000 3229 56.824291 3229.000000 56.824291
403.500000 3074 55.443665 3074.000000 55.443665
404.500000 3072 55.425626 3072.000000 55.425626
405.500000 3016 54.918121 3016.000000 54.918121
406.500000 2939 54.212545 2939.000000 54.212545
407.500000 2832 53.216539 2832.000000 53.216539
408.500000 2823 53.131911 2823.000000 53.131911
409.500000 2657 51.546096 2657.000000 51.546096
410.500000 2732 52.268537 2732.000000 52.268537
411.500000 2631 51.293274 2631.000000 51.293274
412.500000 2661 51.584882 2661.000000 51.584882
413.500000 2648 51.458721 2648.000000 51.458721
414.500000 2498 49.979996 2498.000000 49.979996
415.500000 2528 50.279220 2528.000000 50.279220
416.500000 2487 49.869831 2487.000000 49.869831
417.500000 2385 48.836462 2385.000000 48.836462
418.500000 2291 47.864392 2291.000000 47.864392
419.500000 2410 49.091751 2410.000000 49.091751
420.500000 2208 46.989360 2208.000000 46.989360
421.500000 2336 48.332184 2336.000000 48.332184
422.500000 2187 46.765372 2187.000000 46.765372
423.500000 2333 48.301139 2333.000000 48.301139
424.500000 2210 47.010637 2210.000000 47.010637
425.500000 2161 46.486557 2161.000000 46.486557
426.500000 2028 45.033321 2028.000000 45.033321
427.500000 2127 46.119410 2127.000000 46.119410
428.500000 2090 45.716518 2090.000000 45.716518
429.500000 1970 44.384682 1970.000000 44.384682
430.500000 1936 44.000000 1936.000000 44.000000
431.500000 2013 44.866469 2013.000000 44.866469
432.500000 1908 43.680659 1908.000000 43.680659
433.500000 1901 43.600459 1901.000000 43.600459
434.500000 1932 43.954522 1932.000000 43.954522
435.500000 1789 42.296572 1789.000000 42.296572
436.500000 1783 42.225585 1783.000000 42.225585
437.500000 1671 40.877867 1671.000000 40.877867
438.500000 1746 41.785165 1746.000000 41.785165
439.500000 1754 41.880783 1754.000000 41.880783
440.500000 1694 41.158231 1694.000000 41.158231
441.500000 1674 40.914545 1674.000000 40.914545
442.500000 1589 39.862263 1589.000000 39.862263
443.500000 1580 39.749214 1580.000000 39.749214
444.500000 1586 39.824616 1586.000000 39.824616
445.500000 1622 40.274061 1622.000000 40.274061
446.500000 1562 39.522146 1562.000000 39.522146
447.500000 1555 39.433488 1555.000000 39.433488
448.500000 1453 38.118237 1453.000000 38.118237
449.500000 1497 38.691084 1497.000000 38.691084
450.500000 1467 38.301436 1467.000000 38.301436
451.500000 1363 36.918830 1363.000000 36.918830
452.500000 1362 36.905284 1362.000000 36.905284
453.500000 1392 37.309516 1392.000000 37.309516
454.500000 1306 36.138622 1306.000000 36.138622
455.500000 1267 35.594943 1267.000000 35.594943
456.500000 1228 35.042831 1228.000000 35.042831
457.500000 1261 35.510562 1261.000000 35.510562
458.500000 1227 35.028560 1227.000000 35.028560
459.500000 1190 34.496377 1190.000000 34.496377
460.500000 1153 33.955854 1153.000000 33.955854
461.500000 1122 33.496268 1122.000000 33.496268
462.500000 1137 33.719431 1137.000000 33.719431
463.500000 1119 33.451457 1119.000000 33.451457
464.500000 1063 32.603681 1063.000000 32.603681
465.500000 1096 33.105891 1096.000000 33.105891
466.500000 1042 32.280025 1042.000000 32.280025
467.500000 1071 32.726136 1071.000000 32.726136
468.500000 992 31.496031 992.000000 31.496031
469.500000 1008 31.749016 1008.000000 31.749016
470.500000 991 31.480152 991.000000 31.480152
471.500000 1026 32.031235 1026.000000 32.031235
472.500000 899 29.983329 899.000000 29.983329
473.500000 911 30.182777 911.000000 30.182777
474.500000 878 29.631065 878.000000 29.631065
475.500000 886 29.765752 886.000000 29.765752
476.500000 874 29.563491 874.000000 29.563491
477.500000 970 31.144823 970.000000 31.144823
478.500000 898 29.966648 898.000000 29.966648
479.500000 885 29.748950 885.000000 29.748950
480.500000 783 27.982137 783.000000 27.982137
481.500000 874 29.563491 874.000000 29.563491
482.500000 820 28.635642 820.000000 28.635642
483.500000 882 29.698485 882.000000 29.698485
484.500000 801 28.301943 801.000000 28.301943
485.500000 768 27.712813 768.000000 27.712813
486.500000 725 26.925824 725.000000 26.925824
487.500000 780 27.928480 780.000000 27.928480
488.500000 802 28.319605 802.000000 28.319605
489.500000 785 28.017851 785.000000 28.017851
490.500000 697 26.400758 697.000000 26.400758
491.500000 725 26.925824 725.000000 26.925824
492.500000 729 27.000000 729.000000 27.000000
493.500000 728 26.981475 728.000000 26.981475
494.500000 710 26.645825 710.000000 26.645825
495.500000 709 26.627054 709.000000 26.627054
496.500000 709 26.627054 709.000000 26.627054
497.500000 756 27.495454 756.000000 27.495454
498.500000 660 25.690465 660.000000 25.690465
499.500000 715 26.739484 715.000000 26.739484
500.500000 648 25.455844 648.000000 25.455844
501.500000 711 26.664583 711.000000 26.664583
502.500000 658 25.651511 658.000000 25.651511
503.500000 676 26.000000 676.000000 26.000000
504.500000 683 26.134269 683.000000 26.134269
505.500000 661 25.709920 661.000000 25.709920
506.500000 664 25.768197 664.000000 25.768197
507.500000 673 25.942244 673.000000 25.942244
508.500000 635 25.199206 635.000000 25.199206
509.500000 669 25.865034 669.000000 25.865034
510.500000 622 24.939928 622.000000 24.939928
511.500000 670 25.884358 670.000000 25.884358
512.500000 605 24.596748 605.000000 24.596748
513.500000 616 24.819347 616.000000 24.819347
514.500000 701 26.476405 701.000000 26.476405
515.500000 579 24.062419 579.000000 24.062419
516.500000 617 24.839485 617.000000 24.839485
517.500000 619 24.879711 619.000000 24.879711
518.500000 620 24.899799 620.000000 24.899799
519.500000 645 25.396850 645.000000 25.396850
520.500000 643 25.357445 643.000000 25.357445
521.500000 609 24.677925 609.000000 24.677925
522.500000 606 24.617067 606.000000 24.617067
523.500000 628 25.059928 628.000000 25.059928
524.500000 599 24.474477 599.000000 24.474477
525.500000 615 24.799194 615.000000 24.799194
526.500000 597 24.433583 597.000000 24.433583
527.500000 663 25.748786 663.000000 25.748786
528.500000 610 24.698178 610.000000 24.698178
529.500000 603 24.556058 603.000000 24.556058
530.500000 624 24.979992 624.000000 24.979992
531.500000 552 23.494680 552.000000 23.494680
532.500000 545 23.345235 545.000000 23.345235
533.500000 579 24.062419 579.000000 24.062419
534.500000 620 24.899799 620.000000 24.899799
535.500000 575 23.979158 575.000000 23.979158
536.500000 588 24.248711 588.000000 24.248711
537.500000 583 24.145393 583.000000 24.145393
538.500000 578 24.041631 578.000000 24.041631
539.500000 556 23.579652 556.000000 23.579652
540.500000 536 23.151674 536.000000 23.151674
541.500000 529 23.000000 529.000000 23.000000
542.500000 574 23.958297 574.000000 23.958297
543.500000 573 23.937418 573.000000 23.937418
544.500000 586 24.207437 586.000000 24.207437
545.500000 551 23.473389 551.000000 23.473389
546.500000 507 22.516660 507.000000 22.516660
547.500000 583 24.145393 583.000000 24.145393
548.500000 564 23.748684 564.000000 23.748684
549.500000 563 23.727621 563.000000 23.727621
550.500000 556 23.579652 556.000000 23.579652
551.500000 566 23.790755 566.000000 23.790755
552.500000 575 23.979158 575.000000 23.979158
553.500000 583 24.145393 583.000000 24.145393
554.500000 594 24.372115 594.000000 24.372115
555.500000 564 23.748684 564.000000 23.748684
556.500000 542 23.280893 542.000000 23.280893
557.500000 542 23.280893 542.000000 23.280893
558.500000 567 23.811762 567.000000 23.811762
559.500000 534 23.108440 534.000000 23.108440
560.500000 471 21.702534 471.000000 21.702534
561.500000 541 23.259407 541.000000 23.259407
562.500000 539 23.216374 539.000000 23.216374
563.500000 510 22.583180 510.000000 22.583180
564.500000 538 23.194827 538.000000 23.194827
565.500000 574 23.958297 574.000000 23.958297
566.500000 515 22.693611 515.000000 22.693611
567.500000 518 22.759613 518.000000 22.759613
568.500000 527 22.956481 527.000000 22.956481
569.500000 535 23.130067 535.000000 23.130067
570.500000 508 22.538855 508.000000 22.538855
571.500000 526 22.934690 526.000000 22.934690
572.500000 528 22.978251 528.000000 22.978251
573.500000 480 21.908902 480.000000 21.908902
574.500000 529 23.000000 529.000000 23.000000
575.500000 492 22.181073 492.000000 22.181073
576.500000 501 22.383029 501.000000 22.383029
577.500000 481 21.931712 481.000000 21.931712
578.500000 493 22.203603 493.000000 22.203603
579.500000 541 23.259407 541.000000 23.259407
580.500000 524 22.891046 524.000000 22.891046
581.500000 526 22.934690 526.000000 22.934690
582.500000 528 22.978251 528.000000 22.978251
583.500000 497 22.293497 497.000000 22.293497
584.500000 506 22.494444 506.000000 22.494444
585.500000 510 22.583180 510.000000 22.583180
586.500000 542 23.280893 542.000000 23.280893
587.500000 512 22.627417 512.000000 22.627417
588.500000 516 22.715633 516.000000 22.715633
589.500000 527 22.956481 527.000000 22.956481
590.500000 518 22.759613 518.000000 22.759613
591.500000 500 22.360680 500.000000 22.360680
592.500000 500 22.360680 500.000000 22.360680
593.500000 453 21.283797 453.000000 21.283797
594.500000 469 21.656408 469.000000 21.656408
595.500000 488 22.090722 488.000000 22.090722
596.500000 520 22.803509 520.000000 22.803509
597.500000 452 21.260292 452.000000 21.260292
598.500000 478 21.863211 478.000000 21.863211
599.500000 500 22.360680 500.000000 22.360680
600.500000 459 21.424285 459.000000 21.424285
601.500000 494 22.226111 494.000000 22.226111
602.500000 500 22.360680 500.000000 22.360680
603.500000 467 21.610183 467.000000 21.610183
604.500000 488 22.090722 488.000000 22.090722
605.500000 440 20.976177 440.000000 20.976177
606.500000 444 21.071308 444.000000 21.071308
607.500000 447 21.142375 447.000000 21.142375
608.500000 458 21.400935 458.000000 21.400935
609.500000 467 21.610183 467.000000 21.610183
610.500000 445 21.095023 445.000000 21.095023
611.500000 444 21.071308 444.000000 21.071308
612.500000 481 21.931712 481.000000 21.931712
613.500000 420 20.493902 420.000000 20.493902
614.500000 496 22.271057 496.000000 22.271057
615.500000 445 21.095023 445.000000 21.095023
616.500000 440 20.976177 440.000000 20.976177
617.500000 480 21.908902 480.000000 21.908902
618.500000 408 20.199010 408.000000 20.199010
619.500000 451 21.236761 451.000000 21.236761
620.500000 445 21.095023 445.000000 21.095023
621.500000 457 21.377558 457.000000 21.377558
622.500000 429 20.712315 429.000000 20.712315
623.500000 456 21.354157 456.000000 21.354157
624.500000 452 21.260292 452.000000 21.260292
625.500000 415 20.371549 415.000000 20.371549
626.500000 434 20.832667 434.000000 20.832667
627.500000 418 20.445048 418.000000 20.445048
628.500000 409 20.223748 409.000000 20.223748
629.500000 441 21.000000 441.000000 21.000000
630.500000 420 20.493902 420.000000 20.493902
631.500000 435 20.856654 435.000000 20.856654
632.500000 419 20.469489 419.000000 20.469489
633.500000 431 20.760539 431.000000 20.760539
634.500000 410 20.248457 410.000000 20.248457
635.500000 436 20.880613 436.000000 20.880613
636.500000 370 19.235384 370.000000 19.235384
637.500000 441 21.000000 441.000000 21.000000
638.500000 400 20.000000 400.000000 20.000000
639.500000 415 20.371549 415.000000 20.371549
640.500000 396 19.899749 396.000000 19.899749
641.500000 396 19.899749 396.000000 19.899749
642.500000 366 19.131126 366.000000 19.131126
643.500000 379 19.467922 379.000000 19.467922
644.500000 389 19.723083 389.000000 19.723083
645.500000 374 19.339080 374.000000 19.339080
646.500000 417 20.420578 417.000000 20.420578
647.500000 383 19.570386 383.000000 19.570386
648.500000 384 19.595918 384.000000 19.595918
649.500000 375 19.364917 375.000000 19.364917
650.500000 360 18.973666 360.000000 18.973666
651.500000 380 19.493589 380.000000 19.493589
652.500000 360 18.973666 360.000000 18.973666
653.500000 373 19.313208 373.000000 19.313208
654.500000 392 19.798990 392.000000 19.798990
655.500000 386 19.646883 386.000000 19.646883
656.500000 376 19.390719 376.000000 19.390719
657.500000 341 18.466185 341.000000 18.466185
658.500000 365 19.104973 365.000000 19.104973
659.500000 334 18.275667 334.000000 18.275667
660.500000 379 19.467922 379.000000 19.467922
661.500000 338 18.384776 338.000000 18.384776
662.500000 355 18.841444 355.000000 18.841444
663.500000 346 18.601075 346.000000 18.601075
664.500000 355 18.841444 355.000000 18.841444
665.500000 351 18.734994 351.000000 18.734994
666.500000 359 18.947295 359.000000 18.947295
667.500000 330 18.165902 330.000000 18.165902
668.500000 346 18.601075 346.000000 18.601075
669.500000 332 18.220867 332.000000 18.220867
670.500000 343 18.520259 343.000000 18.520259
671.500000 377 19.416488 377.000000 19.416488
672.500000 308 17.549929 308.000000 17.549929
673.500000 356 18.867962 356.000000 18.867962
674.500000 338 18.384776 338.000000 18.384776
675.500000 336 18.330303 336.000000 18.330303
676.500000 326 18.055470 326.000000 18.055470
677.500000 351 18.734994 351.000000 18.734994
678.500000 331 18.193405 331.000000 18.193405
679.500000 318 17.832555 318.000000 17.832555
680.500000 300 17.320508 300.000000 17.320508
681.500000 344 18.547237 344.000000 18.547237
682.500000 295 17.175564 295.000000 17.175564
683.500000 348 18.654758 348.000000 18.654758
684.500000 345 18.574176 345.000000 18.574176
685.500000 297 17.233688 297.000000 17.233688
686.500000 317 17.804494 317.000000 17.804494
687.500000 312 17.663522 312.000000 17.663522
688.500000 299 17.291616 299.000000 17.291616
689.500000 312 17.663522 312.000000 17.663522
690.500000 314 17.720045 314.000000 17.720045
691.500000 287 16.941074 287.000000 16.941074
692.500000 304 17.435596 304.000000 17.435596
693.500000 364 19.078784 364.000000 19.078784
694.500000 287 16.941074 287.000000 16.941074
695.500000 306 17.492856 306.000000 17.492856
696.500000 329 18.138357 329.000000 18.138357
697.500000 329 18.138357 329.000000 18.138357
698.500000 307 17.521415 307.000000 17.521415
699.500000 349 18.681542 349.000000 18.681542
700.500000 315 17.748239 315.000000 17.748239
701.500000 312 17.663522 312.000000 17.663522
702.500000 316 17.776389 316.000000 17.776389
703.500000 285 16.881943 285.000000 16.881943
704.500000 314 17.720045 314.000000 17.720045
705.500000 301 17.349352 301.000000 17.349352
706.500000 261 16.155494 261.000000 16.155494
707.500000 298 17.262677 298.000000 17.262677
708.500000 306 17.492856 306.000000 17.492856
709.500000 254 15.937377 254.000000 15.937377
710.500000 281 16.763055 281.000000 16.763055
711.500000 273 16.522712 273.000000 16.522712
712.500000 290 17.029386 290.000000 17.029386
713.500000 288 16.970563 288.000000 16.970563
714.500000 312 17.663522 312.000000 17.663522
715.500000 316 17.776389 316.000000 17.776389
716.500000 293 17.117243 293.000000 17.117243
717.500000 289 17.000000 289.000000 17.000000
718.500000 289 17.000000 289.000000 17.000000
719.500000 292 17.088007 292.000000 17.088007
720.500000 276 16.613248 276.000000 16.613248
721.500000 297 17.233688 297.000000 17.233688
722.500000 325 18.027756 325.000000 18.027756
723.500000 301 17.349352 301.000000 17.349352
724.500000 326 18.055470 326.000000 18.055470
725.500000 282 16.792856 282.000000 16.792856
726.500000 262 16.186414 262.000000 16.186414
727.500000 270 16.431677 270.000000 16.431677
728.500000 321 17.916473 321.000000 17.916473
729.500000 333 18.248288 333.000000 18.248288
730.500000 288 16.970563 288.000000 16.970563
731.500000 268 16.370706 268.000000 16.370706
732.500000 280 16.733201 280.000000 16.733201
733.500000 258 16.062378 258.000000 16.062378
734.500000 273 16.522712 273.000000 16.522712
735.500000 291 17.058722 291.000000 17.058722
736.500000 324 18.000000 324.000000 18.000000
737.500000 310 17.606817 310.000000 17.606817
738.500000 302 17.378147 302.000000 17.378147
739.500000 275 16.583124 275.000000 16.583124
740.500000 256 16.000000 256.000000 16.000000
741.500000 236 15.362291 236.000000 15.362291
742.500000 281 16.763055 281.000000 16.763055
743.500000 275 16.583124 275.000000 16.583124
744.500000 285 16.881943 285.000000 16.881943
745.500000 303 17.406895 303.000000 17.406895
746.500000 292 17.088007 292.000000 17.088007
747.500000 291 17.058722 291.000000 17.058722
748.500000 281 16.763055 281.000000 16.763055
749.500000 277 16.643317 277.000000 16.643317
750.500000 289 17.000000 289.000000 17.000000
751.500000 293 17.117243 293.000000 17.117243
752.500000 306 17.492856 306.000000 17.492856
753.500000 278 16.673332 278.000000 16.673332
754.500000 278 16.673332 278.000000 16.673332
755.500000 286 16.911535 286.000000 16.911535
756.500000 282 16.792856 282.000000 16.792856
757.500000 287 16.941074 287.000000 16.941074
758.500000 288 16.970563 288.000000 16.970563
759.500000 296 17.204651 296.000000 17.204651
760.500000 286 16.911535 286.000000 16.911535
761.500000 281 16.763055 281.000000 16.763055
762.500000 281 16.763055 281.000000 16.763055
763.500000 299 17.291616 299.000000 17.291616
764.500000 329 18.138357 329.000000 18.138357
765.500000 241 15.524175 241.000000 15.524175
766.500000 278 16.673332 278.000000 16.673332
767.500000 286 16.911535 286.000000 16.911535
768.500000 260 16.124515 260.000000 16.124515
769.500000 285 16.881943 285.000000 16.881943
770.500000 281 16.763055 281.000000 16.763055
771.500000 320 17.888544 320.000000 17.888544
772.500000 293 17.117243 293.000000 17.117243
773.500000 288 16.970563 288.000000 16.970563
774.500000 327 18.083141 327.000000 18.083141
775.500000 264 16.248077 264.000000 16.248077
776.500000 287 16.941074 287.000000 16.941074
777.500000 312 17.663522 312.000000 17.663522
778.500000 291 17.058722 291.000000 17.058722
779.500000 311 17.635192 311.000000 17.635192
780.500000 302 17.378147 302.000000 17.378147
781.500000 288 16.970563 288.000000 16.970563
782.500000 299 17.291616 299.000000 17.291616
783.500000 257 16.031220 257.000000 16.031220
784.500000 244 15.620499 244.000000 15.620499
785.500000 295 17.175564 295.000000 17.175564
786.500000 266 16.309506 266.000000 16.309506
787.500000 247 15.716234 247.000000 15.716234
788.500000 268 16.370706 268.000000 16.370706
789.500000 312 17.663522 312.000000 17.663522
790.500000 276 16.613248 276.000000 16.613248
791.500000 284 16.852300 284.000000 16.852300
792.500000 288 16.970563 288.000000 16.970563
793.500000 274 16.552945 274.000000 16.552945
794.500000 330 18.165902 330.000000 18.165902
795.500000 292 17.088007 292.000000 17.088007
796.500000 292 17.088007 292.000000 17.088007
797.500000 272 16.492423 272.000000 16.492423
798.500000 302 17.378147 302.000000 17.378147
799.500000 304 17.435596 304.000000 17.435596
800.500000 259 16.093477 259.000000 16.093477
801.500000 278 16.673332 278.000000 16.673332
802.500000 297 17.233688 297.000000 17.233688
803.500000 290 17.029386 290.000000 17.029386
804.500000 280 16.733201 280.000000 16.733201
805.500000 270 16.431677 270.000000 16.431677
806.500000 277 16.643317 277.000000 16.643317
807.500000 288 16.970563 288.000000 16.970563
808.500000 297 17.233688 297.000000 17.233688
809.500000 293 17.117243 293.000000 17.117243
810.500000 300 17.320508 300.000000 17.320508
811.500000 269 16.401219 269.000000 16.401219
812.500000 297 17.233688 297.000000 17.233688
813.500000 280 16.733201 280.000000 16.733201
814.500000 251 15.842980 251.000000 15.842980
815.500000 249 15.779734 249.000000 15.779734
816.500000 284 16.852300 284.000000 16.852300
817.500000 287 16.941074 287.000000 16.941074
818.500000 280 16.733201 280.000000 16.733201
819.500000 274 16.552945 274.000000 16.552945
820.500000 276 16.613248 276.000000 16.613248
821.500000 270 16.431677 270.000000 16.431677
822.500000 271 16.462078 271.000000 16.462078
823.500000 293 17.117243 293.000000 17.117243
824.500000 275 16.583124 275.000000 16.583124
825.500000 280 16.733201 280.000000 16.733201
826.500000 251 15.842980 251.000000 15.842980
827.500000 261 16.155494 261.000000 16.155494
828.500000 278 16.673332 278.000000 16.673332
829.500000 255 15.968719 255.000000 15.968719
830.500000 251 15.842980 251.000000 15.842980
831.500000 249 15.779734 249.000000 15.779734
832.500000 271 16.462078 271.000000 16.462078
833.500000 228 15.099669 228.000000 15.099669
834.500000 234 15.297059 234.000000 15.297059
835.500000 225 15.000000 225.000000 15.000000
836.500000 283 16.822604 283.000000 16.822604
837.500000 255 15.968719 255.000000 15.968719
838.500000 207 14.387495 207.000000 14.387495
839.500000 286 16.911535 286.000000 16.911535
840.500000 273 16.522712 273.000000 16.522712
841.500000 270 16.431677 270.000000 16.431677
842.500000 291 17.058722 291.000000 17.058722
843.500000 256 16.000000 256.000000 16.000000
844.500000 233 15.264338 233.000000 15.264338
845.500000 225 15.000000 225.000000 15.000000
846.500000 216 14.696938 216.000000 14.696938
847.500000 237 15.394804 237.000000 15.394804
848.500000 234 15.297059 234.000000 15.297059
849.500000 240 15.491933 240.000000 15.491933
850.500000 211 14.525839 211.000000 14.525839
851.500000 225 15.000000 225.000000 15.000000
852.500000 196 14.000000 196.000000 14.000000
853.500000 213 14.594520 213.000000 14.594520
854.500000 208 14.422205 208.000000 14.422205
855.500000 220 14.832397 220.000000 14.832397
856.500000 229 15.132746 229.000000 15.132746
857.500000 189 13.747727 189.000000 13.747727
858.500000 213 14.594520 213.000000 14.594520
859.500000 224 14.966630 224.000000 14.966630
860.500000 195 13.964240 195.000000 13.964240
861.500000 199 14.106736 199.000000 14.106736
862.500000 193 13.892444 193.000000 13.892444
863.500000 211 14.525839 211.000000 14.525839
864.500000 186 13.638182 186.000000 13.638182
865.500000 201 14.177447 201.000000 14.177447
866.500000 177 13.304135 177.000000 13.304135
867.500000 182 13.490738 182.000000 13.490738
868.500000 174 13.190906 174.000000 13.190906
869.500000 184 13.564660 184.000000 13.564660
870.500000 195 13.964240 195.000000 13.964240
871.500000 181 13.453624 181.000000 13.453624
872.500000 172 13.114877 172.000000 13.114877
873.500000 184 13.564660 184.000000 13.564660
874.500000 165 12.845233 165.000000 12.845233
875.500000 191 13.820275 191.000000 13.820275
876.500000 169 13.000000 169.000000 13.000000
877.500000 164 12.806248 164.000000 12.806248
878.500000 191 13.820275 191.000000 13.820275
879.500000 149 12.206556 149.000000 12.206556
880.500000 169 13.000000 169.000000 13.000000
881.500000 135 11.618950 135.000000 11.618950
882.500000 150 12.247449 150.000000 12.247449
883.500000 156 12.489996 156.000000 12.489996
884.500000 159 12.609520 159.000000 12.609520
885.500000 181 13.453624 181.000000 13.453624
886.500000 141 11.874342 141.000000 11.874342
887.500000 149 12.206556 149.000000 12.206556
888.500000 157 12.529964 157.000000 12.529964
889.500000 133 11.532563 133.000000 11.532563
890.500000 141 11.874342 141.000000 11.874342
891.500000 153 12.369317 153.000000 12.369317
892.500000 130 11.401754 130.000000 11.401754
893.500000 149 12.206556 149.000000 12.206556
894.500000 153 12.369317 153.000000 12.369317
895.500000 129 11.357817 129.000000 11.357817
896.500000 153 12.369317 153.000000 12.369317
897.500000 129 11.357817 129.000000 11.357817
898.500000 124 11.135529 124.000000 11.135529
899.500000 126 11.224972 126.000000 11.224972
900.500000 156 12.489996 156.000000 12.489996
901.500000 150 12.247449 150.000000 12.247449
902.500000 112 10.583005 112.000000 10.583005
903.500000 115 10.723805 115.000000 10.723805
904.500000 109 10.440307 109.000000 10.440307
905.500000 128 11.313708 128.000000 11.313708
906.500000 125 11.180340 125.000000 11.180340
907.500000 114 10.677078 114.000000 10.677078
908.500000 105 10.246951 105.000000 10.246951
909.500000 122 11.045361 122.000000 11.045361
910.500000 112 10.583005 112.000000 10.583005
911.500000 130 11.401754 130.000000 11.401754
912.500000 113 10.630146 113.000000 10.630146
913.500000 109 10.440307 109.000000 10.440307
914.500000 104 10.198039 104.000000 10.198039
915.500000 125 11.180340 125.000000 11.180340
916.500000 98 9.899495 98.000000 9.899495
917.500000 105 10.246951 105.000000 10.246951
918.500000 109 10.440307 109.000000 10.440307
919.500000 122 11.045361 122.000000 11.045361
920.500000 87 9.327379 87.000000 9.327379
921.500000 91 9.539392 91.000000 9.539392
922.500000 108 10.392305 108.000000 10.392305
923.500000 126 11.224972 126.000000 11.224972
924.500000 107 10.344080 107.000000 10.344080
925.500000 108 10.392305 108.000000 10.392305
926.500000 105 10.246951 105.000000 10.246951
927.500000 91 9.539392 91.000000 9.539392
928.500000 86 9.273618 86.000000 9.273618
929.500000 85 9.219544 85.000000 9.219544
930.500000 93 9.643651 93.000000 9.643651
931.500000 111 10.535654 111.000000 10.535654
932.500000 90 9.486833 90.000000 9.486833
933.500000 105 10.246951 105.000000 10.246951
934.500000 74 8.602325 74.000000 8.602325
935.500000 88 9.380832 88.000000 9.380832
936.500000 102 10.099505 102.000000 10.099505
937.500000 78 8.831761 78.000000 8.831761
938.500000 95 9.746794 95.000000 9.746794
939.500000 91 9.539392 91.000000 9.539392
940.500000 92 9.591663 92.000000 9.591663
941.500000 66 8.124038 66.000000 8.124038
942.500000 81 9.000000 81.000000 9.000000
943.500000 80 8.944272 80.000000 8.944272
944.500000 91 9.539392 91.000000 9.539392
945.500000 81 9.000000 81.000000 9.000000
946.500000 60 7.745967 60.000000 7.745967
947.500000 88 9.380832 88.000000 9.380832
948.500000 77 8.774964 77.000000 8.774964
949.500000 85 9.219544 85.000000 9.219544
950.500000 76 8.717798 76.000000 8.717798
951.500000 73 8.544004 73.000000 8.544004
952.500000 79 8.888194 79.000000 8.888194
953.500000 80 8.944272 80.000000 8.944272
954.500000 68 8.246211 68.000000 8.246211
955.500000 83 9.110434 83.000000 9.110434
956.500000 70 8.366600 70.000000 8.366600
957.500000 78 8.831761 78.000000 8.831761
958.500000 52 7.211103 52.000000 7.211103
959.500000 74 8.602325 74.000000 8.602325
960.500000 69 8.306624 69.000000 8.306624
961.500000 75 8.660254 75.000000 8.660254
962.500000 69 8.306624 69.000000 8.306624
963.500000 47 6.855655 47.000000 6.855655
964.500000 56 7.483315 56.000000 7.483315
965.500000 72 8.485281 72.000000 8.485281
966.500000 67 8.185353 67.000000 8.185353
967.500000 50 7.071068 50.000000 7.071068
968.500000 60 7.745967 60.000000 7.745967
969.500000 73 8.544004 73.000000 8.544004
970.500000 72 8.485281 72.000000 8.485281
971.500000 72 8.485281 72.000000 8.485281
972.500000 44 6.633250 44.000000 6.633250
973.500000 59 7.681146 59.000000 7.681146
974.500000 50 7.071068 50.000000 7.071068
975.500000 63 7.937254 63.000000 7.937254
976.500000 69 8.306624 69.000000 8.306624
977.500000 77 8.774964 77.000000 8.774964
978.500000 44 6.633250 44.000000 6.633250
979.500000 56 7.483315 56.000000 7.483315
980.500000 55 7.416198 55.000000 7.416198
981.500000 43 6.557439 43.000000 6.557439
982.500000 67 8.185353 67.000000 8.185353
983.500000 52 7.211103 52.000000 7.211103
984.500000 53 7.280110 53.000000 7.280110
985.500000 46 6.782330 46.000000 6.782330
986.500000 44 6.633250 44.000000 6.633250
987.500000 58 7.615773 58.000000 7.615773
988.500000 30 5.477226 30.000000 5.477226
989.500000 54 7.348469 54.000000 7.348469
990.500000 49 7.000000 49.000000 7.000000
991.500000 38 6.164414 38.000000 6.164414
992.500000 44 6.633250 44.000000 6.633250
993.500000 58 7.615773 58.000000 7.615773
994.500000 43 6.557439 43.000000 6.557439
995.500000 37 6.082763 37.000000 6.082763
996.500000 60 7.745967 60.000000 7.745967
997.500000 35 5.916080 35.000000 5.916080
998.500000 51 7.141428 51.000000 7.141428
999.500000 45 6.708204 45.000000 6.708204
1000.500000 49 7.000000 49.000000 7.000000
1001.500000 37 6.082763 37.000000 6.082763
1002.500000 50 7.071068 50.000000 7.071068
1003.500000 53 7.280110 53.000000 7.280110
1004.500000 43 6.557439 43.000000 6.557439
1005.500000 42 6.480741 42.000000 6.480741
1006.500000 29 5.385165 29.000000 5.385165
1007.500000 42 6.480741 42.000000 6.480741
1008.500000 29 5.385165 29.000000 5.385165
1009.500000 55 7.416198 55.000000 7.416198
1010.500000 44 6.633250 44.000000 6.633250
1011.500000 48 6.928203 48.000000 6.928203
1012.500000 45 6.708204 45.000000 6.708204
1013.500000 37 6.082763 37.000000 6.082763
1014.500000 31 5.567764 31.000000 5.567764
1015.500000 35 5.916080 35.000000 5.916080
1016.500000 51 7.141428 51.000000 7.141428
1017.500000 46 6.782330 46.000000 6.782330
1018.500000 40 6.324555 40.000000 6.324555
1019.500000 41 6.403124 41.000000 6.403124
1020.500000 32 5.656854 32.000000 5.656854
1021.500000 28 5.291503 28.000000 5.291503
1022.500000 37 6.082763 37.000000 6.082763
1023.500000 25 5.000000 25.000000 5.000000
