# Ba133 16416 16416 0.0513834 0.007804881763180782 128.12493902437572
-0.352808 0 0.000000 0.000000 0.000000
-0.301425 0 0.000000 0.000000 0.000000
-0.250042 0 0.000000 0.000000 0.000000
-0.198658 0 0.000000 0.000000 0.000000
-0.147275 0 0.000000 0.000000 0.000000
-0.095891 0 0.000000 0.000000 0.000000
-0.044508 0 0.000000 0.000000 0.000000
0.006876 2 0.707107 0.000122 0.000043
0.058259 7 0.377964 0.000426 0.000023
0.109642 37 0.164399 0.002254 0.000020
0.161026 113 0.094072 0.006884 0.000054
0.212409 220 0.067420 0.013402 0.000105
0.263793 473 0.045980 0.028813 0.000225
0.315176 958 0.032309 0.058358 0.000455
0.366559 1683 0.024376 0.102522 0.000800
0.417943 2897 0.018579 0.176474 0.001377
0.469326 4233 0.015370 0.257858 0.002013
0.520710 5997 0.012913 0.365314 0.002851
0.572093 7529 0.011525 0.458638 0.003580
0.623476 9118 0.010472 0.555434 0.004335
0.674860 10530 0.009745 0.641447 0.005006
0.726243 11732 0.009232 0.714669 0.005578
0.777626 12704 0.008872 0.773879 0.006040
0.829010 13212 0.008700 0.804825 0.006282
0.880393 13614 0.008571 0.829313 0.006473
0.931777 13791 0.008515 0.840095 0.006557
0.983160 14004 0.008450 0.853070 0.006658
1.034543 14009 0.008449 0.853375 0.006660
1.085927 14097 0.008422 0.858735 0.006702
1.137310 14521 0.008299 0.884564 0.006904
1.188694 14942 0.008181 0.910210 0.007104
1.240077 15296 0.008086 0.931774 0.007272
1.291460 15490 0.008035 0.943592 0.007365
1.342844 15846 0.007944 0.965278 0.007534
1.394227 16111 0.007878 0.981421 0.007660
1.445611 16416 0.007805 1.000000 0.007805
1.496994 16182 0.007861 0.985746 0.007694
1.548377 16308 0.007831 0.993421 0.007754
1.599761 15885 0.007934 0.967654 0.007552
1.651144 15879 0.007936 0.967288 0.007550
1.702528 15550 0.008019 0.947247 0.007393
1.753911 14951 0.008178 0.910758 0.007108
1.805295 14161 0.008403 0.862634 0.006733
1.856678 13226 0.008695 0.805677 0.006288
1.908061 12428 0.008970 0.757066 0.005909
1.959445 11849 0.009187 0.721796 0.005634
2.010828 10830 0.009609 0.659722 0.005149
2.062212 9704 0.010151 0.591131 0.004614
2.113595 8756 0.010687 0.533382 0.004163
2.164978 7957 0.011211 0.484710 0.003783
2.216362 7139 0.011835 0.434881 0.003394
2.267745 6608 0.012302 0.402534 0.003142
2.319129 5763 0.013173 0.351060 0.002740
2.370512 5160 0.013921 0.314327 0.002453
2.421895 4667 0.014638 0.284296 0.002219
2.473279 4242 0.015354 0.258406 0.002017
2.524662 3792 0.016239 0.230994 0.001803
2.576046 3378 0.017206 0.205775 0.001606
2.627429 3078 0.018025 0.187500 0.001463
2.678812 2969 0.018352 0.180860 0.001412
2.730196 2756 0.019048 0.167885 0.001310
2.781579 2493 0.020028 0.151864 0.001185
2.832963 2418 0.020336 0.147295 0.001150
2.884346 2403 0.020400 0.146382 0.001142
2.935729 2255 0.021058 0.137366 0.001072
2.987113 2180 0.021418 0.132797 0.001036
3.038496 2126 0.021688 0.129508 0.001011
3.089880 2060 0.022033 0.125487 0.000979
3.141263 2116 0.021739 0.128899 0.001006
3.192646 2008 0.022316 0.122320 0.000955
3.244030 2071 0.021974 0.126157 0.000985
3.295413 1997 0.022377 0.121650 0.000949
3.346797 2059 0.022038 0.125426 0.000979
3.398180 2092 0.021863 0.127437 0.000995
3.449563 2063 0.022017 0.125670 0.000981
3.500947 2044 0.022119 0.124513 0.000972
3.552330 1984 0.022451 0.120858 0.000943
3.603714 2066 0.022001 0.125853 0.000982
3.655097 2114 0.021749 0.128777 0.001005
3.706480 2032 0.022184 0.123782 0.000966
3.757864 2131 0.021662 0.129812 0.001013
3.809247 2083 0.021911 0.126888 0.000990
3.860631 2087 0.021890 0.127132 0.000992
3.912014 2118 0.021729 0.129020 0.001007
3.963397 2003 0.022344 0.122015 0.000952
4.014781 1997 0.022377 0.121650 0.000949
4.066164 2110 0.021770 0.128533 0.001003
4.117548 2052 0.022076 0.125000 0.000976
4.168931 2126 0.021688 0.129508 0.001011
4.220314 2125 0.021693 0.129447 0.001010
4.271698 2109 0.021775 0.128472 0.001003
4.323081 2137 0.021632 0.130178 0.001016
4.374465 2117 0.021734 0.128960 0.001007
4.425848 2032 0.022184 0.123782 0.000966
4.477231 2153 0.021552 0.131153 0.001024
4.528615 2073 0.021963 0.126279 0.000986
4.579998 2098 0.021832 0.127802 0.000997
4.631381 2110 0.021770 0.128533 0.001003
4.682765 2073 0.021963 0.126279 0.000986
4.734148 2072 0.021969 0.126218 0.000985
4.785532 2098 0.021832 0.127802 0.000997
4.836915 2083 0.021911 0.126888 0.000990
4.888299 2092 0.021863 0.127437 0.000995
4.939682 2061 0.022027 0.125548 0.000980
4.991065 1911 0.022875 0.116411 0.000909
5.042449 2049 0.022092 0.124817 0.000974
5.093832 1926 0.022786 0.117325 0.000916
5.145216 1970 0.022530 0.120005 0.000937
5.196599 1878 0.023076 0.114401 0.000893
5.247982 1849 0.023256 0.112634 0.000879
5.299366 1741 0.023966 0.106055 0.000828
5.350749 1685 0.024361 0.102644 0.000801
5.402133 1669 0.024478 0.101669 0.000794
5.453516 1595 0.025039 0.097161 0.000758
5.504899 1546 0.025433 0.094176 0.000735
5.556283 1520 0.025649 0.092593 0.000723
5.607666 1379 0.026929 0.084003 0.000656
5.659050 1337 0.027349 0.081445 0.000636
5.710433 1341 0.027308 0.081689 0.000638
5.761816 1188 0.029013 0.072368 0.000565
5.813200 1116 0.029934 0.067982 0.000531
5.864583 1149 0.029501 0.069993 0.000546
5.915967 1119 0.029894 0.068165 0.000532
5.967350 1009 0.031481 0.061464 0.000480
6.018733 954 0.032376 0.058114 0.000454
6.070117 886 0.033596 0.053972 0.000421
6.121500 913 0.033095 0.055616 0.000434
6.172884 794 0.035489 0.048367 0.000378
6.224267 769 0.036061 0.046845 0.000366
6.275650 778 0.035852 0.047393 0.000370
6.327034 695 0.037932 0.042337 0.000330
6.378417 703 0.037716 0.042824 0.000334
6.429801 654 0.039103 0.039839 0.000311
6.481184 710 0.037529 0.043250 0.000338
6.532567 690 0.038069 0.042032 0.000328
6.583951 641 0.039498 0.039047 0.000305
6.635334 644 0.039406 0.039230 0.000306
6.686718 649 0.039253 0.039535 0.000309
6.738101 669 0.038662 0.040753 0.000318
6.789484 669 0.038662 0.040753 0.000318
6.840868 605 0.040656 0.036854 0.000288
6.892251 694 0.037959 0.042276 0.000330
6.943634 637 0.039621 0.038804 0.000303
6.995018 624 0.040032 0.038012 0.000297
7.046401 622 0.040096 0.037890 0.000296
7.097785 663 0.038837 0.040387 0.000315
7.149168 619 0.040193 0.037707 0.000294
7.200552 637 0.039621 0.038804 0.000303
7.251935 652 0.039163 0.039717 0.000310
7.303318 585 0.041345 0.035636 0.000278
7.354702 713 0.037450 0.043433 0.000339
7.406085 636 0.039653 0.038743 0.000302
7.457469 736 0.036860 0.044834 0.000350
7.508852 733 0.036936 0.044652 0.000349
7.560235 683 0.038264 0.041606 0.000325
7.611619 727 0.037088 0.044286 0.000346
7.663002 694 0.037959 0.042276 0.000330
7.714386 707 0.037609 0.043068 0.000336
7.765769 696 0.037905 0.042398 0.000331
7.817152 746 0.036613 0.045443 0.000355
7.868536 720 0.037268 0.043860 0.000342
7.919919 714 0.037424 0.043494 0.000339
7.971303 780 0.035806 0.047515 0.000371
8.022686 745 0.036637 0.045383 0.000354
8.074069 744 0.036662 0.045322 0.000354
8.125453 734 0.036911 0.044712 0.000349
8.176836 773 0.035968 0.047088 0.000368
8.228219 787 0.035646 0.047941 0.000374
8.279603 708 0.037582 0.043129 0.000337
8.330986 774 0.035944 0.047149 0.000368
8.382370 819 0.034943 0.049890 0.000389
8.433753 764 0.036179 0.046540 0.000363
8.485136 750 0.036515 0.045687 0.000357
8.536520 791 0.035556 0.048185 0.000376
8.587903 775 0.035921 0.047210 0.000368
8.639287 838 0.034544 0.051048 0.000398
8.690670 811 0.035115 0.049403 0.000386
8.742054 820 0.034922 0.049951 0.000390
8.793437 832 0.034669 0.050682 0.000396
8.844820 832 0.034669 0.050682 0.000396
8.896204 797 0.035422 0.048550 0.000379
8.947587 851 0.034280 0.051840 0.000405
8.998970 761 0.036250 0.046357 0.000362
9.050354 807 0.035202 0.049159 0.000384
9.101737 844 0.034421 0.051413 0.000401
9.153121 775 0.035921 0.047210 0.000368
9.204504 847 0.034360 0.051596 0.000403
9.255888 790 0.035578 0.048124 0.000376
9.307271 805 0.035245 0.049038 0.000383
9.358654 795 0.035466 0.048428 0.000378
9.410038 815 0.035028 0.049647 0.000387
9.461421 789 0.035601 0.048063 0.000375
9.512804 782 0.035760 0.047636 0.000372
9.564188 741 0.036736 0.045139 0.000352
9.615571 721 0.037242 0.043921 0.000343
9.666955 734 0.036911 0.044712 0.000349
9.718338 732 0.036961 0.044591 0.000348
9.769721 791 0.035556 0.048185 0.000376
9.821105 718 0.037320 0.043738 0.000341
9.872488 702 0.037743 0.042763 0.000334
9.923872 729 0.037037 0.044408 0.000347
9.975255 708 0.037582 0.043129 0.000337
10.026639 636 0.039653 0.038743 0.000302
10.078022 666 0.038749 0.040570 0.000317
10.129405 678 0.038405 0.041301 0.000322
10.180789 681 0.038320 0.041484 0.000324
10.232172 639 0.039559 0.038925 0.000304
10.283555 645 0.039375 0.039291 0.000307
10.334939 675 0.038490 0.041118 0.000321
10.386322 679 0.038376 0.041362 0.000323
10.437706 655 0.039073 0.039900 0.000311
10.489089 616 0.040291 0.037524 0.000293
10.540472 588 0.041239 0.035819 0.000280
10.591856 607 0.040589 0.036976 0.000289
10.643239 613 0.040390 0.037342 0.000291
10.694623 602 0.040757 0.036672 0.000286
10.746006 598 0.040893 0.036428 0.000284
10.797390 648 0.039284 0.039474 0.000308
10.848773 561 0.042220 0.034174 0.000267
10.900156 570 0.041885 0.034722 0.000271
10.951540 549 0.042679 0.033443 0.000261
11.002923 536 0.043193 0.032651 0.000255
11.054306 557 0.042371 0.033930 0.000265
11.105690 537 0.043153 0.032712 0.000255
11.157073 501 0.044677 0.030519 0.000238
11.208457 501 0.044677 0.030519 0.000238
11.259840 474 0.045932 0.028874 0.000225
11.311224 424 0.048564 0.025828 0.000202
11.362607 509 0.044324 0.031006 0.000242
11.413990 476 0.045835 0.028996 0.000226
11.465374 457 0.046778 0.027839 0.000217
11.516757 426 0.048450 0.025950 0.000203
11.568141 414 0.049147 0.025219 0.000197
11.619524 404 0.049752 0.024610 0.000192
11.670907 439 0.047727 0.026742 0.000209
11.722291 391 0.050572 0.023818 0.000186
11.773674 397 0.050189 0.024184 0.000189
11.825057 411 0.049326 0.025037 0.000195
11.876441 404 0.049752 0.024610 0.000192
11.927824 392 0.050508 0.023879 0.000186
11.979208 410 0.049386 0.024976 0.000195
12.030591 378 0.051434 0.023026 0.000180
12.081975 412 0.049266 0.025097 0.000196
12.133358 354 0.053149 0.021564 0.000168
12.184741 351 0.053376 0.021382 0.000167
12.236125 351 0.053376 0.021382 0.000167
12.287508 367 0.052200 0.022356 0.000175
12.338891 357 0.052926 0.021747 0.000170
12.390275 360 0.052705 0.021930 0.000171
12.441658 373 0.051778 0.022722 0.000177
12.493042 360 0.052705 0.021930 0.000171
12.544425 336 0.054554 0.020468 0.000160
12.595809 347 0.053683 0.021138 0.000165
12.647192 342 0.054074 0.020833 0.000163
12.698575 322 0.055728 0.019615 0.000153
12.749959 299 0.057831 0.018214 0.000142
12.801342 333 0.054800 0.020285 0.000158
12.852726 337 0.054473 0.020529 0.000160
12.904109 327 0.055300 0.019920 0.000156
12.955492 302 0.057544 0.018397 0.000144
13.006876 306 0.057166 0.018640 0.000146
13.058259 317 0.056166 0.019310 0.000151
13.109642 300 0.057735 0.018275 0.000143
13.161026 281 0.059655 0.017117 0.000134
13.212409 314 0.056433 0.019128 0.000149
13.263793 264 0.061546 0.016082 0.000126
13.315176 300 0.057735 0.018275 0.000143
13.366560 296 0.058124 0.018031 0.000141
13.417943 316 0.056254 0.019250 0.000150
13.469326 245 0.063888 0.014924 0.000117
13.520710 283 0.059444 0.017239 0.000135
13.572093 263 0.061663 0.016021 0.000125
13.623476 300 0.057735 0.018275 0.000143
13.674860 298 0.057928 0.018153 0.000142
13.726243 295 0.058222 0.017970 0.000140
13.777627 252 0.062994 0.015351 0.000120
13.829010 283 0.059444 0.017239 0.000135
13.880394 278 0.059976 0.016935 0.000132
13.931777 285 0.059235 0.017361 0.000136
13.983160 265 0.061430 0.016143 0.000126
14.034544 259 0.062137 0.015777 0.000123
14.085927 279 0.059868 0.016996 0.000133
14.137310 245 0.063888 0.014924 0.000117
14.188694 278 0.059976 0.016935 0.000132
14.240077 275 0.060302 0.016752 0.000131
14.291461 258 0.062257 0.015716 0.000123
14.342844 275 0.060302 0.016752 0.000131
14.394227 283 0.059444 0.017239 0.000135
14.445611 284 0.059339 0.017300 0.000135
14.496994 278 0.059976 0.016935 0.000132
14.548378 249 0.063372 0.015168 0.000118
14.599761 289 0.058824 0.017605 0.000137
14.651145 278 0.059976 0.016935 0.000132
14.702528 263 0.061663 0.016021 0.000125
14.753911 259 0.062137 0.015777 0.000123
14.805295 269 0.060971 0.016386 0.000128
14.856678 249 0.063372 0.015168 0.000118
14.908061 247 0.063628 0.015046 0.000117
14.959445 253 0.062869 0.015412 0.000120
15.010828 245 0.063888 0.014924 0.000117
15.062212 232 0.065653 0.014133 0.000110
15.113595 251 0.063119 0.015290 0.000119
15.164979 213 0.068519 0.012975 0.000101
15.216362 236 0.065094 0.014376 0.000112
15.267745 243 0.064150 0.014803 0.000116
15.319129 243 0.064150 0.014803 0.000116
15.370512 267 0.061199 0.016265 0.000127
15.421896 255 0.062622 0.015534 0.000121
15.473279 231 0.065795 0.014072 0.000110
15.524662 223 0.066965 0.013584 0.000106
15.576046 247 0.063628 0.015046 0.000117
15.627429 268 0.061085 0.016326 0.000127
15.678813 220 0.067420 0.013402 0.000105
15.730196 225 0.066667 0.013706 0.000107
15.781579 243 0.064150 0.014803 0.000116
15.832963 240 0.064550 0.014620 0.000114
15.884346 260 0.062017 0.015838 0.000124
15.935729 238 0.064820 0.014498 0.000113
15.987113 237 0.064957 0.014437 0.000113
16.038496 224 0.066815 0.013645 0.000107
16.089880 220 0.067420 0.013402 0.000105
16.141263 222 0.067116 0.013523 0.000106
16.192647 234 0.065372 0.014254 0.000111
16.244030 243 0.064150 0.014803 0.000116
16.295413 240 0.064550 0.014620 0.000114
16.346797 231 0.065795 0.014072 0.000110
16.398180 214 0.068359 0.013036 0.000102
16.449564 205 0.069843 0.012488 0.000098
16.500947 219 0.067574 0.013341 0.000104
16.552330 221 0.067267 0.013462 0.000105
16.603714 212 0.068680 0.012914 0.000101
16.655097 240 0.064550 0.014620 0.000114
16.706481 220 0.067420 0.013402 0.000105
16.757864 210 0.069007 0.012792 0.000100
16.809247 215 0.068199 0.013097 0.000102
16.860631 212 0.068680 0.012914 0.000101
16.912014 233 0.065512 0.014193 0.000111
16.963398 196 0.071429 0.011940 0.000093
17.014781 226 0.066519 0.013767 0.000108
17.066164 238 0.064820 0.014498 0.000113
17.117548 242 0.064282 0.014742 0.000115
17.168931 230 0.065938 0.014011 0.000109
17.220315 204 0.070014 0.012427 0.000097
17.271698 236 0.065094 0.014376 0.000112
17.323081 230 0.065938 0.014011 0.000109
17.374465 211 0.068843 0.012853 0.000100
17.425848 224 0.066815 0.013645 0.000107
17.477232 231 0.065795 0.014072 0.000110
17.528615 240 0.064550 0.014620 0.000114
17.579998 188 0.072932 0.011452 0.000089
17.631382 212 0.068680 0.012914 0.000101
17.682765 205 0.069843 0.012488 0.000098
17.734149 203 0.070186 0.012366 0.000097
17.785532 230 0.065938 0.014011 0.000109
17.836915 217 0.067884 0.013219 0.000103
17.888299 244 0.064018 0.014864 0.000116
17.939682 240 0.064550 0.014620 0.000114
17.991066 224 0.066815 0.013645 0.000107
18.042449 221 0.067267 0.013462 0.000105
18.093832 226 0.066519 0.013767 0.000108
18.145216 222 0.067116 0.013523 0.000106
18.196599 222 0.067116 0.013523 0.000106
18.247983 229 0.066082 0.013950 0.000109
18.299366 216 0.068041 0.013158 0.000103
18.350749 235 0.065233 0.014315 0.000112
18.402133 216 0.068041 0.013158 0.000103
18.453516 247 0.063628 0.015046 0.000117
18.504900 222 0.067116 0.013523 0.000106
18.556283 225 0.066667 0.013706 0.000107
18.607666 240 0.064550 0.014620 0.000114
18.659050 213 0.068519 0.012975 0.000101
18.710433 225 0.066667 0.013706 0.000107
18.761817 225 0.066667 0.013706 0.000107
18.813200 219 0.067574 0.013341 0.000104
18.864583 247 0.063628 0.015046 0.000117
18.915967 246 0.063758 0.014985 0.000117
18.967350 231 0.065795 0.014072 0.000110
19.018734 235 0.065233 0.014315 0.000112
19.070117 241 0.064416 0.014681 0.000115
19.121500 227 0.066372 0.013828 0.000108
19.172884 250 0.063246 0.015229 0.000119
19.224267 220 0.067420 0.013402 0.000105
19.275651 259 0.062137 0.015777 0.000123
19.327034 242 0.064282 0.014742 0.000115
19.378417 212 0.068680 0.012914 0.000101
19.429801 244 0.064018 0.014864 0.000116
19.481184 242 0.064282 0.014742 0.000115
19.532568 230 0.065938 0.014011 0.000109
19.583951 231 0.065795 0.014072 0.000110
19.635334 230 0.065938 0.014011 0.000109
19.686718 222 0.067116 0.013523 0.000106
19.738101 234 0.065372 0.014254 0.000111
19.789485 248 0.063500 0.015107 0.000118
19.840868 244 0.064018 0.014864 0.000116
19.892251 227 0.066372 0.013828 0.000108
19.943635 230 0.065938 0.014011 0.000109
19.995018 234 0.065372 0.014254 0.000111
20.046402 237 0.064957 0.014437 0.000113
20.097785 241 0.064416 0.014681 0.000115
20.149168 248 0.063500 0.015107 0.000118
20.200552 272 0.060634 0.016569 0.000129
20.251935 245 0.063888 0.014924 0.000117
20.303319 233 0.065512 0.014193 0.000111
20.354702 240 0.064550 0.014620 0.000114
20.406085 253 0.062869 0.015412 0.000120
20.457469 261 0.061898 0.015899 0.000124
20.508852 268 0.061085 0.016326 0.000127
20.560236 243 0.064150 0.014803 0.000116
20.611619 268 0.061085 0.016326 0.000127
20.663002 270 0.060858 0.016447 0.000128
20.714386 255 0.062622 0.015534 0.000121
20.765769 267 0.061199 0.016265 0.000127
20.817153 291 0.058621 0.017727 0.000138
20.868536 250 0.063246 0.015229 0.000119
20.919919 279 0.059868 0.016996 0.000133
20.971303 283 0.059444 0.017239 0.000135
21.022686 262 0.061780 0.015960 0.000125
21.074070 270 0.060858 0.016447 0.000128
21.125453 243 0.064150 0.014803 0.000116
21.176836 271 0.060746 0.016508 0.000129
21.228220 251 0.063119 0.015290 0.000119
21.279603 261 0.061898 0.015899 0.000124
21.330987 253 0.062869 0.015412 0.000120
21.382370 285 0.059235 0.017361 0.000136
21.433753 286 0.059131 0.017422 0.000136
21.485137 292 0.058521 0.017788 0.000139
21.536520 293 0.058421 0.017848 0.000139
21.587904 301 0.057639 0.018336 0.000143
21.639287 303 0.057448 0.018458 0.000144
21.690670 282 0.059549 0.017178 0.000134
21.742054 275 0.060302 0.016752 0.000131
21.793437 294 0.058321 0.017909 0.000140
21.844821 304 0.057354 0.018519 0.000145
21.896204 282 0.059549 0.017178 0.000134
21.947587 305 0.057260 0.018579 0.000145
21.998971 298 0.057928 0.018153 0.000142
22.050354 286 0.059131 0.017422 0.000136
22.101738 292 0.058521 0.017788 0.000139
22.153121 309 0.056888 0.018823 0.000147
22.204504 310 0.056796 0.018884 0.000147
22.255888 300 0.057735 0.018275 0.000143
22.307271 320 0.055902 0.019493 0.000152
22.358655 303 0.057448 0.018458 0.000144
22.410038 301 0.057639 0.018336 0.000143
22.461421 304 0.057354 0.018519 0.000145
22.512805 319 0.055989 0.019432 0.000152
22.564188 289 0.058824 0.017605 0.000137
22.615572 314 0.056433 0.019128 0.000149
22.666955 283 0.059444 0.017239 0.000135
22.718338 285 0.059235 0.017361 0.000136
22.769722 310 0.056796 0.018884 0.000147
22.821105 286 0.059131 0.017422 0.000136
22.872489 339 0.054313 0.020651 0.000161
22.923872 324 0.055556 0.019737 0.000154
22.975255 309 0.056888 0.018823 0.000147
23.026639 301 0.057639 0.018336 0.000143
23.078022 295 0.058222 0.017970 0.000140
23.129406 318 0.056077 0.019371 0.000151
23.180789 316 0.056254 0.019250 0.000150
23.232172 310 0.056796 0.018884 0.000147
23.283556 337 0.054473 0.020529 0.000160
23.334939 303 0.057448 0.018458 0.000144
23.386323 295 0.058222 0.017970 0.000140
23.437706 315 0.056344 0.019189 0.000150
23.489089 320 0.055902 0.019493 0.000152
23.540473 324 0.055556 0.019737 0.000154
23.591856 334 0.054718 0.020346 0.000159
23.643239 315 0.056344 0.019189 0.000150
23.694623 340 0.054233 0.020712 0.000162
23.746006 352 0.053300 0.021442 0.000167
23.797390 344 0.053916 0.020955 0.000164
23.848773 338 0.054393 0.020590 0.000161
23.900157 326 0.055385 0.019859 0.000155
23.951540 299 0.057831 0.018214 0.000142
24.002923 330 0.055048 0.020102 0.000157
24.054307 330 0.055048 0.020102 0.000157
24.105690 307 0.057073 0.018701 0.000146
24.157074 357 0.052926 0.021747 0.000170
24.208457 336 0.054554 0.020468 0.000160
24.259840 342 0.054074 0.020833 0.000163
24.311224 356 0.053000 0.021686 0.000169
24.362607 379 0.051367 0.023087 0.000180
24.413991 335 0.054636 0.020407 0.000159
24.465374 322 0.055728 0.019615 0.000153
24.516757 353 0.053225 0.021503 0.000168
24.568141 371 0.051917 0.022600 0.000176
24.619524 344 0.053916 0.020955 0.000164
24.670908 321 0.055815 0.019554 0.000153
24.722291 347 0.053683 0.021138 0.000165
24.773674 333 0.054800 0.020285 0.000158
24.825058 309 0.056888 0.018823 0.000147
24.876441 296 0.058124 0.018031 0.000141
24.927825 343 0.053995 0.020894 0.000163
24.979208 300 0.057735 0.018275 0.000143
25.030591 293 0.058421 0.017848 0.000139
25.081975 289 0.058824 0.017605 0.000137
25.133358 296 0.058124 0.018031 0.000141
25.184742 285 0.059235 0.017361 0.000136
25.236125 307 0.057073 0.018701 0.000146
25.287508 276 0.060193 0.016813 0.000131
25.338892 268 0.061085 0.016326 0.000127
25.390275 269 0.060971 0.016386 0.000128
25.441659 241 0.064416 0.014681 0.000115
25.493042 258 0.062257 0.015716 0.000123
25.544425 236 0.065094 0.014376 0.000112
25.595809 226 0.066519 0.013767 0.000108
25.647192 209 0.069171 0.012731 0.000099
25.698576 207 0.069505 0.012610 0.000099
25.749959 181 0.074329 0.011026 0.000086
25.801342 193 0.071982 0.011757 0.000092
25.852726 177 0.075165 0.010782 0.000084
25.904109 155 0.080322 0.009442 0.000074
25.955493 154 0.080582 0.009381 0.000073
26.006876 136 0.085749 0.008285 0.000065
26.058259 145 0.083045 0.008833 0.000069
26.109643 138 0.085126 0.008406 0.000066
26.161026 130 0.087706 0.007919 0.000062
26.212410 116 0.092848 0.007066 0.000055
26.263793 119 0.091670 0.007249 0.000057
26.315176 95 0.102598 0.005787 0.000046
26.366560 103 0.098533 0.006274 0.000049
26.417943 95 0.102598 0.005787 0.000046
26.469327 83 0.109764 0.005056 0.000040
26.520710 72 0.117851 0.004386 0.000035
26.572093 76 0.114708 0.004630 0.000037
26.623477 73 0.117041 0.004447 0.000035
26.674860 59 0.130189 0.003594 0.000029
26.726244 58 0.131306 0.003533 0.000029
26.777627 58 0.131306 0.003533 0.000029
26.829010 65 0.124035 0.003960 0.000032
26.880394 40 0.158114 0.002437 0.000021
26.931777 55 0.134840 0.003350 0.000027
26.983161 44 0.150756 0.002680 0.000023
27.034544 37 0.164399 0.002254 0.000020
27.085927 34 0.171499 0.002071 0.000019
27.137311 45 0.149071 0.002741 0.000023
27.188694 33 0.174078 0.002010 0.000019
27.240078 34 0.171499 0.002071 0.000019
27.291461 28 0.188982 0.001706 0.000018
27.342844 33 0.174078 0.002010 0.000019
27.394228 31 0.179605 0.001888 0.000018
27.445611 34 0.171499 0.002071 0.000019
27.496995 35 0.169031 0.002132 0.000020
27.548378 31 0.179605 0.001888 0.000018
27.599761 32 0.176777 0.001949 0.000019
27.651145 31 0.179605 0.001888 0.000018
27.702528 27 0.192450 0.001645 0.000017
27.753912 26 0.196116 0.001584 0.000017
27.805295 28 0.188982 0.001706 0.000018
27.856678 26 0.196116 0.001584 0.000017
27.908062 21 0.218218 0.001279 0.000017
27.959445 26 0.196116 0.001584 0.000017
28.010829 18 0.235702 0.001096 0.000017
28.062212 25 0.200000 0.001523 0.000017
28.113595 21 0.218218 0.001279 0.000017
28.164979 23 0.208514 0.001401 0.000017
28.216362 29 0.185695 0.001767 0.000018
28.267746 22 0.213201 0.001340 0.000017
28.319129 23 0.208514 0.001401 0.000017
28.370512 12 0.288675 0.000731 0.000018
28.421896 29 0.185695 0.001767 0.000018
28.473279 16 0.250000 0.000975 0.000017
28.524663 19 0.229416 0.001157 0.000017
28.576046 32 0.176777 0.001949 0.000019
28.627429 18 0.235702 0.001096 0.000017
28.678813 31 0.179605 0.001888 0.000018
28.730196 17 0.242536 0.001036 0.000017
28.781580 17 0.242536 0.001036 0.000017
28.832963 16 0.250000 0.000975 0.000017
28.884346 14 0.267261 0.000853 0.000018
28.935730 18 0.235702 0.001096 0.000017
28.987113 11 0.301511 0.000670 0.000019
29.038497 24 0.204124 0.001462 0.000017
29.089880 18 0.235702 0.001096 0.000017
29.141263 22 0.213201 0.001340 0.000017
29.192647 17 0.242536 0.001036 0.000017
29.244030 15 0.258199 0.000914 0.000017
29.295414 17 0.242536 0.001036 0.000017
29.346797 20 0.223607 0.001218 0.000017
29.398180 17 0.242536 0.001036 0.000017
29.449564 17 0.242536 0.001036 0.000017
29.500947 17 0.242536 0.001036 0.000017
29.552331 18 0.235702 0.001096 0.000017
29.603714 21 0.218218 0.001279 0.000017
29.655097 20 0.223607 0.001218 0.000017
29.706481 16 0.250000 0.000975 0.000017
29.757864 8 0.353553 0.000487 0.000022
29.809248 15 0.258199 0.000914 0.000017
29.860631 18 0.235702 0.001096 0.000017
29.912014 22 0.213201 0.001340 0.000017
29.963398 11 0.301511 0.000670 0.000019
30.014781 12 0.288675 0.000731 0.000018
30.066165 16 0.250000 0.000975 0.000017
30.117548 25 0.200000 0.001523 0.000017
30.168931 14 0.267261 0.000853 0.000018
30.220315 18 0.235702 0.001096 0.000017
30.271698 14 0.267261 0.000853 0.000018
30.323082 18 0.235702 0.001096 0.000017
30.374465 24 0.204124 0.001462 0.000017
30.425848 20 0.223607 0.001218 0.000017
30.477232 22 0.213201 0.001340 0.000017
30.528615 16 0.250000 0.000975 0.000017
30.579999 16 0.250000 0.000975 0.000017
30.631382 10 0.316228 0.000609 0.000020
30.682765 18 0.235702 0.001096 0.000017
30.734149 13 0.277350 0.000792 0.000018
30.785532 25 0.200000 0.001523 0.000017
30.836916 29 0.185695 0.001767 0.000018
30.888299 16 0.250000 0.000975 0.000017
30.939682 17 0.242536 0.001036 0.000017
30.991066 15 0.258199 0.000914 0.000017
31.042449 19 0.229416 0.001157 0.000017
31.093833 13 0.277350 0.000792 0.000018
31.145216 18 0.235702 0.001096 0.000017
31.196599 25 0.200000 0.001523 0.000017
31.247983 20 0.223607 0.001218 0.000017
31.299366 22 0.213201 0.001340 0.000017
31.350750 16 0.250000 0.000975 0.000017
31.402133 23 0.208514 0.001401 0.000017
31.453516 23 0.208514 0.001401 0.000017
31.504900 16 0.250000 0.000975 0.000017
31.556283 11 0.301511 0.000670 0.000019
31.607667 12 0.288675 0.000731 0.000018
31.659050 21 0.218218 0.001279 0.000017
31.710433 14 0.267261 0.000853 0.000018
31.761817 15 0.258199 0.000914 0.000017
31.813200 16 0.250000 0.000975 0.000017
31.864584 12 0.288675 0.000731 0.000018
31.915967 16 0.250000 0.000975 0.000017
31.967350 14 0.267261 0.000853 0.000018
32.018734 14 0.267261 0.000853 0.000018
32.070117 13 0.277350 0.000792 0.000018
32.121500 11 0.301511 0.000670 0.000019
32.172884 19 0.229416 0.001157 0.000017
32.224267 12 0.288675 0.000731 0.000018
32.275651 14 0.267261 0.000853 0.000018
32.327034 10 0.316228 0.000609 0.000020
32.378417 14 0.267261 0.000853 0.000018
32.429801 12 0.288675 0.000731 0.000018
32.481184 14 0.267261 0.000853 0.000018
32.532568 14 0.267261 0.000853 0.000018
32.583951 20 0.223607 0.001218 0.000017
32.635334 21 0.218218 0.001279 0.000017
32.686718 15 0.258199 0.000914 0.000017
32.738101 12 0.288675 0.000731 0.000018
32.789485 13 0.277350 0.000792 0.000018
32.840868 16 0.250000 0.000975 0.000017
32.892252 14 0.267261 0.000853 0.000018
32.943635 15 0.258199 0.000914 0.000017
32.995018 16 0.250000 0.000975 0.000017
33.046402 10 0.316228 0.000609 0.000020
33.097785 11 0.301511 0.000670 0.000019
33.149169 10 0.316228 0.000609 0.000020
33.200552 3 0.577350 0.000183 0.000035
33.251935 8 0.353553 0.000487 0.000022
33.303319 6 0.408248 0.000365 0.000025
33.354702 10 0.316228 0.000609 0.000020
33.406086 10 0.316228 0.000609 0.000020
33.457469 13 0.277350 0.000792 0.000018
33.508852 13 0.277350 0.000792 0.000018
33.560236 9 0.333333 0.000548 0.000021
33.611619 13 0.277350 0.000792 0.000018
33.663003 5 0.447214 0.000305 0.000027
33.714386 10 0.316228 0.000609 0.000020
33.765769 11 0.301511 0.000670 0.000019
33.817153 13 0.277350 0.000792 0.000018
33.868536 6 0.408248 0.000365 0.000025
33.919919 14 0.267261 0.000853 0.000018
33.971303 6 0.408248 0.000365 0.000025
34.022686 8 0.353553 0.000487 0.000022
34.074070 6 0.408248 0.000365 0.000025
34.125453 10 0.316228 0.000609 0.000020
34.176836 11 0.301511 0.000670 0.000019
34.228220 5 0.447214 0.000305 0.000027
34.279603 12 0.288675 0.000731 0.000018
34.330987 13 0.277350 0.000792 0.000018
34.382370 6 0.408248 0.000365 0.000025
34.433753 8 0.353553 0.000487 0.000022
34.485137 7 0.377964 0.000426 0.000023
34.536520 9 0.333333 0.000548 0.000021
34.587904 11 0.301511 0.000670 0.000019
34.639287 9 0.333333 0.000548 0.000021
34.690670 5 0.447214 0.000305 0.000027
34.742054 2 0.707107 0.000122 0.000043
34.793437 8 0.353553 0.000487 0.000022
34.844821 7 0.377964 0.000426 0.000023
34.896204 8 0.353553 0.000487 0.000022
34.947587 6 0.408248 0.000365 0.000025
34.998971 5 0.447214 0.000305 0.000027
35.050354 5 0.447214 0.000305 0.000027
35.101738 5 0.447214 0.000305 0.000027
35.153121 7 0.377964 0.000426 0.000023
35.204504 6 0.408248 0.000365 0.000025
35.255888 10 0.316228 0.000609 0.000020
35.307271 8 0.353553 0.000487 0.000022
35.358655 4 0.500000 0.000244 0.000031
35.410038 6 0.408248 0.000365 0.000025
35.461422 5 0.447214 0.000305 0.000027
35.512805 5 0.447214 0.000305 0.000027
35.564188 6 0.408248 0.000365 0.000025
35.615572 1 1.000000 0.000061 0.000061
35.666955 10 0.316228 0.000609 0.000020
35.718339 4 0.500000 0.000244 0.000031
35.769722 4 0.500000 0.000244 0.000031
35.821105 6 0.408248 0.000365 0.000025
35.872489 4 0.500000 0.000244 0.000031
35.923872 5 0.447214 0.000305 0.000027
35.975256 3 0.577350 0.000183 0.000035
36.026639 3 0.577350 0.000183 0.000035
36.078022 4 0.500000 0.000244 0.000031
36.129406 4 0.500000 0.000244 0.000031
36.180789 2 0.707107 0.000122 0.000043
36.232173 5 0.447214 0.000305 0.000027
36.283556 3 0.577350 0.000183 0.000035
36.334939 4 0.500000 0.000244 0.000031
36.386323 2 0.707107 0.000122 0.000043
36.437706 5 0.447214 0.000305 0.000027
36.489090 3 0.577350 0.000183 0.000035
36.540473 2 0.707107 0.000122 0.000043
36.591856 2 0.707107 0.000122 0.000043
36.643240 2 0.707107 0.000122 0.000043
36.694623 2 0.707107 0.000122 0.000043
36.746006 3 0.577350 0.000183 0.000035
36.797390 3 0.577350 0.000183 0.000035
36.848773 6 0.408248 0.000365 0.000025
36.900157 4 0.500000 0.000244 0.000031
36.951540 0 0.000000 0.000000 0.000000
37.002923 3 0.577350 0.000183 0.000035
37.054307 2 0.707107 0.000122 0.000043
37.105690 3 0.577350 0.000183 0.000035
37.157074 4 0.500000 0.000244 0.000031
37.208457 6 0.408248 0.000365 0.000025
37.259840 0 0.000000 0.000000 0.000000
37.311224 0 0.000000 0.000000 0.000000
37.362607 0 0.000000 0.000000 0.000000
37.413991 3 0.577350 0.000183 0.000035
37.465374 2 0.707107 0.000122 0.000043
37.516757 3 0.577350 0.000183 0.000035
37.568141 4 0.500000 0.000244 0.000031
37.619524 1 1.000000 0.000061 0.000061
37.670908 0 0.000000 0.000000 0.000000
37.722291 2 0.707107 0.000122 0.000043
37.773674 0 0.000000 0.000000 0.000000
37.825058 1 1.000000 0.000061 0.000061
37.876441 2 0.707107 0.000122 0.000043
37.927825 1 1.000000 0.000061 0.000061
37.979208 2 0.707107 0.000122 0.000043
38.030591 0 0.000000 0.000000 0.000000
38.081975 1 1.000000 0.000061 0.000061
38.133358 2 0.707107 0.000122 0.000043
38.184742 0 0.000000 0.000000 0.000000
38.236125 0 0.000000 0.000000 0.000000
38.287509 1 1.000000 0.000061 0.000061
38.338892 1 1.000000 0.000061 0.000061
38.390275 0 0.000000 0.000000 0.000000
38.441659 1 1.000000 0.000061 0.000061
38.493042 0 0.000000 0.000000 0.000000
38.544426 1 1.000000 0.000061 0.000061
38.595809 0 0.000000 0.000000 0.000000
38.647192 1 1.000000 0.000061 0.000061
38.698576 2 0.707107 0.000122 0.000043
38.749959 0 0.000000 0.000000 0.000000
38.801343 0 0.000000 0.000000 0.000000
38.852726 1 1.000000 0.000061 0.000061
38.904109 0 0.000000 0.000000 0.000000
38.955493 0 0.000000 0.000000 0.000000
39.006876 0 0.000000 0.000000 0.000000
39.058260 0 0.000000 0.000000 0.000000
39.109643 0 0.000000 0.000000 0.000000
39.161026 0 0.000000 0.000000 0.000000
39.212410 0 0.000000 0.000000 0.000000
39.263793 0 0.000000 0.000000 0.000000
39.315176 0 0.000000 0.000000 0.000000
39.366560 0 0.000000 0.000000 0.000000
39.417943 0 0.000000 0.000000 0.000000
39.469327 0 0.000000 0.000000 0.000000
39.520710 0 0.000000 0.000000 0.000000
39.572093 0 0.000000 0.000000 0.000000
39.623477 0 0.000000 0.000000 0.000000
39.674860 0 0.000000 0.000000 0.000000
39.726244 0 0.000000 0.000000 0.000000
39.777627 0 0.000000 0.000000 0.000000
39.829010 1 1.000000 0.000061 0.000061
39.880394 0 0.000000 0.000000 0.000000
39.931777 0 0.000000 0.000000 0.000000
39.983161 0 0.000000 0.000000 0.000000
40.034544 0 0.000000 0.000000 0.000000
40.085927 1 1.000000 0.000061 0.000061
40.137311 0 0.000000 0.000000 0.000000
40.188694 0 0.000000 0.000000 0.000000
40.240078 0 0.000000 0.000000 0.000000
40.291461 0 0.000000 0.000000 0.000000
40.342844 0 0.000000 0.000000 0.000000
40.394228 0 0.000000 0.000000 0.000000
40.445611 0 0.000000 0.000000 0.000000
40.496995 0 0.000000 0.000000 0.000000
40.548378 0 0.000000 0.000000 0.000000
40.599761 0 0.000000 0.000000 0.000000
40.651145 0 0.000000 0.000000 0.000000
40.702528 0 0.000000 0.000000 0.000000
40.753912 0 0.000000 0.000000 0.000000
40.805295 0 0.000000 0.000000 0.000000
40.856679 0 0.000000 0.000000 0.000000
40.908062 0 0.000000 0.000000 0.000000
40.959445 1 1.000000 0.000061 0.000061
41.010829 0 0.000000 0.000000 0.000000
41.062212 0 0.000000 0.000000 0.000000
41.113596 0 0.000000 0.000000 0.000000
41.164979 0 0.000000 0.000000 0.000000
41.216362 0 0.000000 0.000000 0.000000
41.267746 0 0.000000 0.000000 0.000000
41.319129 0 0.000000 0.000000 0.000000
41.370513 0 0.000000 0.000000 0.000000
41.421896 0 0.000000 0.000000 0.000000
41.473279 0 0.000000 0.000000 0.000000
41.524663 0 0.000000 0.000000 0.000000
41.576046 0 0.000000 0.000000 0.000000
41.627430 0 0.000000 0.000000 0.000000
41.678813 0 0.000000 0.000000 0.000000
41.730196 1 1.000000 0.000061 0.000061
41.781580 0 0.000000 0.000000 0.000000
41.832963 0 0.000000 0.000000 0.000000
41.884346 0 0.000000 0.000000 0.000000
41.935730 0 0.000000 0.000000 0.000000
41.987113 0 0.000000 0.000000 0.000000
42.038497 0 0.000000 0.000000 0.000000
42.089880 0 0.000000 0.000000 0.000000
42.141263 0 0.000000 0.000000 0.000000
42.192647 0 0.000000 0.000000 0.000000
42.244030 0 0.000000 0.000000 0.000000
42.295414 0 0.000000 0.000000 0.000000
42.346797 0 0.000000 0.000000 0.000000
42.398180 0 0.000000 0.000000 0.000000
42.449564 0 0.000000 0.000000 0.000000
42.500947 0 0.000000 0.000000 0.000000
42.552331 0 0.000000 0.000000 0.000000
42.603714 0 0.000000 0.000000 0.000000
42.655097 0 0.000000 0.000000 0.000000
42.706481 0 0.000000 0.000000 0.000000
42.757864 0 0.000000 0.000000 0.000000
42.809248 0 0.000000 0.000000 0.000000
42.860631 0 0.000000 0.000000 0.000000
42.912014 0 0.000000 0.000000 0.000000
42.963398 0 0.000000 0.000000 0.000000
43.014781 0 0.000000 0.000000 0.000000
43.066165 0 0.000000 0.000000 0.000000
43.117548 0 0.000000 0.000000 0.000000
43.168931 0 0.000000 0.000000 0.000000
43.220315 1 1.000000 0.000061 0.000061
43.271698 0 0.000000 0.000000 0.000000
43.323082 0 0.000000 0.000000 0.000000
43.374465 0 0.000000 0.000000 0.000000
43.425849 0 0.000000 0.000000 0.000000
43.477232 0 0.000000 0.000000 0.000000
43.528615 0 0.000000 0.000000 0.000000
43.579999 0 0.000000 0.000000 0.000000
43.631382 0 0.000000 0.000000 0.000000
43.682766 0 0.000000 0.000000 0.000000
43.734149 0 0.000000 0.000000 0.000000
43.785532 0 0.000000 0.000000 0.000000
43.836916 0 0.000000 0.000000 0.000000
43.888299 0 0.000000 0.000000 0.000000
43.939683 0 0.000000 0.000000 0.000000
43.991066 0 0.000000 0.000000 0.000000
44.042449 0 0.000000 0.000000 0.000000
44.093833 1 1.000000 0.000061 0.000061
44.145216 0 0.000000 0.000000 0.000000
44.196600 0 0.000000 0.000000 0.000000
44.247983 0 0.000000 0.000000 0.000000
44.299366 0 0.000000 0.000000 0.000000
44.350750 0 0.000000 0.000000 0.000000
44.402133 0 0.000000 0.000000 0.000000
44.453517 0 0.000000 0.000000 0.000000
44.504900 0 0.000000 0.000000 0.000000
44.556283 0 0.000000 0.000000 0.000000
44.607667 0 0.000000 0.000000 0.000000
44.659050 0 0.000000 0.000000 0.000000
44.710433 0 0.000000 0.000000 0.000000
44.761817 0 0.000000 0.000000 0.000000
44.813200 0 0.000000 0.000000 0.000000
44.864584 0 0.000000 0.000000 0.000000
44.915967 0 0.000000 0.000000 0.000000
44.967350 0 0.000000 0.000000 0.000000
45.018734 0 0.000000 0.000000 0.000000
45.070117 0 0.000000 0.000000 0.000000
45.121501 0 0.000000 0.000000 0.000000
45.172884 0 0.000000 0.000000 0.000000
45.224267 0 0.000000 0.000000 0.000000
45.275651 0 0.000000 0.000000 0.000000
45.327034 0 0.000000 0.000000 0.000000
45.378418 0 0.000000 0.000000 0.000000
45.429801 0 0.000000 0.000000 0.000000
45.481184 0 0.000000 0.000000 0.000000
45.532568 0 0.000000 0.000000 0.000000
45.583951 0 0.000000 0.000000 0.000000
45.635335 0 0.000000 0.000000 0.000000
45.686718 0 0.000000 0.000000 0.000000
45.738101 0 0.000000 0.000000 0.000000
45.789485 0 0.000000 0.000000 0.000000
45.840868 1 1.000000 0.000061 0.000061
45.892252 0 0.000000 0.000000 0.000000
45.943635 0 0.000000 0.000000 0.000000
45.995019 0 0.000000 0.000000 0.000000
46.046402 0 0.000000 0.000000 0.000000
46.097785 0 0.000000 0.000000 0.000000
46.149169 0 0.000000 0.000000 0.000000
46.200552 0 0.000000 0.000000 0.000000
46.251936 0 0.000000 0.000000 0.000000
46.303319 0 0.000000 0.000000 0.000000
46.354702 0 0.000000 0.000000 0.000000
46.406086 0 0.000000 0.000000 0.000000
46.457469 0 0.000000 0.000000 0.000000
46.508853 0 0.000000 0.000000 0.000000
46.560236 0 0.000000 0.000000 0.000000
46.611619 0 0.000000 0.000000 0.000000
46.663003 0 0.000000 0.000000 0.000000
46.714386 0 0.000000 0.000000 0.000000
46.765770 0 0.000000 0.000000 0.000000
46.817153 0 0.000000 0.000000 0.000000
46.868536 0 0.000000 0.000000 0.000000
46.919920 0 0.000000 0.000000 0.000000
46.971303 0 0.000000 0.000000 0.000000
47.022687 0 0.000000 0.000000 0.000000
47.074070 0 0.000000 0.000000 0.000000
47.125453 0 0.000000 0.000000 0.000000
47.176837 0 0.000000 0.000000 0.000000
47.228220 0 0.000000 0.000000 0.000000
47.279604 0 0.000000 0.000000 0.000000
47.330987 0 0.000000 0.000000 0.000000
47.382370 0 0.000000 0.000000 0.000000
47.433754 0 0.000000 0.000000 0.000000
47.485137 0 0.000000 0.000000 0.000000
47.536520 0 0.000000 0.000000 0.000000
47.587904 0 0.000000 0.000000 0.000000
47.639287 0 0.000000 0.000000 0.000000
47.690671 0 0.000000 0.000000 0.000000
47.742054 0 0.000000 0.000000 0.000000
47.793437 0 0.000000 0.000000 0.000000
47.844821 0 0.000000 0.000000 0.000000
47.896204 0 0.000000 0.000000 0.000000
47.947588 0 0.000000 0.000000 0.000000
47.998971 0 0.000000 0.000000 0.000000
48.050354 0 0.000000 0.000000 0.000000
48.101738 0 0.000000 0.000000 0.000000
48.153121 0 0.000000 0.000000 0.000000
48.204505 0 0.000000 0.000000 0.000000
48.255888 0 0.000000 0.000000 0.000000
48.307271 0 0.000000 0.000000 0.000000
48.358655 0 0.000000 0.000000 0.000000
48.410038 0 0.000000 0.000000 0.000000
48.461422 0 0.000000 0.000000 0.000000
48.512805 0 0.000000 0.000000 0.000000
48.564189 0 0.000000 0.000000 0.000000
48.615572 0 0.000000 0.000000 0.000000
48.666955 0 0.000000 0.000000 0.000000
48.718339 0 0.000000 0.000000 0.000000
48.769722 0 0.000000 0.000000 0.000000
48.821106 0 0.000000 0.000000 0.000000
48.872489 0 0.000000 0.000000 0.000000
48.923872 0 0.000000 0.000000 0.000000
48.975256 0 0.000000 0.000000 0.000000
49.026639 0 0.000000 0.000000 0.000000
49.078023 0 0.000000 0.000000 0.000000
49.129406 0 0.000000 0.000000 0.000000
49.180789 0 0.000000 0.000000 0.000000
49.232173 0 0.000000 0.000000 0.000000
49.283556 1 1.000000 0.000061 0.000061
49.334940 0 0.000000 0.000000 0.000000
49.386323 0 0.000000 0.000000 0.000000
49.437706 0 0.000000 0.000000 0.000000
49.489090 0 0.000000 0.000000 0.000000
49.540473 0 0.000000 0.000000 0.000000
49.591857 0 0.000000 0.000000 0.000000
49.643240 0 0.000000 0.000000 0.000000
49.694623 0 0.000000 0.000000 0.000000
49.746007 0 0.000000 0.000000 0.000000
49.797390 0 0.000000 0.000000 0.000000
49.848774 0 0.000000 0.000000 0.000000
49.900157 0 0.000000 0.000000 0.000000
49.951540 0 0.000000 0.000000 0.000000
50.002924 0 0.000000 0.000000 0.000000
50.054307 0 0.000000 0.000000 0.000000
50.105690 0 0.000000 0.000000 0.000000
50.157074 0 0.000000 0.000000 0.000000
50.208457 0 0.000000 0.000000 0.000000
50.259841 0 0.000000 0.000000 0.000000
50.311224 0 0.000000 0.000000 0.000000
50.362607 0 0.000000 0.000000 0.000000
50.413991 0 0.000000 0.000000 0.000000
50.465374 0 0.000000 0.000000 0.000000
50.516758 0 0.000000 0.000000 0.000000
50.568141 0 0.000000 0.000000 0.000000
50.619524 0 0.000000 0.000000 0.000000
50.670908 0 0.000000 0.000000 0.000000
50.722291 0 0.000000 0.000000 0.000000
50.773675 0 0.000000 0.000000 0.000000
50.825058 0 0.000000 0.000000 0.000000
50.876441 0 0.000000 0.000000 0.000000
50.927825 0 0.000000 0.000000 0.000000
50.979208 0 0.000000 0.000000 0.000000
