# Ba133 10481 10481 0.0513834 0.009767842302662852 102.37675517420935
-0.352808 0 0.000000 0.000000 0.000000
-0.301425 0 0.000000 0.000000 0.000000
-0.250042 0 0.000000 0.000000 0.000000
-0.198658 0 0.000000 0.000000 0.000000
-0.147275 0 0.000000 0.000000 0.000000
-0.095891 0 0.000000 0.000000 0.000000
-0.044508 2 0.707107 0.000191 0.000067
0.006876 4 0.500000 0.000382 0.000048
0.058259 14 0.267261 0.001336 0.000029
0.109642 56 0.133631 0.005343 0.000054
0.161026 138 0.085126 0.013167 0.000129
0.212409 378 0.051434 0.036065 0.000352
0.263793 793 0.035511 0.075661 0.000739
0.315176 1388 0.026841 0.132430 0.001294
0.366559 2546 0.019819 0.242916 0.002373
0.417943 3730 0.016374 0.355882 0.003476
0.469326 5331 0.013696 0.508635 0.004968
0.520710 7065 0.011897 0.674077 0.006584
0.572093 8540 0.010821 0.814808 0.007959
0.623476 9674 0.010167 0.923004 0.009016
0.674860 10455 0.009780 0.997519 0.009744
0.726243 10481 0.009768 1.000000 0.009768
0.777626 9979 0.010011 0.952104 0.009300
0.829010 9204 0.010423 0.878160 0.008578
0.880393 8126 0.011093 0.775308 0.007573
0.931777 7176 0.011805 0.684667 0.006688
0.983160 5956 0.012958 0.568266 0.005551
1.034543 5563 0.013407 0.530770 0.005184
1.085927 4723 0.014551 0.450625 0.004402
1.137310 4451 0.014989 0.424673 0.004148
1.188694 4224 0.015386 0.403015 0.003937
1.240077 4269 0.015305 0.407308 0.003979
1.291460 4228 0.015379 0.403397 0.003940
1.342844 4563 0.014804 0.435359 0.004253
1.394227 4739 0.014526 0.452152 0.004417
1.445611 4795 0.014441 0.457495 0.004469
1.496994 4946 0.014219 0.471902 0.004609
1.548377 4851 0.014358 0.462838 0.004521
1.599761 4836 0.014380 0.461406 0.004507
1.651144 4808 0.014422 0.458735 0.004481
1.702528 4574 0.014786 0.436409 0.004263
1.753911 4458 0.014977 0.425341 0.004155
1.805295 4057 0.015700 0.387081 0.003781
1.856678 3788 0.016248 0.361416 0.003530
1.908061 3367 0.017234 0.321248 0.003138
1.959445 3204 0.017667 0.305696 0.002986
2.010828 2802 0.018891 0.267341 0.002611
2.062212 2465 0.020141 0.235187 0.002297
2.113595 2206 0.021291 0.210476 0.002056
2.164978 1854 0.023224 0.176892 0.001728
2.216362 1663 0.024522 0.158668 0.001550
2.267745 1369 0.027027 0.130617 0.001276
2.319129 1336 0.027359 0.127469 0.001245
2.370512 1140 0.029617 0.108768 0.001062
2.421895 1067 0.030614 0.101803 0.000994
2.473279 932 0.032756 0.088923 0.000869
2.524662 905 0.033241 0.086347 0.000843
2.576046 824 0.034837 0.078618 0.000768
2.627429 828 0.034752 0.079000 0.000772
2.678812 742 0.036711 0.070795 0.000692
2.730196 797 0.035422 0.076042 0.000743
2.781579 793 0.035511 0.075661 0.000739
2.832963 714 0.037424 0.068123 0.000665
2.884346 736 0.036860 0.070222 0.000686
2.935729 750 0.036515 0.071558 0.000699
2.987113 751 0.036491 0.071653 0.000700
3.038496 761 0.036250 0.072608 0.000709
3.089880 771 0.036014 0.073562 0.000719
3.141263 817 0.034986 0.077951 0.000761
3.192646 790 0.035578 0.075374 0.000736
3.244030 755 0.036394 0.072035 0.000704
3.295413 866 0.033981 0.082626 0.000807
3.346797 829 0.034731 0.079096 0.000773
3.398180 797 0.035422 0.076042 0.000743
3.449563 826 0.034794 0.078809 0.000770
3.500947 805 0.035245 0.076806 0.000750
3.552330 846 0.034381 0.080717 0.000788
3.603714 829 0.034731 0.079096 0.000773
3.655097 886 0.033596 0.084534 0.000826
3.706480 833 0.034648 0.079477 0.000776
3.757864 828 0.034752 0.079000 0.000772
3.809247 858 0.034139 0.081862 0.000800
3.860631 846 0.034381 0.080717 0.000788
3.912014 832 0.034669 0.079382 0.000775
3.963397 844 0.034421 0.080527 0.000787
4.014781 860 0.034100 0.082053 0.000801
4.066164 842 0.034462 0.080336 0.000785
4.117548 867 0.033962 0.082721 0.000808
4.168931 829 0.034731 0.079096 0.000773
4.220314 849 0.034320 0.081004 0.000791
4.271698 854 0.034219 0.081481 0.000796
4.323081 826 0.034794 0.078809 0.000770
4.374465 759 0.036298 0.072417 0.000707
4.425848 770 0.036037 0.073466 0.000718
4.477231 790 0.035578 0.075374 0.000736
4.528615 758 0.036322 0.072321 0.000706
4.579998 734 0.036911 0.070031 0.000684
4.631381 790 0.035578 0.075374 0.000736
4.682765 737 0.036835 0.070318 0.000687
4.734148 699 0.037823 0.066692 0.000651
4.785532 714 0.037424 0.068123 0.000665
4.836915 679 0.038376 0.064784 0.000633
4.888299 696 0.037905 0.066406 0.000649
4.939682 647 0.039314 0.061731 0.000603
4.991065 681 0.038320 0.064975 0.000635
5.042449 654 0.039103 0.062399 0.000610
5.093832 676 0.038462 0.064498 0.000630
5.145216 627 0.039936 0.059823 0.000584
5.196599 599 0.040859 0.057151 0.000558
5.247982 645 0.039375 0.061540 0.000601
5.299366 620 0.040161 0.059155 0.000578
5.350749 648 0.039284 0.061826 0.000604
5.402133 623 0.040064 0.059441 0.000581
5.453516 589 0.041204 0.056197 0.000549
5.504899 630 0.039841 0.060109 0.000587
5.556283 633 0.039746 0.060395 0.000590
5.607666 584 0.041380 0.055720 0.000544
5.659050 598 0.040893 0.057056 0.000557
5.710433 630 0.039841 0.060109 0.000587
5.761816 633 0.039746 0.060395 0.000590
5.813200 644 0.039406 0.061445 0.000600
5.864583 637 0.039621 0.060777 0.000594
5.915967 659 0.038954 0.062876 0.000614
5.967350 647 0.039314 0.061731 0.000603
6.018733 655 0.039073 0.062494 0.000610
6.070117 680 0.038348 0.064879 0.000634
6.121500 658 0.038984 0.062780 0.000613
6.172884 706 0.037635 0.067360 0.000658
6.224267 703 0.037716 0.067074 0.000655
6.275650 803 0.035289 0.076615 0.000748
6.327034 789 0.035601 0.075279 0.000735
6.378417 742 0.036711 0.070795 0.000692
6.429801 773 0.035968 0.073753 0.000720
6.481184 800 0.035355 0.076329 0.000746
6.532567 845 0.034401 0.080622 0.000788
6.583951 870 0.033903 0.083007 0.000811
6.635334 795 0.035466 0.075852 0.000741
6.686718 880 0.033710 0.083961 0.000820
6.738101 880 0.033710 0.083961 0.000820
6.789484 891 0.033501 0.085011 0.000830
6.840868 904 0.033260 0.086251 0.000842
6.892251 936 0.032686 0.089304 0.000872
6.943634 960 0.032275 0.091594 0.000895
6.995018 974 0.032042 0.092930 0.000908
7.046401 1020 0.031311 0.097319 0.000951
7.097785 1003 0.031575 0.095697 0.000935
7.149168 966 0.032174 0.092167 0.000900
7.200552 974 0.032042 0.092930 0.000908
7.251935 1008 0.031497 0.096174 0.000939
7.303318 987 0.031830 0.094170 0.000920
7.354702 1023 0.031265 0.097605 0.000953
7.406085 1006 0.031528 0.095983 0.000938
7.457469 1082 0.030401 0.103234 0.001008
7.508852 1062 0.030686 0.101326 0.000990
7.560235 995 0.031702 0.094934 0.000927
7.611619 1128 0.029775 0.107623 0.001051
7.663002 1129 0.029761 0.107719 0.001052
7.714386 1136 0.029670 0.108387 0.001059
7.765769 1160 0.029361 0.110676 0.001081
7.817152 1156 0.029412 0.110295 0.001077
7.868536 1160 0.029361 0.110676 0.001081
7.919919 1134 0.029696 0.108196 0.001057
7.971303 1140 0.029617 0.108768 0.001062
8.022686 1148 0.029514 0.109532 0.001070
8.074069 1190 0.028989 0.113539 0.001109
8.125453 1233 0.028479 0.117641 0.001149
8.176836 1283 0.027918 0.122412 0.001196
8.228219 1217 0.028665 0.116115 0.001134
8.279603 1223 0.028595 0.116687 0.001140
8.330986 1247 0.028318 0.118977 0.001162
8.382370 1179 0.029123 0.112489 0.001099
8.433753 1156 0.029412 0.110295 0.001077
8.485136 1190 0.028989 0.113539 0.001109
8.536520 1187 0.029025 0.113253 0.001106
8.587903 1177 0.029148 0.112298 0.001097
8.639287 1169 0.029248 0.111535 0.001089
8.690670 1129 0.029761 0.107719 0.001052
8.742054 1158 0.029386 0.110486 0.001079
8.793437 1096 0.030206 0.104570 0.001021
8.844820 1064 0.030657 0.101517 0.000992
8.896204 1063 0.030671 0.101422 0.000991
8.947587 1025 0.031235 0.097796 0.000955
8.998970 1092 0.030261 0.104189 0.001018
9.050354 1023 0.031265 0.097605 0.000953
9.101737 1007 0.031513 0.096079 0.000938
9.153121 996 0.031686 0.095029 0.000928
9.204504 895 0.033426 0.085393 0.000834
9.255888 941 0.032599 0.089782 0.000877
9.307271 903 0.033278 0.086156 0.000842
9.358654 856 0.034179 0.081672 0.000798
9.410038 818 0.034964 0.078046 0.000762
9.461421 816 0.035007 0.077855 0.000760
9.512804 843 0.034442 0.080431 0.000786
9.564188 798 0.035400 0.076138 0.000744
9.615571 747 0.036588 0.071272 0.000696
9.666955 747 0.036588 0.071272 0.000696
9.718338 683 0.038264 0.065166 0.000637
9.769721 719 0.037294 0.068600 0.000670
9.821105 678 0.038405 0.064688 0.000632
9.872488 725 0.037139 0.069173 0.000676
9.923872 662 0.038866 0.063162 0.000617
9.975255 666 0.038749 0.063544 0.000621
10.026639 679 0.038376 0.064784 0.000633
10.078022 595 0.040996 0.056769 0.000555
10.129405 636 0.039653 0.060681 0.000593
10.180789 620 0.040161 0.059155 0.000578
10.232172 596 0.040962 0.056865 0.000555
10.283555 603 0.040723 0.057533 0.000562
10.334939 552 0.042563 0.052667 0.000514
10.386322 545 0.042835 0.051999 0.000508
10.437706 542 0.042954 0.051713 0.000505
10.489089 571 0.041849 0.054480 0.000532
10.540472 484 0.045455 0.046179 0.000451
10.591856 528 0.043519 0.050377 0.000492
10.643239 503 0.044588 0.047992 0.000469
10.694623 470 0.046127 0.044843 0.000438
10.746006 484 0.045455 0.046179 0.000451
10.797390 468 0.046225 0.044652 0.000436
10.848773 453 0.046984 0.043221 0.000422
10.900156 451 0.047088 0.043030 0.000420
10.951540 410 0.049386 0.039118 0.000382
11.002923 430 0.048224 0.041027 0.000401
11.054306 418 0.048912 0.039882 0.000390
11.105690 401 0.049938 0.038260 0.000374
11.157073 383 0.051098 0.036542 0.000357
11.208457 400 0.050000 0.038164 0.000373
11.259840 399 0.050063 0.038069 0.000372
11.311224 383 0.051098 0.036542 0.000357
11.362607 377 0.051503 0.035970 0.000351
11.413990 379 0.051367 0.036161 0.000353
11.465374 371 0.051917 0.035397 0.000346
11.516757 380 0.051299 0.036256 0.000354
11.568141 323 0.055641 0.030818 0.000301
11.619524 334 0.054718 0.031867 0.000311
11.670907 301 0.057639 0.028719 0.000281
11.722291 338 0.054393 0.032249 0.000315
11.773674 339 0.054313 0.032344 0.000316
11.825057 353 0.053225 0.033680 0.000329
11.876441 353 0.053225 0.033680 0.000329
11.927824 339 0.054313 0.032344 0.000316
11.979208 342 0.054074 0.032630 0.000319
12.030591 297 0.058026 0.028337 0.000277
12.081975 323 0.055641 0.030818 0.000301
12.133358 308 0.056980 0.029387 0.000287
12.184741 326 0.055385 0.031104 0.000304
12.236125 354 0.053149 0.033775 0.000330
12.287508 303 0.057448 0.028909 0.000282
12.338891 324 0.055556 0.030913 0.000302
12.390275 346 0.053760 0.033012 0.000322
12.441658 269 0.060971 0.025665 0.000251
12.493042 305 0.057260 0.029100 0.000284
12.544425 278 0.059976 0.026524 0.000259
12.595809 311 0.056705 0.029673 0.000290
12.647192 320 0.055902 0.030531 0.000298
12.698575 289 0.058824 0.027574 0.000269
12.749959 295 0.058222 0.028146 0.000275
12.801342 272 0.060634 0.025952 0.000254
12.852726 299 0.057831 0.028528 0.000279
12.904109 296 0.058124 0.028242 0.000276
12.955492 265 0.061430 0.025284 0.000247
13.006876 302 0.057544 0.028814 0.000282
13.058259 281 0.059655 0.026810 0.000262
13.109642 260 0.062017 0.024807 0.000242
13.161026 274 0.060412 0.026143 0.000255
13.212409 273 0.060523 0.026047 0.000254
13.263793 246 0.063758 0.023471 0.000229
13.315176 281 0.059655 0.026810 0.000262
13.366560 255 0.062622 0.024330 0.000238
13.417943 260 0.062017 0.024807 0.000242
13.469326 286 0.059131 0.027287 0.000267
13.520710 265 0.061430 0.025284 0.000247
13.572093 281 0.059655 0.026810 0.000262
13.623476 283 0.059444 0.027001 0.000264
13.674860 247 0.063628 0.023566 0.000230
13.726243 266 0.061314 0.025379 0.000248
13.777627 275 0.060302 0.026238 0.000256
13.829010 251 0.063119 0.023948 0.000234
13.880394 236 0.065094 0.022517 0.000220
13.931777 251 0.063119 0.023948 0.000234
13.983160 248 0.063500 0.023662 0.000231
14.034544 259 0.062137 0.024711 0.000241
14.085927 242 0.064282 0.023089 0.000226
14.137310 262 0.061780 0.024998 0.000244
14.188694 257 0.062378 0.024521 0.000240
14.240077 223 0.066965 0.021277 0.000208
14.291461 268 0.061085 0.025570 0.000250
14.342844 261 0.061898 0.024902 0.000243
14.394227 223 0.066965 0.021277 0.000208
14.445611 244 0.064018 0.023280 0.000227
14.496994 257 0.062378 0.024521 0.000240
14.548378 256 0.062500 0.024425 0.000239
14.599761 274 0.060412 0.026143 0.000255
14.651145 230 0.065938 0.021944 0.000214
14.702528 233 0.065512 0.022231 0.000217
14.753911 244 0.064018 0.023280 0.000227
14.805295 251 0.063119 0.023948 0.000234
14.856678 239 0.064685 0.022803 0.000223
14.908061 232 0.065653 0.022135 0.000216
14.959445 242 0.064282 0.023089 0.000226
15.010828 241 0.064416 0.022994 0.000225
15.062212 215 0.068199 0.020513 0.000200
15.113595 228 0.066227 0.021754 0.000213
15.164979 236 0.065094 0.022517 0.000220
15.216362 210 0.069007 0.020036 0.000196
15.267745 210 0.069007 0.020036 0.000196
15.319129 252 0.062994 0.024044 0.000235
15.370512 230 0.065938 0.021944 0.000214
15.421896 241 0.064416 0.022994 0.000225
15.473279 254 0.062746 0.024234 0.000237
15.524662 260 0.062017 0.024807 0.000242
15.576046 232 0.065653 0.022135 0.000216
15.627429 229 0.066082 0.021849 0.000214
15.678813 241 0.064416 0.022994 0.000225
15.730196 233 0.065512 0.022231 0.000217
15.781579 192 0.072169 0.018319 0.000179
15.832963 212 0.068680 0.020227 0.000198
15.884346 216 0.068041 0.020609 0.000201
15.935729 207 0.069505 0.019750 0.000193
15.987113 249 0.063372 0.023757 0.000232
16.038496 243 0.064150 0.023185 0.000227
16.089880 222 0.067116 0.021181 0.000207
16.141263 182 0.074125 0.017365 0.000170
16.192647 209 0.069171 0.019941 0.000195
16.244030 203 0.070186 0.019368 0.000189
16.295413 240 0.064550 0.022899 0.000224
16.346797 234 0.065372 0.022326 0.000218
16.398180 223 0.066965 0.021277 0.000208
16.449564 209 0.069171 0.019941 0.000195
16.500947 218 0.067729 0.020800 0.000203
16.552330 211 0.068843 0.020132 0.000197
16.603714 196 0.071429 0.018701 0.000183
16.655097 227 0.066372 0.021658 0.000212
16.706481 214 0.068359 0.020418 0.000200
16.757864 197 0.071247 0.018796 0.000184
16.809247 186 0.073324 0.017746 0.000173
16.860631 192 0.072169 0.018319 0.000179
16.912014 211 0.068843 0.020132 0.000197
16.963398 178 0.074953 0.016983 0.000166
17.014781 211 0.068843 0.020132 0.000197
17.066164 179 0.074744 0.017079 0.000167
17.117548 215 0.068199 0.020513 0.000200
17.168931 162 0.078567 0.015457 0.000151
17.220315 192 0.072169 0.018319 0.000179
17.271698 217 0.067884 0.020704 0.000202
17.323081 200 0.070711 0.019082 0.000187
17.374465 210 0.069007 0.020036 0.000196
17.425848 200 0.070711 0.019082 0.000187
17.477232 197 0.071247 0.018796 0.000184
17.528615 211 0.068843 0.020132 0.000197
17.579998 203 0.070186 0.019368 0.000189
17.631382 198 0.071067 0.018891 0.000185
17.682765 179 0.074744 0.017079 0.000167
17.734149 189 0.072739 0.018033 0.000176
17.785532 201 0.070535 0.019178 0.000187
17.836915 199 0.070888 0.018987 0.000186
17.888299 194 0.071796 0.018510 0.000181
17.939682 175 0.075593 0.016697 0.000163
17.991066 200 0.070711 0.019082 0.000187
18.042449 219 0.067574 0.020895 0.000204
18.093832 191 0.072357 0.018223 0.000178
18.145216 168 0.077152 0.016029 0.000157
18.196599 179 0.074744 0.017079 0.000167
18.247983 185 0.073521 0.017651 0.000173
18.299366 174 0.075810 0.016601 0.000162
18.350749 160 0.079057 0.015266 0.000149
18.402133 219 0.067574 0.020895 0.000204
18.453516 180 0.074536 0.017174 0.000168
18.504900 200 0.070711 0.019082 0.000187
18.556283 216 0.068041 0.020609 0.000201
18.607666 191 0.072357 0.018223 0.000178
18.659050 171 0.076472 0.016315 0.000160
18.710433 143 0.083624 0.013644 0.000134
18.761817 168 0.077152 0.016029 0.000157
18.813200 194 0.071796 0.018510 0.000181
18.864583 190 0.072548 0.018128 0.000177
18.915967 161 0.078811 0.015361 0.000150
18.967350 170 0.076696 0.016220 0.000159
19.018734 166 0.077615 0.015838 0.000155
19.070117 154 0.080582 0.014693 0.000144
19.121500 195 0.071611 0.018605 0.000182
19.172884 169 0.076923 0.016124 0.000158
19.224267 172 0.076249 0.016411 0.000160
19.275651 186 0.073324 0.017746 0.000173
19.327034 175 0.075593 0.016697 0.000163
19.378417 174 0.075810 0.016601 0.000162
19.429801 167 0.077382 0.015934 0.000156
19.481184 170 0.076696 0.016220 0.000159
19.532568 166 0.077615 0.015838 0.000155
19.583951 188 0.072932 0.017937 0.000175
19.635334 172 0.076249 0.016411 0.000160
19.686718 164 0.078087 0.015647 0.000153
19.738101 174 0.075810 0.016601 0.000162
19.789485 192 0.072169 0.018319 0.000179
19.840868 180 0.074536 0.017174 0.000168
19.892251 176 0.075378 0.016792 0.000164
19.943635 147 0.082479 0.014025 0.000137
19.995018 172 0.076249 0.016411 0.000160
20.046402 156 0.080064 0.014884 0.000146
20.097785 148 0.082199 0.014121 0.000138
20.149168 164 0.078087 0.015647 0.000153
20.200552 161 0.078811 0.015361 0.000150
20.251935 152 0.081111 0.014502 0.000142
20.303319 149 0.081923 0.014216 0.000139
20.354702 151 0.081379 0.014407 0.000141
20.406085 163 0.078326 0.015552 0.000152
20.457469 160 0.079057 0.015266 0.000149
20.508852 163 0.078326 0.015552 0.000152
20.560236 157 0.079809 0.014979 0.000147
20.611619 162 0.078567 0.015457 0.000151
20.663002 165 0.077850 0.015743 0.000154
20.714386 143 0.083624 0.013644 0.000134
20.765769 142 0.083918 0.013548 0.000133
20.817153 169 0.076923 0.016124 0.000158
20.868536 175 0.075593 0.016697 0.000163
20.919919 153 0.080845 0.014598 0.000143
20.971303 186 0.073324 0.017746 0.000173
21.022686 171 0.076472 0.016315 0.000160
21.074070 169 0.076923 0.016124 0.000158
21.125453 163 0.078326 0.015552 0.000152
21.176836 179 0.074744 0.017079 0.000167
21.228220 176 0.075378 0.016792 0.000164
21.279603 207 0.069505 0.019750 0.000193
21.330987 180 0.074536 0.017174 0.000168
21.382370 183 0.073922 0.017460 0.000171
21.433753 174 0.075810 0.016601 0.000162
21.485137 176 0.075378 0.016792 0.000164
21.536520 169 0.076923 0.016124 0.000158
21.587904 196 0.071429 0.018701 0.000183
21.639287 177 0.075165 0.016888 0.000165
21.690670 190 0.072548 0.018128 0.000177
21.742054 200 0.070711 0.019082 0.000187
21.793437 196 0.071429 0.018701 0.000183
21.844821 163 0.078326 0.015552 0.000152
21.896204 169 0.076923 0.016124 0.000158
21.947587 207 0.069505 0.019750 0.000193
21.998971 201 0.070535 0.019178 0.000187
22.050354 186 0.073324 0.017746 0.000173
22.101738 178 0.074953 0.016983 0.000166
22.153121 159 0.079305 0.015170 0.000148
22.204504 178 0.074953 0.016983 0.000166
22.255888 193 0.071982 0.018414 0.000180
22.307271 187 0.073127 0.017842 0.000174
22.358655 185 0.073521 0.017651 0.000173
22.410038 159 0.079305 0.015170 0.000148
22.461421 192 0.072169 0.018319 0.000179
22.512805 175 0.075593 0.016697 0.000163
22.564188 158 0.079556 0.015075 0.000147
22.615572 176 0.075378 0.016792 0.000164
22.666955 191 0.072357 0.018223 0.000178
22.718338 193 0.071982 0.018414 0.000180
22.769722 179 0.074744 0.017079 0.000167
22.821105 190 0.072548 0.018128 0.000177
22.872489 192 0.072169 0.018319 0.000179
22.923872 190 0.072548 0.018128 0.000177
22.975255 182 0.074125 0.017365 0.000170
23.026639 180 0.074536 0.017174 0.000168
23.078022 187 0.073127 0.017842 0.000174
23.129406 211 0.068843 0.020132 0.000197
23.180789 156 0.080064 0.014884 0.000146
23.232172 176 0.075378 0.016792 0.000164
23.283556 195 0.071611 0.018605 0.000182
23.334939 156 0.080064 0.014884 0.000146
23.386323 172 0.076249 0.016411 0.000160
23.437706 178 0.074953 0.016983 0.000166
23.489089 187 0.073127 0.017842 0.000174
23.540473 183 0.073922 0.017460 0.000171
23.591856 212 0.068680 0.020227 0.000198
23.643239 202 0.070360 0.019273 0.000188
23.694623 178 0.074953 0.016983 0.000166
23.746006 205 0.069843 0.019559 0.000191
23.797390 168 0.077152 0.016029 0.000157
23.848773 187 0.073127 0.017842 0.000174
23.900157 197 0.071247 0.018796 0.000184
23.951540 192 0.072169 0.018319 0.000179
24.002923 188 0.072932 0.017937 0.000175
24.054307 195 0.071611 0.018605 0.000182
24.105690 204 0.070014 0.019464 0.000190
24.157074 201 0.070535 0.019178 0.000187
24.208457 168 0.077152 0.016029 0.000157
24.259840 176 0.075378 0.016792 0.000164
24.311224 174 0.075810 0.016601 0.000162
24.362607 191 0.072357 0.018223 0.000178
24.413991 162 0.078567 0.015457 0.000151
24.465374 199 0.070888 0.018987 0.000186
24.516757 166 0.077615 0.015838 0.000155
24.568141 202 0.070360 0.019273 0.000188
24.619524 182 0.074125 0.017365 0.000170
24.670908 192 0.072169 0.018319 0.000179
24.722291 190 0.072548 0.018128 0.000177
24.773674 171 0.076472 0.016315 0.000160
24.825058 181 0.074329 0.017269 0.000169
24.876441 166 0.077615 0.015838 0.000155
24.927825 184 0.073721 0.017556 0.000172
24.979208 167 0.077382 0.015934 0.000156
25.030591 160 0.079057 0.015266 0.000149
25.081975 173 0.076029 0.016506 0.000161
25.133358 160 0.079057 0.015266 0.000149
25.184742 150 0.081650 0.014312 0.000140
25.236125 164 0.078087 0.015647 0.000153
25.287508 170 0.076696 0.016220 0.000159
25.338892 171 0.076472 0.016315 0.000160
25.390275 166 0.077615 0.015838 0.000155
25.441659 172 0.076249 0.016411 0.000160
25.493042 161 0.078811 0.015361 0.000150
25.544425 150 0.081650 0.014312 0.000140
25.595809 151 0.081379 0.014407 0.000141
25.647192 152 0.081111 0.014502 0.000142
25.698576 137 0.085436 0.013071 0.000128
25.749959 131 0.087370 0.012499 0.000122
25.801342 128 0.088388 0.012213 0.000120
25.852726 154 0.080582 0.014693 0.000144
25.904109 131 0.087370 0.012499 0.000122
25.955493 142 0.083918 0.013548 0.000133
26.006876 124 0.089803 0.011831 0.000116
26.058259 153 0.080845 0.014598 0.000143
26.109643 129 0.088045 0.012308 0.000121
26.161026 122 0.090536 0.011640 0.000114
26.212410 137 0.085436 0.013071 0.000128
26.263793 144 0.083333 0.013739 0.000134
26.315176 114 0.093659 0.010877 0.000107
26.366560 125 0.089443 0.011926 0.000117
26.417943 127 0.088736 0.012117 0.000119
26.469327 131 0.087370 0.012499 0.000122
26.520710 111 0.094916 0.010591 0.000104
26.572093 123 0.090167 0.011736 0.000115
26.623477 133 0.086711 0.012690 0.000124
26.674860 112 0.094491 0.010686 0.000105
26.726244 107 0.096674 0.010209 0.000100
26.777627 110 0.095346 0.010495 0.000103
26.829010 119 0.091670 0.011354 0.000111
26.880394 135 0.086066 0.012880 0.000126
26.931777 117 0.092450 0.011163 0.000109
26.983161 112 0.094491 0.010686 0.000105
27.034544 116 0.092848 0.011068 0.000108
27.085927 111 0.094916 0.010591 0.000104
27.137311 88 0.106600 0.008396 0.000083
27.188694 106 0.097129 0.010114 0.000099
27.240078 113 0.094072 0.010781 0.000106
27.291461 105 0.097590 0.010018 0.000098
27.342844 111 0.094916 0.010591 0.000104
27.394228 86 0.107833 0.008205 0.000081
27.445611 117 0.092450 0.011163 0.000109
27.496995 111 0.094916 0.010591 0.000104
27.548378 117 0.092450 0.011163 0.000109
27.599761 87 0.107211 0.008301 0.000082
27.651145 98 0.101015 0.009350 0.000092
27.702528 96 0.102062 0.009159 0.000090
27.753912 78 0.113228 0.007442 0.000073
27.805295 92 0.104257 0.008778 0.000086
27.856678 89 0.106000 0.008492 0.000084
27.908062 96 0.102062 0.009159 0.000090
27.959445 99 0.100504 0.009446 0.000093
28.010829 95 0.102598 0.009064 0.000089
28.062212 89 0.106000 0.008492 0.000084
28.113595 84 0.109109 0.008015 0.000079
28.164979 100 0.100000 0.009541 0.000094
28.216362 70 0.119523 0.006679 0.000066
28.267746 100 0.100000 0.009541 0.000094
28.319129 93 0.103695 0.008873 0.000087
28.370512 89 0.106000 0.008492 0.000084
28.421896 110 0.095346 0.010495 0.000103
28.473279 97 0.101535 0.009255 0.000091
28.524663 80 0.111803 0.007633 0.000075
28.576046 90 0.105409 0.008587 0.000084
28.627429 104 0.098058 0.009923 0.000097
28.678813 81 0.111111 0.007728 0.000076
28.730196 94 0.103142 0.008969 0.000088
28.781580 95 0.102598 0.009064 0.000089
28.832963 92 0.104257 0.008778 0.000086
28.884346 94 0.103142 0.008969 0.000088
28.935730 97 0.101535 0.009255 0.000091
28.987113 79 0.112509 0.007537 0.000074
29.038497 81 0.111111 0.007728 0.000076
29.089880 89 0.106000 0.008492 0.000084
29.141263 78 0.113228 0.007442 0.000073
29.192647 88 0.106600 0.008396 0.000083
29.244030 87 0.107211 0.008301 0.000082
29.295414 102 0.099015 0.009732 0.000096
29.346797 84 0.109109 0.008015 0.000079
29.398180 84 0.109109 0.008015 0.000079
29.449564 87 0.107211 0.008301 0.000082
29.500947 85 0.108465 0.008110 0.000080
29.552331 72 0.117851 0.006870 0.000068
29.603714 91 0.104828 0.008682 0.000085
29.655097 77 0.113961 0.007347 0.000073
29.706481 91 0.104828 0.008682 0.000085
29.757864 87 0.107211 0.008301 0.000082
29.809248 83 0.109764 0.007919 0.000078
29.860631 78 0.113228 0.007442 0.000073
29.912014 80 0.111803 0.007633 0.000075
29.963398 101 0.099504 0.009636 0.000095
30.014781 74 0.116248 0.007060 0.000070
30.066165 89 0.106000 0.008492 0.000084
30.117548 71 0.118678 0.006774 0.000067
30.168931 70 0.119523 0.006679 0.000066
30.220315 80 0.111803 0.007633 0.000075
30.271698 76 0.114708 0.007251 0.000072
30.323082 91 0.104828 0.008682 0.000085
30.374465 77 0.113961 0.007347 0.000073
30.425848 78 0.113228 0.007442 0.000073
30.477232 77 0.113961 0.007347 0.000073
30.528615 68 0.121268 0.006488 0.000064
30.579999 66 0.123091 0.006297 0.000063
30.631382 93 0.103695 0.008873 0.000087
30.682765 61 0.128037 0.005820 0.000058
30.734149 81 0.111111 0.007728 0.000076
30.785532 78 0.113228 0.007442 0.000073
30.836916 83 0.109764 0.007919 0.000078
30.888299 88 0.106600 0.008396 0.000083
30.939682 61 0.128037 0.005820 0.000058
30.991066 89 0.106000 0.008492 0.000084
31.042449 92 0.104257 0.008778 0.000086
31.093833 75 0.115470 0.007156 0.000071
31.145216 76 0.114708 0.007251 0.000072
31.196599 67 0.122169 0.006393 0.000064
31.247983 73 0.117041 0.006965 0.000069
31.299366 86 0.107833 0.008205 0.000081
31.350750 82 0.110432 0.007824 0.000077
31.402133 66 0.123091 0.006297 0.000063
31.453516 83 0.109764 0.007919 0.000078
31.504900 76 0.114708 0.007251 0.000072
31.556283 64 0.125000 0.006106 0.000061
31.607667 77 0.113961 0.007347 0.000073
31.659050 58 0.131306 0.005534 0.000055
31.710433 79 0.112509 0.007537 0.000074
31.761817 73 0.117041 0.006965 0.000069
31.813200 88 0.106600 0.008396 0.000083
31.864584 66 0.123091 0.006297 0.000063
31.915967 76 0.114708 0.007251 0.000072
31.967350 90 0.105409 0.008587 0.000084
32.018734 79 0.112509 0.007537 0.000074
32.070117 64 0.125000 0.006106 0.000061
32.121500 66 0.123091 0.006297 0.000063
32.172884 78 0.113228 0.007442 0.000073
32.224267 79 0.112509 0.007537 0.000074
32.275651 54 0.136083 0.005152 0.000052
32.327034 61 0.128037 0.005820 0.000058
32.378417 69 0.120386 0.006583 0.000065
32.429801 56 0.133631 0.005343 0.000054
32.481184 74 0.116248 0.007060 0.000070
32.532568 63 0.125988 0.006011 0.000060
32.583951 59 0.130189 0.005629 0.000056
32.635334 64 0.125000 0.006106 0.000061
32.686718 60 0.129099 0.005725 0.000057
32.738101 60 0.129099 0.005725 0.000057
32.789485 65 0.124035 0.006202 0.000062
32.840868 66 0.123091 0.006297 0.000063
32.892252 53 0.137361 0.005057 0.000051
32.943635 58 0.131306 0.005534 0.000055
32.995018 70 0.119523 0.006679 0.000066
33.046402 41 0.156174 0.003912 0.000041
33.097785 52 0.138675 0.004961 0.000050
33.149169 45 0.149071 0.004293 0.000044
33.200552 60 0.129099 0.005725 0.000057
33.251935 48 0.144338 0.004580 0.000047
33.303319 57 0.132453 0.005438 0.000055
33.354702 54 0.136083 0.005152 0.000052
33.406086 61 0.128037 0.005820 0.000058
33.457469 51 0.140028 0.004866 0.000049
33.508852 57 0.132453 0.005438 0.000055
33.560236 47 0.145865 0.004484 0.000046
33.611619 65 0.124035 0.006202 0.000062
33.663003 60 0.129099 0.005725 0.000057
33.714386 53 0.137361 0.005057 0.000051
33.765769 42 0.154303 0.004007 0.000042
33.817153 49 0.142857 0.004675 0.000048
33.868536 33 0.174078 0.003149 0.000035
33.919919 48 0.144338 0.004580 0.000047
33.971303 35 0.169031 0.003339 0.000036
34.022686 36 0.166667 0.003435 0.000037
34.074070 39 0.160128 0.003721 0.000039
34.125453 46 0.147442 0.004389 0.000045
34.176836 39 0.160128 0.003721 0.000039
34.228220 39 0.160128 0.003721 0.000039
34.279603 38 0.162221 0.003626 0.000039
34.330987 37 0.164399 0.003530 0.000038
34.382370 37 0.164399 0.003530 0.000038
34.433753 27 0.192450 0.002576 0.000031
34.485137 35 0.169031 0.003339 0.000036
34.536520 37 0.164399 0.003530 0.000038
34.587904 30 0.182574 0.002862 0.000033
34.639287 36 0.166667 0.003435 0.000037
34.690670 31 0.179605 0.002958 0.000034
34.742054 40 0.158114 0.003816 0.000040
34.793437 32 0.176777 0.003053 0.000034
34.844821 27 0.192450 0.002576 0.000031
34.896204 29 0.185695 0.002767 0.000032
34.947587 34 0.171499 0.003244 0.000036
34.998971 31 0.179605 0.002958 0.000034
35.050354 17 0.242536 0.001622 0.000028
35.101738 35 0.169031 0.003339 0.000036
35.153121 22 0.213201 0.002099 0.000029
35.204504 31 0.179605 0.002958 0.000034
35.255888 15 0.258199 0.001431 0.000028
35.307271 16 0.250000 0.001527 0.000028
35.358655 23 0.208514 0.002194 0.000029
35.410038 20 0.223607 0.001908 0.000028
35.461422 21 0.218218 0.002004 0.000029
35.512805 23 0.208514 0.002194 0.000029
35.564188 25 0.200000 0.002385 0.000030
35.615572 29 0.185695 0.002767 0.000032
35.666955 21 0.218218 0.002004 0.000029
35.718339 25 0.200000 0.002385 0.000030
35.769722 22 0.213201 0.002099 0.000029
35.821105 16 0.250000 0.001527 0.000028
35.872489 27 0.192450 0.002576 0.000031
35.923872 13 0.277350 0.001240 0.000029
35.975256 26 0.196116 0.002481 0.000031
36.026639 21 0.218218 0.002004 0.000029
36.078022 16 0.250000 0.001527 0.000028
36.129406 27 0.192450 0.002576 0.000031
36.180789 16 0.250000 0.001527 0.000028
36.232173 14 0.267261 0.001336 0.000029
36.283556 18 0.235702 0.001717 0.000028
36.334939 13 0.277350 0.001240 0.000029
36.386323 10 0.316228 0.000954 0.000032
36.437706 18 0.235702 0.001717 0.000028
36.489090 8 0.353553 0.000763 0.000035
36.540473 10 0.316228 0.000954 0.000032
36.591856 14 0.267261 0.001336 0.000029
36.643240 12 0.288675 0.001145 0.000030
36.694623 11 0.301511 0.001050 0.000031
36.746006 14 0.267261 0.001336 0.000029
36.797390 9 0.333333 0.000859 0.000033
36.848773 13 0.277350 0.001240 0.000029
36.900157 7 0.377964 0.000668 0.000037
36.951540 11 0.301511 0.001050 0.000031
37.002923 12 0.288675 0.001145 0.000030
37.054307 7 0.377964 0.000668 0.000037
37.105690 8 0.353553 0.000763 0.000035
37.157074 10 0.316228 0.000954 0.000032
37.208457 14 0.267261 0.001336 0.000029
37.259840 10 0.316228 0.000954 0.000032
37.311224 16 0.250000 0.001527 0.000028
37.362607 10 0.316228 0.000954 0.000032
37.413991 6 0.408248 0.000572 0.000039
37.465374 5 0.447214 0.000477 0.000043
37.516757 4 0.500000 0.000382 0.000048
37.568141 2 0.707107 0.000191 0.000067
37.619524 7 0.377964 0.000668 0.000037
37.670908 10 0.316228 0.000954 0.000032
37.722291 7 0.377964 0.000668 0.000037
37.773674 7 0.377964 0.000668 0.000037
37.825058 3 0.577350 0.000286 0.000055
37.876441 7 0.377964 0.000668 0.000037
37.927825 7 0.377964 0.000668 0.000037
37.979208 3 0.577350 0.000286 0.000055
38.030591 3 0.577350 0.000286 0.000055
38.081975 5 0.447214 0.000477 0.000043
38.133358 2 0.707107 0.000191 0.000067
38.184742 3 0.577350 0.000286 0.000055
38.236125 7 0.377964 0.000668 0.000037
38.287509 6 0.408248 0.000572 0.000039
38.338892 2 0.707107 0.000191 0.000067
38.390275 2 0.707107 0.000191 0.000067
38.441659 4 0.500000 0.000382 0.000048
38.493042 4 0.500000 0.000382 0.000048
38.544426 5 0.447214 0.000477 0.000043
38.595809 5 0.447214 0.000477 0.000043
38.647192 2 0.707107 0.000191 0.000067
38.698576 1 1.000000 0.000095 0.000095
38.749959 1 1.000000 0.000095 0.000095
38.801343 2 0.707107 0.000191 0.000067
38.852726 4 0.500000 0.000382 0.000048
38.904109 2 0.707107 0.000191 0.000067
38.955493 2 0.707107 0.000191 0.000067
39.006876 0 0.000000 0.000000 0.000000
39.058260 2 0.707107 0.000191 0.000067
39.109643 0 0.000000 0.000000 0.000000
39.161026 1 1.000000 0.000095 0.000095
39.212410 1 1.000000 0.000095 0.000095
39.263793 3 0.577350 0.000286 0.000055
39.315176 1 1.000000 0.000095 0.000095
39.366560 0 0.000000 0.000000 0.000000
39.417943 1 1.000000 0.000095 0.000095
39.469327 0 0.000000 0.000000 0.000000
39.520710 0 0.000000 0.000000 0.000000
39.572093 1 1.000000 0.000095 0.000095
39.623477 3 0.577350 0.000286 0.000055
39.674860 0 0.000000 0.000000 0.000000
39.726244 0 0.000000 0.000000 0.000000
39.777627 1 1.000000 0.000095 0.000095
39.829010 0 0.000000 0.000000 0.000000
39.880394 0 0.000000 0.000000 0.000000
39.931777 0 0.000000 0.000000 0.000000
39.983161 0 0.000000 0.000000 0.000000
40.034544 0 0.000000 0.000000 0.000000
40.085927 1 1.000000 0.000095 0.000095
40.137311 0 0.000000 0.000000 0.000000
40.188694 1 1.000000 0.000095 0.000095
40.240078 0 0.000000 0.000000 0.000000
40.291461 0 0.000000 0.000000 0.000000
40.342844 0 0.000000 0.000000 0.000000
40.394228 0 0.000000 0.000000 0.000000
40.445611 0 0.000000 0.000000 0.000000
40.496995 0 0.000000 0.000000 0.000000
40.548378 0 0.000000 0.000000 0.000000
40.599761 1 1.000000 0.000095 0.000095
40.651145 0 0.000000 0.000000 0.000000
40.702528 0 0.000000 0.000000 0.000000
40.753912 0 0.000000 0.000000 0.000000
40.805295 0 0.000000 0.000000 0.000000
40.856679 0 0.000000 0.000000 0.000000
40.908062 0 0.000000 0.000000 0.000000
40.959445 0 0.000000 0.000000 0.000000
41.010829 0 0.000000 0.000000 0.000000
41.062212 0 0.000000 0.000000 0.000000
41.113596 0 0.000000 0.000000 0.000000
41.164979 1 1.000000 0.000095 0.000095
41.216362 1 1.000000 0.000095 0.000095
41.267746 0 0.000000 0.000000 0.000000
41.319129 1 1.000000 0.000095 0.000095
41.370513 0 0.000000 0.000000 0.000000
41.421896 0 0.000000 0.000000 0.000000
41.473279 0 0.000000 0.000000 0.000000
41.524663 0 0.000000 0.000000 0.000000
41.576046 0 0.000000 0.000000 0.000000
41.627430 0 0.000000 0.000000 0.000000
41.678813 1 1.000000 0.000095 0.000095
41.730196 0 0.000000 0.000000 0.000000
41.781580 0 0.000000 0.000000 0.000000
41.832963 1 1.000000 0.000095 0.000095
41.884346 0 0.000000 0.000000 0.000000
41.935730 1 1.000000 0.000095 0.000095
41.987113 0 0.000000 0.000000 0.000000
42.038497 0 0.000000 0.000000 0.000000
42.089880 0 0.000000 0.000000 0.000000
42.141263 0 0.000000 0.000000 0.000000
42.192647 0 0.000000 0.000000 0.000000
42.244030 0 0.000000 0.000000 0.000000
42.295414 0 0.000000 0.000000 0.000000
42.346797 0 0.000000 0.000000 0.000000
42.398180 0 0.000000 0.000000 0.000000
42.449564 0 0.000000 0.000000 0.000000
42.500947 0 0.000000 0.000000 0.000000
42.552331 0 0.000000 0.000000 0.000000
42.603714 0 0.000000 0.000000 0.000000
42.655097 0 0.000000 0.000000 0.000000
42.706481 0 0.000000 0.000000 0.000000
42.757864 0 0.000000 0.000000 0.000000
42.809248 0 0.000000 0.000000 0.000000
42.860631 0 0.000000 0.000000 0.000000
42.912014 0 0.000000 0.000000 0.000000
42.963398 0 0.000000 0.000000 0.000000
43.014781 0 0.000000 0.000000 0.000000
43.066165 0 0.000000 0.000000 0.000000
43.117548 0 0.000000 0.000000 0.000000
43.168931 0 0.000000 0.000000 0.000000
43.220315 0 0.000000 0.000000 0.000000
43.271698 0 0.000000 0.000000 0.000000
43.323082 0 0.000000 0.000000 0.000000
43.374465 0 0.000000 0.000000 0.000000
43.425849 0 0.000000 0.000000 0.000000
43.477232 0 0.000000 0.000000 0.000000
43.528615 0 0.000000 0.000000 0.000000
43.579999 0 0.000000 0.000000 0.000000
43.631382 0 0.000000 0.000000 0.000000
43.682766 0 0.000000 0.000000 0.000000
43.734149 0 0.000000 0.000000 0.000000
43.785532 0 0.000000 0.000000 0.000000
43.836916 1 1.000000 0.000095 0.000095
43.888299 0 0.000000 0.000000 0.000000
43.939683 1 1.000000 0.000095 0.000095
43.991066 0 0.000000 0.000000 0.000000
44.042449 0 0.000000 0.000000 0.000000
44.093833 0 0.000000 0.000000 0.000000
44.145216 0 0.000000 0.000000 0.000000
44.196600 1 1.000000 0.000095 0.000095
44.247983 1 1.000000 0.000095 0.000095
44.299366 0 0.000000 0.000000 0.000000
44.350750 0 0.000000 0.000000 0.000000
44.402133 0 0.000000 0.000000 0.000000
44.453517 0 0.000000 0.000000 0.000000
44.504900 0 0.000000 0.000000 0.000000
44.556283 0 0.000000 0.000000 0.000000
44.607667 1 1.000000 0.000095 0.000095
44.659050 0 0.000000 0.000000 0.000000
44.710433 1 1.000000 0.000095 0.000095
44.761817 0 0.000000 0.000000 0.000000
44.813200 0 0.000000 0.000000 0.000000
44.864584 0 0.000000 0.000000 0.000000
44.915967 0 0.000000 0.000000 0.000000
44.967350 0 0.000000 0.000000 0.000000
45.018734 0 0.000000 0.000000 0.000000
45.070117 0 0.000000 0.000000 0.000000
45.121501 0 0.000000 0.000000 0.000000
45.172884 0 0.000000 0.000000 0.000000
45.224267 0 0.000000 0.000000 0.000000
45.275651 0 0.000000 0.000000 0.000000
45.327034 0 0.000000 0.000000 0.000000
45.378418 0 0.000000 0.000000 0.000000
45.429801 0 0.000000 0.000000 0.000000
45.481184 0 0.000000 0.000000 0.000000
45.532568 0 0.000000 0.000000 0.000000
45.583951 0 0.000000 0.000000 0.000000
45.635335 0 0.000000 0.000000 0.000000
45.686718 0 0.000000 0.000000 0.000000
45.738101 0 0.000000 0.000000 0.000000
45.789485 1 1.000000 0.000095 0.000095
45.840868 0 0.000000 0.000000 0.000000
45.892252 0 0.000000 0.000000 0.000000
45.943635 0 0.000000 0.000000 0.000000
45.995019 0 0.000000 0.000000 0.000000
46.046402 0 0.000000 0.000000 0.000000
46.097785 0 0.000000 0.000000 0.000000
46.149169 0 0.000000 0.000000 0.000000
46.200552 0 0.000000 0.000000 0.000000
46.251936 0 0.000000 0.000000 0.000000
46.303319 1 1.000000 0.000095 0.000095
46.354702 0 0.000000 0.000000 0.000000
46.406086 0 0.000000 0.000000 0.000000
46.457469 0 0.000000 0.000000 0.000000
46.508853 0 0.000000 0.000000 0.000000
46.560236 0 0.000000 0.000000 0.000000
46.611619 0 0.000000 0.000000 0.000000
46.663003 0 0.000000 0.000000 0.000000
46.714386 0 0.000000 0.000000 0.000000
46.765770 0 0.000000 0.000000 0.000000
46.817153 0 0.000000 0.000000 0.000000
46.868536 0 0.000000 0.000000 0.000000
46.919920 0 0.000000 0.000000 0.000000
46.971303 0 0.000000 0.000000 0.000000
47.022687 0 0.000000 0.000000 0.000000
47.074070 0 0.000000 0.000000 0.000000
47.125453 0 0.000000 0.000000 0.000000
47.176837 0 0.000000 0.000000 0.000000
47.228220 0 0.000000 0.000000 0.000000
47.279604 0 0.000000 0.000000 0.000000
47.330987 0 0.000000 0.000000 0.000000
47.382370 1 1.000000 0.000095 0.000095
47.433754 0 0.000000 0.000000 0.000000
47.485137 0 0.000000 0.000000 0.000000
47.536520 0 0.000000 0.000000 0.000000
47.587904 0 0.000000 0.000000 0.000000
47.639287 0 0.000000 0.000000 0.000000
47.690671 0 0.000000 0.000000 0.000000
47.742054 0 0.000000 0.000000 0.000000
47.793437 0 0.000000 0.000000 0.000000
47.844821 0 0.000000 0.000000 0.000000
47.896204 0 0.000000 0.000000 0.000000
47.947588 0 0.000000 0.000000 0.000000
47.998971 0 0.000000 0.000000 0.000000
48.050354 0 0.000000 0.000000 0.000000
48.101738 0 0.000000 0.000000 0.000000
48.153121 0 0.000000 0.000000 0.000000
48.204505 0 0.000000 0.000000 0.000000
48.255888 0 0.000000 0.000000 0.000000
48.307271 0 0.000000 0.000000 0.000000
48.358655 0 0.000000 0.000000 0.000000
48.410038 0 0.000000 0.000000 0.000000
48.461422 0 0.000000 0.000000 0.000000
48.512805 0 0.000000 0.000000 0.000000
48.564189 0 0.000000 0.000000 0.000000
48.615572 0 0.000000 0.000000 0.000000
48.666955 0 0.000000 0.000000 0.000000
48.718339 0 0.000000 0.000000 0.000000
48.769722 0 0.000000 0.000000 0.000000
48.821106 0 0.000000 0.000000 0.000000
48.872489 0 0.000000 0.000000 0.000000
48.923872 0 0.000000 0.000000 0.000000
48.975256 0 0.000000 0.000000 0.000000
49.026639 1 1.000000 0.000095 0.000095
49.078023 0 0.000000 0.000000 0.000000
49.129406 0 0.000000 0.000000 0.000000
49.180789 0 0.000000 0.000000 0.000000
49.232173 0 0.000000 0.000000 0.000000
49.283556 0 0.000000 0.000000 0.000000
49.334940 0 0.000000 0.000000 0.000000
49.386323 0 0.000000 0.000000 0.000000
49.437706 0 0.000000 0.000000 0.000000
49.489090 0 0.000000 0.000000 0.000000
49.540473 0 0.000000 0.000000 0.000000
49.591857 0 0.000000 0.000000 0.000000
49.643240 0 0.000000 0.000000 0.000000
49.694623 0 0.000000 0.000000 0.000000
49.746007 0 0.000000 0.000000 0.000000
49.797390 0 0.000000 0.000000 0.000000
49.848774 0 0.000000 0.000000 0.000000
49.900157 0 0.000000 0.000000 0.000000
49.951540 0 0.000000 0.000000 0.000000
50.002924 0 0.000000 0.000000 0.000000
50.054307 0 0.000000 0.000000 0.000000
50.105690 0 0.000000 0.000000 0.000000
50.157074 0 0.000000 0.000000 0.000000
50.208457 0 0.000000 0.000000 0.000000
50.259841 0 0.000000 0.000000 0.000000
50.311224 0 0.000000 0.000000 0.000000
50.362607 0 0.000000 0.000000 0.000000
50.413991 0 0.000000 0.000000 0.000000
50.465374 0 0.000000 0.000000 0.000000
50.516758 0 0.000000 0.000000 0.000000
50.568141 0 0.000000 0.000000 0.000000
50.619524 0 0.000000 0.000000 0.000000
50.670908 0 0.000000 0.000000 0.000000
50.722291 0 0.000000 0.000000 0.000000
50.773675 0 0.000000 0.000000 0.000000
50.825058 0 0.000000 0.000000 0.000000
50.876441 0 0.000000 0.000000 0.000000
50.927825 0 0.000000 0.000000 0.000000
50.979208 0 0.000000 0.000000 0.000000
