# bkgd 287 16416 0.0513834 0.059028133610095526 128.12493902437572
-0.352808 0 0.000000 0.000000 0.000000
-0.301425 0 0.000000 0.000000 0.000000
-0.250042 0 0.000000 0.000000 0.000000
-0.198658 0 0.000000 0.000000 0.000000
-0.147275 0 0.000000 0.000000 0.000000
-0.095891 0 0.000000 0.000000 0.000000
-0.044508 0 0.000000 0.000000 0.000000
0.006876 2 0.707107 0.000122 0.000043
0.058259 0 0.000000 0.000000 0.000000
0.109642 8 0.353553 0.000487 0.000022
0.161026 14 0.267261 0.000853 0.000018
0.212409 31 0.179605 0.001888 0.000018
0.263793 30 0.182574 0.001827 0.000018
0.315176 51 0.140028 0.003107 0.000026
0.366559 86 0.107833 0.005239 0.000041
0.417943 110 0.095346 0.006701 0.000053
0.469326 110 0.095346 0.006701 0.000053
0.520710 144 0.083333 0.008772 0.000069
0.572093 134 0.086387 0.008163 0.000064
0.623476 138 0.085126 0.008406 0.000066
0.674860 121 0.090909 0.007371 0.000058
0.726243 116 0.092848 0.007066 0.000055
0.777626 80 0.111803 0.004873 0.000039
0.829010 58 0.131306 0.003533 0.000029
0.880393 45 0.149071 0.002741 0.000023
0.931777 45 0.149071 0.002741 0.000023
0.983160 31 0.179605 0.001888 0.000018
1.034543 23 0.208514 0.001401 0.000017
1.085927 32 0.176777 0.001949 0.000019
1.137310 35 0.169031 0.002132 0.000020
1.188694 26 0.196116 0.001584 0.000017
1.240077 31 0.179605 0.001888 0.000018
1.291460 34 0.171499 0.002071 0.000019
1.342844 34 0.171499 0.002071 0.000019
1.394227 35 0.169031 0.002132 0.000020
1.445611 33 0.174078 0.002010 0.000019
1.496994 55 0.134840 0.003350 0.000027
1.548377 40 0.158114 0.002437 0.000021
1.599761 42 0.154303 0.002558 0.000022
1.651144 40 0.158114 0.002437 0.000021
1.702528 64 0.125000 0.003899 0.000031
1.753911 57 0.132453 0.003472 0.000028
1.805295 60 0.129099 0.003655 0.000030
1.856678 74 0.116248 0.004508 0.000036
1.908061 92 0.104257 0.005604 0.000044
1.959445 91 0.104828 0.005543 0.000044
2.010828 82 0.110432 0.004995 0.000040
2.062212 86 0.107833 0.005239 0.000041
2.113595 88 0.106600 0.005361 0.000042
2.164978 115 0.093250 0.007005 0.000055
2.216362 89 0.106000 0.005422 0.000043
2.267745 119 0.091670 0.007249 0.000057
2.319129 103 0.098533 0.006274 0.000049
2.370512 106 0.097129 0.006457 0.000051
2.421895 119 0.091670 0.007249 0.000057
2.473279 118 0.092057 0.007188 0.000056
2.524662 121 0.090909 0.007371 0.000058
2.576046 112 0.094491 0.006823 0.000054
2.627429 148 0.082199 0.009016 0.000071
2.678812 130 0.087706 0.007919 0.000062
2.730196 138 0.085126 0.008406 0.000066
2.781579 137 0.085436 0.008346 0.000065
2.832963 116 0.092848 0.007066 0.000055
2.884346 142 0.083918 0.008650 0.000068
2.935729 134 0.086387 0.008163 0.000064
2.987113 130 0.087706 0.007919 0.000062
3.038496 135 0.086066 0.008224 0.000064
3.089880 141 0.084215 0.008589 0.000067
3.141263 136 0.085749 0.008285 0.000065
3.192646 137 0.085436 0.008346 0.000065
3.244030 136 0.085749 0.008285 0.000065
3.295413 150 0.081650 0.009137 0.000071
3.346797 136 0.085749 0.008285 0.000065
3.398180 160 0.079057 0.009747 0.000076
3.449563 152 0.081111 0.009259 0.000072
3.500947 124 0.089803 0.007554 0.000059
3.552330 126 0.089087 0.007675 0.000060
3.603714 141 0.084215 0.008589 0.000067
3.655097 141 0.084215 0.008589 0.000067
3.706480 152 0.081111 0.009259 0.000072
3.757864 154 0.080582 0.009381 0.000073
3.809247 156 0.080064 0.009503 0.000074
3.860631 137 0.085436 0.008346 0.000065
3.912014 135 0.086066 0.008224 0.000064
3.963397 116 0.092848 0.007066 0.000055
4.014781 159 0.079305 0.009686 0.000076
4.066164 142 0.083918 0.008650 0.000068
4.117548 134 0.086387 0.008163 0.000064
4.168931 137 0.085436 0.008346 0.000065
4.220314 139 0.084819 0.008467 0.000066
4.271698 150 0.081650 0.009137 0.000071
4.323081 146 0.082761 0.008894 0.000070
4.374465 145 0.083045 0.008833 0.000069
4.425848 130 0.087706 0.007919 0.000062
4.477231 116 0.092848 0.007066 0.000055
4.528615 145 0.083045 0.008833 0.000069
4.579998 123 0.090167 0.007493 0.000059
4.631381 137 0.085436 0.008346 0.000065
4.682765 126 0.089087 0.007675 0.000060
4.734148 134 0.086387 0.008163 0.000064
4.785532 138 0.085126 0.008406 0.000066
4.836915 143 0.083624 0.008711 0.000068
4.888299 142 0.083918 0.008650 0.000068
4.939682 126 0.089087 0.007675 0.000060
4.991065 138 0.085126 0.008406 0.000066
5.042449 139 0.084819 0.008467 0.000066
5.093832 150 0.081650 0.009137 0.000071
5.145216 128 0.088388 0.007797 0.000061
5.196599 129 0.088045 0.007858 0.000062
5.247982 164 0.078087 0.009990 0.000078
5.299366 136 0.085749 0.008285 0.000065
5.350749 133 0.086711 0.008102 0.000063
5.402133 140 0.084515 0.008528 0.000067
5.453516 144 0.083333 0.008772 0.000069
5.504899 138 0.085126 0.008406 0.000066
5.556283 143 0.083624 0.008711 0.000068
5.607666 131 0.087370 0.007980 0.000063
5.659050 163 0.078326 0.009929 0.000078
5.710433 178 0.074953 0.010843 0.000085
5.761816 126 0.089087 0.007675 0.000060
5.813200 134 0.086387 0.008163 0.000064
5.864583 148 0.082199 0.009016 0.000071
5.915967 170 0.076696 0.010356 0.000081
5.967350 141 0.084215 0.008589 0.000067
6.018733 148 0.082199 0.009016 0.000071
6.070117 164 0.078087 0.009990 0.000078
6.121500 156 0.080064 0.009503 0.000074
6.172884 164 0.078087 0.009990 0.000078
6.224267 164 0.078087 0.009990 0.000078
6.275650 174 0.075810 0.010599 0.000083
6.327034 158 0.079556 0.009625 0.000075
6.378417 184 0.073721 0.011209 0.000088
6.429801 171 0.076472 0.010417 0.000081
6.481184 166 0.077615 0.010112 0.000079
6.532567 166 0.077615 0.010112 0.000079
6.583951 168 0.077152 0.010234 0.000080
6.635334 181 0.074329 0.011026 0.000086
6.686718 203 0.070186 0.012366 0.000097
6.738101 185 0.073521 0.011269 0.000088
6.789484 196 0.071429 0.011940 0.000093
6.840868 219 0.067574 0.013341 0.000104
6.892251 183 0.073922 0.011148 0.000087
6.943634 203 0.070186 0.012366 0.000097
6.995018 204 0.070014 0.012427 0.000097
7.046401 205 0.069843 0.012488 0.000098
7.097785 228 0.066227 0.013889 0.000108
7.149168 205 0.069843 0.012488 0.000098
7.200552 226 0.066519 0.013767 0.000108
7.251935 210 0.069007 0.012792 0.000100
7.303318 199 0.070888 0.012122 0.000095
7.354702 240 0.064550 0.014620 0.000114
7.406085 210 0.069007 0.012792 0.000100
7.457469 244 0.064018 0.014864 0.000116
7.508852 220 0.067420 0.013402 0.000105
7.560235 215 0.068199 0.013097 0.000102
7.611619 225 0.066667 0.013706 0.000107
7.663002 234 0.065372 0.014254 0.000111
7.714386 211 0.068843 0.012853 0.000100
7.765769 204 0.070014 0.012427 0.000097
7.817152 218 0.067729 0.013280 0.000104
7.868536 215 0.068199 0.013097 0.000102
7.919919 239 0.064685 0.014559 0.000114
7.971303 244 0.064018 0.014864 0.000116
8.022686 223 0.066965 0.013584 0.000106
8.074069 232 0.065653 0.014133 0.000110
8.125453 223 0.066965 0.013584 0.000106
8.176836 214 0.068359 0.013036 0.000102
8.228219 255 0.062622 0.015534 0.000121
8.279603 242 0.064282 0.014742 0.000115
8.330986 264 0.061546 0.016082 0.000126
8.382370 254 0.062746 0.015473 0.000121
8.433753 276 0.060193 0.016813 0.000131
8.485136 228 0.066227 0.013889 0.000108
8.536520 240 0.064550 0.014620 0.000114
8.587903 241 0.064416 0.014681 0.000115
8.639287 248 0.063500 0.015107 0.000118
8.690670 255 0.062622 0.015534 0.000121
8.742054 287 0.059028 0.017483 0.000136
8.793437 254 0.062746 0.015473 0.000121
8.844820 245 0.063888 0.014924 0.000117
8.896204 247 0.063628 0.015046 0.000117
8.947587 240 0.064550 0.014620 0.000114
8.998970 232 0.065653 0.014133 0.000110
9.050354 240 0.064550 0.014620 0.000114
9.101737 244 0.064018 0.014864 0.000116
9.153121 246 0.063758 0.014985 0.000117
9.204504 279 0.059868 0.016996 0.000133
9.255888 238 0.064820 0.014498 0.000113
9.307271 234 0.065372 0.014254 0.000111
9.358654 255 0.062622 0.015534 0.000121
9.410038 239 0.064685 0.014559 0.000114
9.461421 249 0.063372 0.015168 0.000118
9.512804 240 0.064550 0.014620 0.000114
9.564188 277 0.060084 0.016874 0.000132
9.615571 271 0.060746 0.016508 0.000129
9.666955 245 0.063888 0.014924 0.000117
9.718338 251 0.063119 0.015290 0.000119
9.769721 232 0.065653 0.014133 0.000110
9.821105 237 0.064957 0.014437 0.000113
9.872488 236 0.065094 0.014376 0.000112
9.923872 266 0.061314 0.016204 0.000127
9.975255 268 0.061085 0.016326 0.000127
10.026639 268 0.061085 0.016326 0.000127
10.078022 230 0.065938 0.014011 0.000109
10.129405 246 0.063758 0.014985 0.000117
10.180789 266 0.061314 0.016204 0.000127
10.232172 262 0.061780 0.015960 0.000125
10.283555 251 0.063119 0.015290 0.000119
10.334939 261 0.061898 0.015899 0.000124
10.386322 236 0.065094 0.014376 0.000112
10.437706 264 0.061546 0.016082 0.000126
10.489089 270 0.060858 0.016447 0.000128
10.540472 253 0.062869 0.015412 0.000120
10.591856 243 0.064150 0.014803 0.000116
10.643239 260 0.062017 0.015838 0.000124
10.694623 250 0.063246 0.015229 0.000119
10.746006 246 0.063758 0.014985 0.000117
10.797390 257 0.062378 0.015655 0.000122
10.848773 248 0.063500 0.015107 0.000118
10.900156 242 0.064282 0.014742 0.000115
10.951540 244 0.064018 0.014864 0.000116
11.002923 239 0.064685 0.014559 0.000114
11.054306 232 0.065653 0.014133 0.000110
11.105690 259 0.062137 0.015777 0.000123
11.157073 237 0.064957 0.014437 0.000113
11.208457 263 0.061663 0.016021 0.000125
11.259840 241 0.064416 0.014681 0.000115
11.311224 244 0.064018 0.014864 0.000116
11.362607 242 0.064282 0.014742 0.000115
11.413990 230 0.065938 0.014011 0.000109
11.465374 253 0.062869 0.015412 0.000120
11.516757 243 0.064150 0.014803 0.000116
11.568141 260 0.062017 0.015838 0.000124
11.619524 260 0.062017 0.015838 0.000124
11.670907 255 0.062622 0.015534 0.000121
11.722291 257 0.062378 0.015655 0.000122
11.773674 241 0.064416 0.014681 0.000115
11.825057 249 0.063372 0.015168 0.000118
11.876441 247 0.063628 0.015046 0.000117
11.927824 256 0.062500 0.015595 0.000122
11.979208 249 0.063372 0.015168 0.000118
12.030591 247 0.063628 0.015046 0.000117
12.081975 235 0.065233 0.014315 0.000112
12.133358 247 0.063628 0.015046 0.000117
12.184741 246 0.063758 0.014985 0.000117
12.236125 265 0.061430 0.016143 0.000126
12.287508 221 0.067267 0.013462 0.000105
12.338891 264 0.061546 0.016082 0.000126
12.390275 246 0.063758 0.014985 0.000117
12.441658 215 0.068199 0.013097 0.000102
12.493042 236 0.065094 0.014376 0.000112
12.544425 238 0.064820 0.014498 0.000113
12.595809 236 0.065094 0.014376 0.000112
12.647192 227 0.066372 0.013828 0.000108
12.698575 247 0.063628 0.015046 0.000117
12.749959 239 0.064685 0.014559 0.000114
12.801342 237 0.064957 0.014437 0.000113
12.852726 231 0.065795 0.014072 0.000110
12.904109 222 0.067116 0.013523 0.000106
12.955492 224 0.066815 0.013645 0.000107
13.006876 247 0.063628 0.015046 0.000117
13.058259 226 0.066519 0.013767 0.000108
13.109642 237 0.064957 0.014437 0.000113
13.161026 224 0.066815 0.013645 0.000107
13.212409 203 0.070186 0.012366 0.000097
13.263793 211 0.068843 0.012853 0.000100
13.315176 222 0.067116 0.013523 0.000106
13.366560 242 0.064282 0.014742 0.000115
13.417943 232 0.065653 0.014133 0.000110
13.469326 237 0.064957 0.014437 0.000113
13.520710 252 0.062994 0.015351 0.000120
13.572093 199 0.070888 0.012122 0.000095
13.623476 218 0.067729 0.013280 0.000104
13.674860 210 0.069007 0.012792 0.000100
13.726243 207 0.069505 0.012610 0.000099
13.777627 204 0.070014 0.012427 0.000097
13.829010 231 0.065795 0.014072 0.000110
13.880394 230 0.065938 0.014011 0.000109
13.931777 221 0.067267 0.013462 0.000105
13.983160 216 0.068041 0.013158 0.000103
14.034544 210 0.069007 0.012792 0.000100
14.085927 215 0.068199 0.013097 0.000102
14.137310 194 0.071796 0.011818 0.000092
14.188694 174 0.075810 0.010599 0.000083
14.240077 190 0.072548 0.011574 0.000090
14.291461 233 0.065512 0.014193 0.000111
14.342844 221 0.067267 0.013462 0.000105
14.394227 186 0.073324 0.011330 0.000089
14.445611 221 0.067267 0.013462 0.000105
14.496994 194 0.071796 0.011818 0.000092
14.548378 221 0.067267 0.013462 0.000105
14.599761 223 0.066965 0.013584 0.000106
14.651145 234 0.065372 0.014254 0.000111
14.702528 200 0.070711 0.012183 0.000095
14.753911 207 0.069505 0.012610 0.000099
14.805295 186 0.073324 0.011330 0.000089
14.856678 202 0.070360 0.012305 0.000096
14.908061 199 0.070888 0.012122 0.000095
14.959445 188 0.072932 0.011452 0.000089
15.010828 225 0.066667 0.013706 0.000107
15.062212 204 0.070014 0.012427 0.000097
15.113595 229 0.066082 0.013950 0.000109
15.164979 190 0.072548 0.011574 0.000090
15.216362 202 0.070360 0.012305 0.000096
15.267745 200 0.070711 0.012183 0.000095
15.319129 199 0.070888 0.012122 0.000095
15.370512 204 0.070014 0.012427 0.000097
15.421896 219 0.067574 0.013341 0.000104
15.473279 200 0.070711 0.012183 0.000095
15.524662 226 0.066519 0.013767 0.000108
15.576046 196 0.071429 0.011940 0.000093
15.627429 190 0.072548 0.011574 0.000090
15.678813 222 0.067116 0.013523 0.000106
15.730196 205 0.069843 0.012488 0.000098
15.781579 191 0.072357 0.011635 0.000091
15.832963 212 0.068680 0.012914 0.000101
15.884346 190 0.072548 0.011574 0.000090
15.935729 186 0.073324 0.011330 0.000089
15.987113 192 0.072169 0.011696 0.000091
16.038496 201 0.070535 0.012244 0.000096
16.089880 209 0.069171 0.012731 0.000099
16.141263 187 0.073127 0.011391 0.000089
16.192647 168 0.077152 0.010234 0.000080
16.244030 196 0.071429 0.011940 0.000093
16.295413 197 0.071247 0.012000 0.000094
16.346797 196 0.071429 0.011940 0.000093
16.398180 202 0.070360 0.012305 0.000096
16.449564 220 0.067420 0.013402 0.000105
16.500947 194 0.071796 0.011818 0.000092
16.552330 195 0.071611 0.011879 0.000093
16.603714 181 0.074329 0.011026 0.000086
16.655097 198 0.071067 0.012061 0.000094
16.706481 183 0.073922 0.011148 0.000087
16.757864 183 0.073922 0.011148 0.000087
16.809247 184 0.073721 0.011209 0.000088
16.860631 181 0.074329 0.011026 0.000086
16.912014 203 0.070186 0.012366 0.000097
16.963398 181 0.074329 0.011026 0.000086
17.014781 208 0.069338 0.012671 0.000099
17.066164 206 0.069673 0.012549 0.000098
17.117548 157 0.079809 0.009564 0.000075
17.168931 190 0.072548 0.011574 0.000090
17.220315 195 0.071611 0.011879 0.000093
17.271698 168 0.077152 0.010234 0.000080
17.323081 160 0.079057 0.009747 0.000076
17.374465 181 0.074329 0.011026 0.000086
17.425848 185 0.073521 0.011269 0.000088
17.477232 146 0.082761 0.008894 0.000070
17.528615 146 0.082761 0.008894 0.000070
17.579998 178 0.074953 0.010843 0.000085
17.631382 161 0.078811 0.009808 0.000077
17.682765 173 0.076029 0.010538 0.000082
17.734149 171 0.076472 0.010417 0.000081
17.785532 162 0.078567 0.009868 0.000077
17.836915 171 0.076472 0.010417 0.000081
17.888299 160 0.079057 0.009747 0.000076
17.939682 168 0.077152 0.010234 0.000080
17.991066 180 0.074536 0.010965 0.000086
18.042449 183 0.073922 0.011148 0.000087
18.093832 175 0.075593 0.010660 0.000083
18.145216 160 0.079057 0.009747 0.000076
18.196599 167 0.077382 0.010173 0.000080
18.247983 176 0.075378 0.010721 0.000084
18.299366 171 0.076472 0.010417 0.000081
18.350749 158 0.079556 0.009625 0.000075
18.402133 198 0.071067 0.012061 0.000094
18.453516 188 0.072932 0.011452 0.000089
18.504900 154 0.080582 0.009381 0.000073
18.556283 156 0.080064 0.009503 0.000074
18.607666 137 0.085436 0.008346 0.000065
18.659050 164 0.078087 0.009990 0.000078
18.710433 142 0.083918 0.008650 0.000068
18.761817 163 0.078326 0.009929 0.000078
18.813200 147 0.082479 0.008955 0.000070
18.864583 147 0.082479 0.008955 0.000070
18.915967 157 0.079809 0.009564 0.000075
18.967350 156 0.080064 0.009503 0.000074
19.018734 163 0.078326 0.009929 0.000078
19.070117 168 0.077152 0.010234 0.000080
19.121500 147 0.082479 0.008955 0.000070
19.172884 178 0.074953 0.010843 0.000085
19.224267 157 0.079809 0.009564 0.000075
19.275651 153 0.080845 0.009320 0.000073
19.327034 152 0.081111 0.009259 0.000072
19.378417 141 0.084215 0.008589 0.000067
19.429801 168 0.077152 0.010234 0.000080
19.481184 163 0.078326 0.009929 0.000078
19.532568 125 0.089443 0.007615 0.000060
19.583951 148 0.082199 0.009016 0.000071
19.635334 139 0.084819 0.008467 0.000066
19.686718 130 0.087706 0.007919 0.000062
19.738101 135 0.086066 0.008224 0.000064
19.789485 167 0.077382 0.010173 0.000080
19.840868 139 0.084819 0.008467 0.000066
19.892251 157 0.079809 0.009564 0.000075
19.943635 155 0.080322 0.009442 0.000074
19.995018 127 0.088736 0.007736 0.000061
20.046402 138 0.085126 0.008406 0.000066
20.097785 152 0.081111 0.009259 0.000072
20.149168 130 0.087706 0.007919 0.000062
20.200552 133 0.086711 0.008102 0.000063
20.251935 142 0.083918 0.008650 0.000068
20.303319 142 0.083918 0.008650 0.000068
20.354702 155 0.080322 0.009442 0.000074
20.406085 153 0.080845 0.009320 0.000073
20.457469 141 0.084215 0.008589 0.000067
20.508852 147 0.082479 0.008955 0.000070
20.560236 132 0.087039 0.008041 0.000063
20.611619 139 0.084819 0.008467 0.000066
20.663002 157 0.079809 0.009564 0.000075
20.714386 124 0.089803 0.007554 0.000059
20.765769 136 0.085749 0.008285 0.000065
20.817153 125 0.089443 0.007615 0.000060
20.868536 140 0.084515 0.008528 0.000067
20.919919 141 0.084215 0.008589 0.000067
20.971303 146 0.082761 0.008894 0.000070
21.022686 134 0.086387 0.008163 0.000064
21.074070 131 0.087370 0.007980 0.000063
21.125453 132 0.087039 0.008041 0.000063
21.176836 159 0.079305 0.009686 0.000076
21.228220 147 0.082479 0.008955 0.000070
21.279603 148 0.082199 0.009016 0.000071
21.330987 159 0.079305 0.009686 0.000076
21.382370 141 0.084215 0.008589 0.000067
21.433753 142 0.083918 0.008650 0.000068
21.485137 142 0.083918 0.008650 0.000068
21.536520 120 0.091287 0.007310 0.000057
21.587904 148 0.082199 0.009016 0.000071
21.639287 138 0.085126 0.008406 0.000066
21.690670 138 0.085126 0.008406 0.000066
21.742054 149 0.081923 0.009077 0.000071
21.793437 124 0.089803 0.007554 0.000059
21.844821 135 0.086066 0.008224 0.000064
21.896204 166 0.077615 0.010112 0.000079
21.947587 134 0.086387 0.008163 0.000064
21.998971 135 0.086066 0.008224 0.000064
22.050354 171 0.076472 0.010417 0.000081
22.101738 162 0.078567 0.009868 0.000077
22.153121 134 0.086387 0.008163 0.000064
22.204504 153 0.080845 0.009320 0.000073
22.255888 137 0.085436 0.008346 0.000065
22.307271 145 0.083045 0.008833 0.000069
22.358655 146 0.082761 0.008894 0.000070
22.410038 140 0.084515 0.008528 0.000067
22.461421 147 0.082479 0.008955 0.000070
22.512805 163 0.078326 0.009929 0.000078
22.564188 149 0.081923 0.009077 0.000071
22.615572 144 0.083333 0.008772 0.000069
22.666955 151 0.081379 0.009198 0.000072
22.718338 168 0.077152 0.010234 0.000080
22.769722 160 0.079057 0.009747 0.000076
22.821105 154 0.080582 0.009381 0.000073
22.872489 136 0.085749 0.008285 0.000065
22.923872 174 0.075810 0.010599 0.000083
22.975255 169 0.076923 0.010295 0.000080
23.026639 146 0.082761 0.008894 0.000070
23.078022 151 0.081379 0.009198 0.000072
23.129406 166 0.077615 0.010112 0.000079
23.180789 180 0.074536 0.010965 0.000086
23.232172 162 0.078567 0.009868 0.000077
23.283556 158 0.079556 0.009625 0.000075
23.334939 130 0.087706 0.007919 0.000062
23.386323 169 0.076923 0.010295 0.000080
23.437706 136 0.085749 0.008285 0.000065
23.489089 155 0.080322 0.009442 0.000074
23.540473 126 0.089087 0.007675 0.000060
23.591856 151 0.081379 0.009198 0.000072
23.643239 142 0.083918 0.008650 0.000068
23.694623 136 0.085749 0.008285 0.000065
23.746006 158 0.079556 0.009625 0.000075
23.797390 163 0.078326 0.009929 0.000078
23.848773 120 0.091287 0.007310 0.000057
23.900157 133 0.086711 0.008102 0.000063
23.951540 161 0.078811 0.009808 0.000077
24.002923 154 0.080582 0.009381 0.000073
24.054307 141 0.084215 0.008589 0.000067
24.105690 125 0.089443 0.007615 0.000060
24.157074 153 0.080845 0.009320 0.000073
24.208457 149 0.081923 0.009077 0.000071
24.259840 150 0.081650 0.009137 0.000071
24.311224 145 0.083045 0.008833 0.000069
24.362607 137 0.085436 0.008346 0.000065
24.413991 148 0.082199 0.009016 0.000071
24.465374 141 0.084215 0.008589 0.000067
24.516757 149 0.081923 0.009077 0.000071
24.568141 154 0.080582 0.009381 0.000073
24.619524 133 0.086711 0.008102 0.000063
24.670908 123 0.090167 0.007493 0.000059
24.722291 122 0.090536 0.007432 0.000058
24.773674 150 0.081650 0.009137 0.000071
24.825058 131 0.087370 0.007980 0.000063
24.876441 132 0.087039 0.008041 0.000063
24.927825 135 0.086066 0.008224 0.000064
24.979208 142 0.083918 0.008650 0.000068
25.030591 139 0.084819 0.008467 0.000066
25.081975 139 0.084819 0.008467 0.000066
25.133358 147 0.082479 0.008955 0.000070
25.184742 125 0.089443 0.007615 0.000060
25.236125 134 0.086387 0.008163 0.000064
25.287508 133 0.086711 0.008102 0.000063
25.338892 122 0.090536 0.007432 0.000058
25.390275 132 0.087039 0.008041 0.000063
25.441659 142 0.083918 0.008650 0.000068
25.493042 141 0.084215 0.008589 0.000067
25.544425 116 0.092848 0.007066 0.000055
25.595809 156 0.080064 0.009503 0.000074
25.647192 135 0.086066 0.008224 0.000064
25.698576 129 0.088045 0.007858 0.000062
25.749959 129 0.088045 0.007858 0.000062
25.801342 126 0.089087 0.007675 0.000060
25.852726 132 0.087039 0.008041 0.000063
25.904109 110 0.095346 0.006701 0.000053
25.955493 129 0.088045 0.007858 0.000062
26.006876 150 0.081650 0.009137 0.000071
26.058259 125 0.089443 0.007615 0.000060
26.109643 121 0.090909 0.007371 0.000058
26.161026 130 0.087706 0.007919 0.000062
26.212410 142 0.083918 0.008650 0.000068
26.263793 124 0.089803 0.007554 0.000059
26.315176 136 0.085749 0.008285 0.000065
26.366560 146 0.082761 0.008894 0.000070
26.417943 147 0.082479 0.008955 0.000070
26.469327 128 0.088388 0.007797 0.000061
26.520710 112 0.094491 0.006823 0.000054
26.572093 122 0.090536 0.007432 0.000058
26.623477 135 0.086066 0.008224 0.000064
26.674860 125 0.089443 0.007615 0.000060
26.726244 120 0.091287 0.007310 0.000057
26.777627 103 0.098533 0.006274 0.000049
26.829010 104 0.098058 0.006335 0.000050
26.880394 118 0.092057 0.007188 0.000056
26.931777 139 0.084819 0.008467 0.000066
26.983161 115 0.093250 0.007005 0.000055
27.034544 123 0.090167 0.007493 0.000059
27.085927 146 0.082761 0.008894 0.000070
27.137311 134 0.086387 0.008163 0.000064
27.188694 123 0.090167 0.007493 0.000059
27.240078 120 0.091287 0.007310 0.000057
27.291461 137 0.085436 0.008346 0.000065
27.342844 134 0.086387 0.008163 0.000064
27.394228 121 0.090909 0.007371 0.000058
27.445611 116 0.092848 0.007066 0.000055
27.496995 129 0.088045 0.007858 0.000062
27.548378 101 0.099504 0.006153 0.000048
27.599761 132 0.087039 0.008041 0.000063
27.651145 113 0.094072 0.006884 0.000054
27.702528 113 0.094072 0.006884 0.000054
27.753912 123 0.090167 0.007493 0.000059
27.805295 114 0.093659 0.006944 0.000055
27.856678 123 0.090167 0.007493 0.000059
27.908062 117 0.092450 0.007127 0.000056
27.959445 106 0.097129 0.006457 0.000051
28.010829 118 0.092057 0.007188 0.000056
28.062212 141 0.084215 0.008589 0.000067
28.113595 138 0.085126 0.008406 0.000066
28.164979 114 0.093659 0.006944 0.000055
28.216362 140 0.084515 0.008528 0.000067
28.267746 114 0.093659 0.006944 0.000055
28.319129 132 0.087039 0.008041 0.000063
28.370512 103 0.098533 0.006274 0.000049
28.421896 133 0.086711 0.008102 0.000063
28.473279 97 0.101535 0.005909 0.000047
28.524663 95 0.102598 0.005787 0.000046
28.576046 118 0.092057 0.007188 0.000056
28.627429 116 0.092848 0.007066 0.000055
28.678813 98 0.101015 0.005970 0.000047
28.730196 126 0.089087 0.007675 0.000060
28.781580 129 0.088045 0.007858 0.000062
28.832963 114 0.093659 0.006944 0.000055
28.884346 101 0.099504 0.006153 0.000048
28.935730 115 0.093250 0.007005 0.000055
28.987113 103 0.098533 0.006274 0.000049
29.038497 113 0.094072 0.006884 0.000054
29.089880 100 0.100000 0.006092 0.000048
29.141263 126 0.089087 0.007675 0.000060
29.192647 96 0.102062 0.005848 0.000046
29.244030 100 0.100000 0.006092 0.000048
29.295414 105 0.097590 0.006396 0.000050
29.346797 119 0.091670 0.007249 0.000057
29.398180 93 0.103695 0.005665 0.000045
29.449564 103 0.098533 0.006274 0.000049
29.500947 144 0.083333 0.008772 0.000069
29.552331 104 0.098058 0.006335 0.000050
29.603714 120 0.091287 0.007310 0.000057
29.655097 99 0.100504 0.006031 0.000047
29.706481 96 0.102062 0.005848 0.000046
29.757864 123 0.090167 0.007493 0.000059
29.809248 101 0.099504 0.006153 0.000048
29.860631 88 0.106600 0.005361 0.000042
29.912014 93 0.103695 0.005665 0.000045
29.963398 108 0.096225 0.006579 0.000052
30.014781 112 0.094491 0.006823 0.000054
30.066165 108 0.096225 0.006579 0.000052
30.117548 106 0.097129 0.006457 0.000051
30.168931 113 0.094072 0.006884 0.000054
30.220315 99 0.100504 0.006031 0.000047
30.271698 102 0.099015 0.006213 0.000049
30.323082 121 0.090909 0.007371 0.000058
30.374465 110 0.095346 0.006701 0.000053
30.425848 95 0.102598 0.005787 0.000046
30.477232 92 0.104257 0.005604 0.000044
30.528615 109 0.095783 0.006640 0.000052
30.579999 93 0.103695 0.005665 0.000045
30.631382 98 0.101015 0.005970 0.000047
30.682765 105 0.097590 0.006396 0.000050
30.734149 102 0.099015 0.006213 0.000049
30.785532 93 0.103695 0.005665 0.000045
30.836916 98 0.101015 0.005970 0.000047
30.888299 106 0.097129 0.006457 0.000051
30.939682 86 0.107833 0.005239 0.000041
30.991066 101 0.099504 0.006153 0.000048
31.042449 109 0.095783 0.006640 0.000052
31.093833 92 0.104257 0.005604 0.000044
31.145216 105 0.097590 0.006396 0.000050
31.196599 107 0.096674 0.006518 0.000051
31.247983 89 0.106000 0.005422 0.000043
31.299366 95 0.102598 0.005787 0.000046
31.350750 85 0.108465 0.005178 0.000041
31.402133 94 0.103142 0.005726 0.000045
31.453516 117 0.092450 0.007127 0.000056
31.504900 100 0.100000 0.006092 0.000048
31.556283 87 0.107211 0.005300 0.000042
31.607667 99 0.100504 0.006031 0.000047
31.659050 92 0.104257 0.005604 0.000044
31.710433 101 0.099504 0.006153 0.000048
31.761817 85 0.108465 0.005178 0.000041
31.813200 76 0.114708 0.004630 0.000037
31.864584 87 0.107211 0.005300 0.000042
31.915967 75 0.115470 0.004569 0.000036
31.967350 78 0.113228 0.004751 0.000038
32.018734 103 0.098533 0.006274 0.000049
32.070117 78 0.113228 0.004751 0.000038
32.121500 84 0.109109 0.005117 0.000040
32.172884 97 0.101535 0.005909 0.000047
32.224267 109 0.095783 0.006640 0.000052
32.275651 76 0.114708 0.004630 0.000037
32.327034 99 0.100504 0.006031 0.000047
32.378417 95 0.102598 0.005787 0.000046
32.429801 90 0.105409 0.005482 0.000043
32.481184 89 0.106000 0.005422 0.000043
32.532568 92 0.104257 0.005604 0.000044
32.583951 85 0.108465 0.005178 0.000041
32.635334 88 0.106600 0.005361 0.000042
32.686718 74 0.116248 0.004508 0.000036
32.738101 95 0.102598 0.005787 0.000046
32.789485 78 0.113228 0.004751 0.000038
32.840868 77 0.113961 0.004691 0.000037
32.892252 85 0.108465 0.005178 0.000041
32.943635 58 0.131306 0.003533 0.000029
32.995018 78 0.113228 0.004751 0.000038
33.046402 70 0.119523 0.004264 0.000034
33.097785 85 0.108465 0.005178 0.000041
33.149169 72 0.117851 0.004386 0.000035
33.200552 83 0.109764 0.005056 0.000040
33.251935 70 0.119523 0.004264 0.000034
33.303319 70 0.119523 0.004264 0.000034
33.354702 57 0.132453 0.003472 0.000028
33.406086 64 0.125000 0.003899 0.000031
33.457469 72 0.117851 0.004386 0.000035
33.508852 63 0.125988 0.003838 0.000031
33.560236 53 0.137361 0.003229 0.000027
33.611619 72 0.117851 0.004386 0.000035
33.663003 78 0.113228 0.004751 0.000038
33.714386 70 0.119523 0.004264 0.000034
33.765769 76 0.114708 0.004630 0.000037
33.817153 75 0.115470 0.004569 0.000036
33.868536 68 0.121268 0.004142 0.000033
33.919919 48 0.144338 0.002924 0.000024
33.971303 59 0.130189 0.003594 0.000029
34.022686 58 0.131306 0.003533 0.000029
34.074070 55 0.134840 0.003350 0.000027
34.125453 40 0.158114 0.002437 0.000021
34.176836 59 0.130189 0.003594 0.000029
34.228220 54 0.136083 0.003289 0.000027
34.279603 59 0.130189 0.003594 0.000029
34.330987 58 0.131306 0.003533 0.000029
34.382370 42 0.154303 0.002558 0.000022
34.433753 41 0.156174 0.002498 0.000022
34.485137 46 0.147442 0.002802 0.000024
34.536520 43 0.152499 0.002619 0.000022
34.587904 42 0.154303 0.002558 0.000022
34.639287 54 0.136083 0.003289 0.000027
34.690670 40 0.158114 0.002437 0.000021
34.742054 55 0.134840 0.003350 0.000027
34.793437 44 0.150756 0.002680 0.000023
34.844821 42 0.154303 0.002558 0.000022
34.896204 41 0.156174 0.002498 0.000022
34.947587 41 0.156174 0.002498 0.000022
34.998971 36 0.166667 0.002193 0.000020
35.050354 45 0.149071 0.002741 0.000023
35.101738 33 0.174078 0.002010 0.000019
35.153121 36 0.166667 0.002193 0.000020
35.204504 38 0.162221 0.002315 0.000021
35.255888 45 0.149071 0.002741 0.000023
35.307271 18 0.235702 0.001096 0.000017
35.358655 42 0.154303 0.002558 0.000022
35.410038 22 0.213201 0.001340 0.000017
35.461422 29 0.185695 0.001767 0.000018
35.512805 23 0.208514 0.001401 0.000017
35.564188 30 0.182574 0.001827 0.000018
35.615572 38 0.162221 0.002315 0.000021
35.666955 34 0.171499 0.002071 0.000019
35.718339 33 0.174078 0.002010 0.000019
35.769722 23 0.208514 0.001401 0.000017
35.821105 16 0.250000 0.000975 0.000017
35.872489 28 0.188982 0.001706 0.000018
35.923872 29 0.185695 0.001767 0.000018
35.975256 23 0.208514 0.001401 0.000017
36.026639 36 0.166667 0.002193 0.000020
36.078022 33 0.174078 0.002010 0.000019
36.129406 19 0.229416 0.001157 0.000017
36.180789 33 0.174078 0.002010 0.000019
36.232173 24 0.204124 0.001462 0.000017
36.283556 25 0.200000 0.001523 0.000017
36.334939 26 0.196116 0.001584 0.000017
36.386323 14 0.267261 0.000853 0.000018
36.437706 20 0.223607 0.001218 0.000017
36.489090 21 0.218218 0.001279 0.000017
36.540473 17 0.242536 0.001036 0.000017
36.591856 12 0.288675 0.000731 0.000018
36.643240 20 0.223607 0.001218 0.000017
36.694623 15 0.258199 0.000914 0.000017
36.746006 16 0.250000 0.000975 0.000017
36.797390 18 0.235702 0.001096 0.000017
36.848773 11 0.301511 0.000670 0.000019
36.900157 13 0.277350 0.000792 0.000018
36.951540 17 0.242536 0.001036 0.000017
37.002923 6 0.408248 0.000365 0.000025
37.054307 13 0.277350 0.000792 0.000018
37.105690 16 0.250000 0.000975 0.000017
37.157074 15 0.258199 0.000914 0.000017
37.208457 12 0.288675 0.000731 0.000018
37.259840 14 0.267261 0.000853 0.000018
37.311224 12 0.288675 0.000731 0.000018
37.362607 14 0.267261 0.000853 0.000018
37.413991 4 0.500000 0.000244 0.000031
37.465374 12 0.288675 0.000731 0.000018
37.516757 7 0.377964 0.000426 0.000023
37.568141 12 0.288675 0.000731 0.000018
37.619524 10 0.316228 0.000609 0.000020
37.670908 11 0.301511 0.000670 0.000019
37.722291 7 0.377964 0.000426 0.000023
37.773674 9 0.333333 0.000548 0.000021
37.825058 4 0.500000 0.000244 0.000031
37.876441 8 0.353553 0.000487 0.000022
37.927825 7 0.377964 0.000426 0.000023
37.979208 5 0.447214 0.000305 0.000027
38.030591 9 0.333333 0.000548 0.000021
38.081975 3 0.577350 0.000183 0.000035
38.133358 8 0.353553 0.000487 0.000022
38.184742 5 0.447214 0.000305 0.000027
38.236125 9 0.333333 0.000548 0.000021
38.287509 4 0.500000 0.000244 0.000031
38.338892 5 0.447214 0.000305 0.000027
38.390275 1 1.000000 0.000061 0.000061
38.441659 4 0.500000 0.000244 0.000031
38.493042 3 0.577350 0.000183 0.000035
38.544426 3 0.577350 0.000183 0.000035
38.595809 6 0.408248 0.000365 0.000025
38.647192 3 0.577350 0.000183 0.000035
38.698576 5 0.447214 0.000305 0.000027
38.749959 1 1.000000 0.000061 0.000061
38.801343 4 0.500000 0.000244 0.000031
38.852726 1 1.000000 0.000061 0.000061
38.904109 4 0.500000 0.000244 0.000031
38.955493 1 1.000000 0.000061 0.000061
39.006876 2 0.707107 0.000122 0.000043
39.058260 2 0.707107 0.000122 0.000043
39.109643 5 0.447214 0.000305 0.000027
39.161026 1 1.000000 0.000061 0.000061
39.212410 1 1.000000 0.000061 0.000061
39.263793 2 0.707107 0.000122 0.000043
39.315176 0 0.000000 0.000000 0.000000
39.366560 4 0.500000 0.000244 0.000031
39.417943 2 0.707107 0.000122 0.000043
39.469327 1 1.000000 0.000061 0.000061
39.520710 2 0.707107 0.000122 0.000043
39.572093 0 0.000000 0.000000 0.000000
39.623477 4 0.500000 0.000244 0.000031
39.674860 3 0.577350 0.000183 0.000035
39.726244 0 0.000000 0.000000 0.000000
39.777627 0 0.000000 0.000000 0.000000
39.829010 1 1.000000 0.000061 0.000061
39.880394 0 0.000000 0.000000 0.000000
39.931777 0 0.000000 0.000000 0.000000
39.983161 1 1.000000 0.000061 0.000061
40.034544 0 0.000000 0.000000 0.000000
40.085927 0 0.000000 0.000000 0.000000
40.137311 0 0.000000 0.000000 0.000000
40.188694 0 0.000000 0.000000 0.000000
40.240078 0 0.000000 0.000000 0.000000
40.291461 0 0.000000 0.000000 0.000000
40.342844 0 0.000000 0.000000 0.000000
40.394228 0 0.000000 0.000000 0.000000
40.445611 1 1.000000 0.000061 0.000061
40.496995 1 1.000000 0.000061 0.000061
40.548378 0 0.000000 0.000000 0.000000
40.599761 1 1.000000 0.000061 0.000061
40.651145 0 0.000000 0.000000 0.000000
40.702528 0 0.000000 0.000000 0.000000
40.753912 0 0.000000 0.000000 0.000000
40.805295 0 0.000000 0.000000 0.000000
40.856679 1 1.000000 0.000061 0.000061
40.908062 0 0.000000 0.000000 0.000000
40.959445 0 0.000000 0.000000 0.000000
41.010829 0 0.000000 0.000000 0.000000
41.062212 1 1.000000 0.000061 0.000061
41.113596 0 0.000000 0.000000 0.000000
41.164979 1 1.000000 0.000061 0.000061
41.216362 0 0.000000 0.000000 0.000000
41.267746 1 1.000000 0.000061 0.000061
41.319129 1 1.000000 0.000061 0.000061
41.370513 0 0.000000 0.000000 0.000000
41.421896 0 0.000000 0.000000 0.000000
41.473279 0 0.000000 0.000000 0.000000
41.524663 1 1.000000 0.000061 0.000061
41.576046 0 0.000000 0.000000 0.000000
41.627430 0 0.000000 0.000000 0.000000
41.678813 0 0.000000 0.000000 0.000000
41.730196 1 1.000000 0.000061 0.000061
41.781580 1 1.000000 0.000061 0.000061
41.832963 0 0.000000 0.000000 0.000000
41.884346 0 0.000000 0.000000 0.000000
41.935730 0 0.000000 0.000000 0.000000
41.987113 0 0.000000 0.000000 0.000000
42.038497 0 0.000000 0.000000 0.000000
42.089880 1 1.000000 0.000061 0.000061
42.141263 0 0.000000 0.000000 0.000000
42.192647 0 0.000000 0.000000 0.000000
42.244030 1 1.000000 0.000061 0.000061
42.295414 0 0.000000 0.000000 0.000000
42.346797 0 0.000000 0.000000 0.000000
42.398180 0 0.000000 0.000000 0.000000
42.449564 0 0.000000 0.000000 0.000000
42.500947 0 0.000000 0.000000 0.000000
42.552331 0 0.000000 0.000000 0.000000
42.603714 0 0.000000 0.000000 0.000000
42.655097 0 0.000000 0.000000 0.000000
42.706481 0 0.000000 0.000000 0.000000
42.757864 0 0.000000 0.000000 0.000000
42.809248 0 0.000000 0.000000 0.000000
42.860631 0 0.000000 0.000000 0.000000
42.912014 0 0.000000 0.000000 0.000000
42.963398 0 0.000000 0.000000 0.000000
43.014781 0 0.000000 0.000000 0.000000
43.066165 0 0.000000 0.000000 0.000000
43.117548 1 1.000000 0.000061 0.000061
43.168931 0 0.000000 0.000000 0.000000
43.220315 0 0.000000 0.000000 0.000000
43.271698 0 0.000000 0.000000 0.000000
43.323082 0 0.000000 0.000000 0.000000
43.374465 0 0.000000 0.000000 0.000000
43.425849 0 0.000000 0.000000 0.000000
43.477232 0 0.000000 0.000000 0.000000
43.528615 0 0.000000 0.000000 0.000000
43.579999 0 0.000000 0.000000 0.000000
43.631382 0 0.000000 0.000000 0.000000
43.682766 0 0.000000 0.000000 0.000000
43.734149 0 0.000000 0.000000 0.000000
43.785532 0 0.000000 0.000000 0.000000
43.836916 0 0.000000 0.000000 0.000000
43.888299 0 0.000000 0.000000 0.000000
43.939683 1 1.000000 0.000061 0.000061
43.991066 0 0.000000 0.000000 0.000000
44.042449 0 0.000000 0.000000 0.000000
44.093833 0 0.000000 0.000000 0.000000
44.145216 0 0.000000 0.000000 0.000000
44.196600 0 0.000000 0.000000 0.000000
44.247983 0 0.000000 0.000000 0.000000
44.299366 0 0.000000 0.000000 0.000000
44.350750 0 0.000000 0.000000 0.000000
44.402133 0 0.000000 0.000000 0.000000
44.453517 0 0.000000 0.000000 0.000000
44.504900 0 0.000000 0.000000 0.000000
44.556283 0 0.000000 0.000000 0.000000
44.607667 0 0.000000 0.000000 0.000000
44.659050 1 1.000000 0.000061 0.000061
44.710433 0 0.000000 0.000000 0.000000
44.761817 0 0.000000 0.000000 0.000000
44.813200 0 0.000000 0.000000 0.000000
44.864584 0 0.000000 0.000000 0.000000
44.915967 0 0.000000 0.000000 0.000000
44.967350 0 0.000000 0.000000 0.000000
45.018734 0 0.000000 0.000000 0.000000
45.070117 1 1.000000 0.000061 0.000061
45.121501 0 0.000000 0.000000 0.000000
45.172884 0 0.000000 0.000000 0.000000
45.224267 0 0.000000 0.000000 0.000000
45.275651 0 0.000000 0.000000 0.000000
45.327034 0 0.000000 0.000000 0.000000
45.378418 0 0.000000 0.000000 0.000000
45.429801 0 0.000000 0.000000 0.000000
45.481184 0 0.000000 0.000000 0.000000
45.532568 0 0.000000 0.000000 0.000000
45.583951 0 0.000000 0.000000 0.000000
45.635335 0 0.000000 0.000000 0.000000
45.686718 0 0.000000 0.000000 0.000000
45.738101 0 0.000000 0.000000 0.000000
45.789485 0 0.000000 0.000000 0.000000
45.840868 0 0.000000 0.000000 0.000000
45.892252 1 1.000000 0.000061 0.000061
45.943635 1 1.000000 0.000061 0.000061
45.995019 0 0.000000 0.000000 0.000000
46.046402 0 0.000000 0.000000 0.000000
46.097785 0 0.000000 0.000000 0.000000
46.149169 0 0.000000 0.000000 0.000000
46.200552 0 0.000000 0.000000 0.000000
46.251936 0 0.000000 0.000000 0.000000
46.303319 0 0.000000 0.000000 0.000000
46.354702 0 0.000000 0.000000 0.000000
46.406086 0 0.000000 0.000000 0.000000
46.457469 0 0.000000 0.000000 0.000000
46.508853 0 0.000000 0.000000 0.000000
46.560236 0 0.000000 0.000000 0.000000
46.611619 0 0.000000 0.000000 0.000000
46.663003 0 0.000000 0.000000 0.000000
46.714386 0 0.000000 0.000000 0.000000
46.765770 0 0.000000 0.000000 0.000000
46.817153 1 1.000000 0.000061 0.000061
46.868536 0 0.000000 0.000000 0.000000
46.919920 0 0.000000 0.000000 0.000000
46.971303 0 0.000000 0.000000 0.000000
47.022687 0 0.000000 0.000000 0.000000
47.074070 0 0.000000 0.000000 0.000000
47.125453 0 0.000000 0.000000 0.000000
47.176837 0 0.000000 0.000000 0.000000
47.228220 0 0.000000 0.000000 0.000000
47.279604 0 0.000000 0.000000 0.000000
47.330987 1 1.000000 0.000061 0.000061
47.382370 2 0.707107 0.000122 0.000043
47.433754 0 0.000000 0.000000 0.000000
47.485137 0 0.000000 0.000000 0.000000
47.536520 0 0.000000 0.000000 0.000000
47.587904 0 0.000000 0.000000 0.000000
47.639287 0 0.000000 0.000000 0.000000
47.690671 0 0.000000 0.000000 0.000000
47.742054 0 0.000000 0.000000 0.000000
47.793437 0 0.000000 0.000000 0.000000
47.844821 0 0.000000 0.000000 0.000000
47.896204 0 0.000000 0.000000 0.000000
47.947588 0 0.000000 0.000000 0.000000
47.998971 0 0.000000 0.000000 0.000000
48.050354 2 0.707107 0.000122 0.000043
48.101738 0 0.000000 0.000000 0.000000
48.153121 0 0.000000 0.000000 0.000000
48.204505 0 0.000000 0.000000 0.000000
48.255888 0 0.000000 0.000000 0.000000
48.307271 0 0.000000 0.000000 0.000000
48.358655 0 0.000000 0.000000 0.000000
48.410038 0 0.000000 0.000000 0.000000
48.461422 0 0.000000 0.000000 0.000000
48.512805 0 0.000000 0.000000 0.000000
48.564189 0 0.000000 0.000000 0.000000
48.615572 0 0.000000 0.000000 0.000000
48.666955 0 0.000000 0.000000 0.000000
48.718339 0 0.000000 0.000000 0.000000
48.769722 0 0.000000 0.000000 0.000000
48.821106 0 0.000000 0.000000 0.000000
48.872489 0 0.000000 0.000000 0.000000
48.923872 0 0.000000 0.000000 0.000000
48.975256 0 0.000000 0.000000 0.000000
49.026639 0 0.000000 0.000000 0.000000
49.078023 0 0.000000 0.000000 0.000000
49.129406 1 1.000000 0.000061 0.000061
49.180789 0 0.000000 0.000000 0.000000
49.232173 0 0.000000 0.000000 0.000000
49.283556 0 0.000000 0.000000 0.000000
49.334940 0 0.000000 0.000000 0.000000
49.386323 0 0.000000 0.000000 0.000000
49.437706 0 0.000000 0.000000 0.000000
49.489090 0 0.000000 0.000000 0.000000
49.540473 0 0.000000 0.000000 0.000000
49.591857 0 0.000000 0.000000 0.000000
49.643240 0 0.000000 0.000000 0.000000
49.694623 0 0.000000 0.000000 0.000000
49.746007 0 0.000000 0.000000 0.000000
49.797390 1 1.000000 0.000061 0.000061
49.848774 0 0.000000 0.000000 0.000000
49.900157 1 1.000000 0.000061 0.000061
49.951540 0 0.000000 0.000000 0.000000
50.002924 0 0.000000 0.000000 0.000000
50.054307 0 0.000000 0.000000 0.000000
50.105690 0 0.000000 0.000000 0.000000
50.157074 0 0.000000 0.000000 0.000000
50.208457 0 0.000000 0.000000 0.000000
50.259841 0 0.000000 0.000000 0.000000
50.311224 0 0.000000 0.000000 0.000000
50.362607 0 0.000000 0.000000 0.000000
50.413991 0 0.000000 0.000000 0.000000
50.465374 0 0.000000 0.000000 0.000000
50.516758 0 0.000000 0.000000 0.000000
50.568141 0 0.000000 0.000000 0.000000
50.619524 0 0.000000 0.000000 0.000000
50.670908 0 0.000000 0.000000 0.000000
50.722291 0 0.000000 0.000000 0.000000
50.773675 0 0.000000 0.000000 0.000000
50.825058 0 0.000000 0.000000 0.000000
50.876441 0 0.000000 0.000000 0.000000
50.927825 0 0.000000 0.000000 0.000000
50.979208 0 0.000000 0.000000 0.000000
