# bkgd 366 15000 0.0513834 0.05227083734893167 122.47448713915891
-0.352808 0 0.000000 0.000000 0.000000
-0.301425 0 0.000000 0.000000 0.000000
-0.250042 0 0.000000 0.000000 0.000000
-0.198658 0 0.000000 0.000000 0.000000
-0.147275 0 0.000000 0.000000 0.000000
-0.095891 0 0.000000 0.000000 0.000000
-0.044508 0 0.000000 0.000000 0.000000
0.006876 0 0.000000 0.000000 0.000000
0.058259 0 0.000000 0.000000 0.000000
0.109642 0 0.000000 0.000000 0.000000
0.161026 0 0.000000 0.000000 0.000000
0.212409 0 0.000000 0.000000 0.000000
0.263793 0 0.000000 0.000000 0.000000
0.315176 0 0.000000 0.000000 0.000000
0.366559 0 0.000000 0.000000 0.000000
0.417943 0 0.000000 0.000000 0.000000
0.469326 0 0.000000 0.000000 0.000000
0.520710 4 0.500000 0.000267 0.000033
0.572093 4 0.500000 0.000267 0.000033
0.623476 4 0.500000 0.000267 0.000033
0.674860 8 0.353553 0.000533 0.000024
0.726243 1 1.000000 0.000067 0.000067
0.777626 4 0.500000 0.000267 0.000033
0.829010 5 0.447214 0.000333 0.000030
0.880393 2 0.707107 0.000133 0.000047
0.931777 4 0.500000 0.000267 0.000033
0.983160 13 0.277350 0.000867 0.000020
1.034543 6 0.408248 0.000400 0.000027
1.085927 8 0.353553 0.000533 0.000024
1.137310 9 0.333333 0.000600 0.000023
1.188694 5 0.447214 0.000333 0.000030
1.240077 8 0.353553 0.000533 0.000024
1.291460 9 0.333333 0.000600 0.000023
1.342844 12 0.288675 0.000800 0.000020
1.394227 3 0.577350 0.000200 0.000039
1.445611 7 0.377964 0.000467 0.000025
1.496994 7 0.377964 0.000467 0.000025
1.548377 6 0.408248 0.000400 0.000027
1.599761 6 0.408248 0.000400 0.000027
1.651144 5 0.447214 0.000333 0.000030
1.702528 13 0.277350 0.000867 0.000020
1.753911 7 0.377964 0.000467 0.000025
1.805295 8 0.353553 0.000533 0.000024
1.856678 3 0.577350 0.000200 0.000039
1.908061 6 0.408248 0.000400 0.000027
1.959445 5 0.447214 0.000333 0.000030
2.010828 11 0.301511 0.000733 0.000021
2.062212 3 0.577350 0.000200 0.000039
2.113595 4 0.500000 0.000267 0.000033
2.164978 3 0.577350 0.000200 0.000039
2.216362 7 0.377964 0.000467 0.000025
2.267745 9 0.333333 0.000600 0.000023
2.319129 8 0.353553 0.000533 0.000024
2.370512 5 0.447214 0.000333 0.000030
2.421895 8 0.353553 0.000533 0.000024
2.473279 11 0.301511 0.000733 0.000021
2.524662 10 0.316228 0.000667 0.000022
2.576046 9 0.333333 0.000600 0.000023
2.627429 5 0.447214 0.000333 0.000030
2.678812 8 0.353553 0.000533 0.000024
2.730196 14 0.267261 0.000933 0.000019
2.781579 9 0.333333 0.000600 0.000023
2.832963 11 0.301511 0.000733 0.000021
2.884346 10 0.316228 0.000667 0.000022
2.935729 9 0.333333 0.000600 0.000023
2.987113 12 0.288675 0.000800 0.000020
3.038496 6 0.408248 0.000400 0.000027
3.089880 9 0.333333 0.000600 0.000023
3.141263 10 0.316228 0.000667 0.000022
3.192646 7 0.377964 0.000467 0.000025
3.244030 12 0.288675 0.000800 0.000020
3.295413 10 0.316228 0.000667 0.000022
3.346797 10 0.316228 0.000667 0.000022
3.398180 11 0.301511 0.000733 0.000021
3.449563 14 0.267261 0.000933 0.000019
3.500947 11 0.301511 0.000733 0.000021
3.552330 10 0.316228 0.000667 0.000022
3.603714 11 0.301511 0.000733 0.000021
3.655097 12 0.288675 0.000800 0.000020
3.706480 16 0.250000 0.001067 0.000019
3.757864 12 0.288675 0.000800 0.000020
3.809247 8 0.353553 0.000533 0.000024
3.860631 13 0.277350 0.000867 0.000020
3.912014 12 0.288675 0.000800 0.000020
3.963397 13 0.277350 0.000867 0.000020
4.014781 10 0.316228 0.000667 0.000022
4.066164 11 0.301511 0.000733 0.000021
4.117548 10 0.316228 0.000667 0.000022
4.168931 12 0.288675 0.000800 0.000020
4.220314 10 0.316228 0.000667 0.000022
4.271698 15 0.258199 0.001000 0.000019
4.323081 18 0.235702 0.001200 0.000019
4.374465 12 0.288675 0.000800 0.000020
4.425848 10 0.316228 0.000667 0.000022
4.477231 15 0.258199 0.001000 0.000019
4.528615 13 0.277350 0.000867 0.000020
4.579998 14 0.267261 0.000933 0.000019
4.631381 11 0.301511 0.000733 0.000021
4.682765 14 0.267261 0.000933 0.000019
4.734148 12 0.288675 0.000800 0.000020
4.785532 17 0.242536 0.001133 0.000019
4.836915 9 0.333333 0.000600 0.000023
4.888299 15 0.258199 0.001000 0.000019
4.939682 12 0.288675 0.000800 0.000020
4.991065 14 0.267261 0.000933 0.000019
5.042449 15 0.258199 0.001000 0.000019
5.093832 17 0.242536 0.001133 0.000019
5.145216 18 0.235702 0.001200 0.000019
5.196599 8 0.353553 0.000533 0.000024
5.247982 12 0.288675 0.000800 0.000020
5.299366 16 0.250000 0.001067 0.000019
5.350749 15 0.258199 0.001000 0.000019
5.402133 16 0.250000 0.001067 0.000019
5.453516 20 0.223607 0.001333 0.000018
5.504899 18 0.235702 0.001200 0.000019
5.556283 18 0.235702 0.001200 0.000019
5.607666 20 0.223607 0.001333 0.000018
5.659050 27 0.192450 0.001800 0.000020
5.710433 20 0.223607 0.001333 0.000018
5.761816 29 0.185695 0.001933 0.000020
5.813200 15 0.258199 0.001000 0.000019
5.864583 17 0.242536 0.001133 0.000019
5.915967 22 0.213201 0.001467 0.000019
5.967350 24 0.204124 0.001600 0.000019
6.018733 41 0.156174 0.002733 0.000025
6.070117 33 0.174078 0.002200 0.000021
6.121500 46 0.147442 0.003067 0.000027
6.172884 32 0.176777 0.002133 0.000021
6.224267 34 0.171499 0.002267 0.000022
6.275650 28 0.188982 0.001867 0.000020
6.327034 37 0.164399 0.002467 0.000023
6.378417 33 0.174078 0.002200 0.000021
6.429801 44 0.150756 0.002933 0.000026
6.481184 38 0.162221 0.002533 0.000023
6.532567 43 0.152499 0.002867 0.000026
6.583951 42 0.154303 0.002800 0.000025
6.635334 41 0.156174 0.002733 0.000025
6.686718 39 0.160128 0.002600 0.000024
6.738101 51 0.140028 0.003400 0.000029
6.789484 48 0.144338 0.003200 0.000028
6.840868 66 0.123091 0.004400 0.000037
6.892251 51 0.140028 0.003400 0.000029
6.943634 61 0.128037 0.004067 0.000034
6.995018 49 0.142857 0.003267 0.000028
7.046401 53 0.137361 0.003533 0.000030
7.097785 53 0.137361 0.003533 0.000030
7.149168 51 0.140028 0.003400 0.000029
7.200552 55 0.134840 0.003667 0.000031
7.251935 51 0.140028 0.003400 0.000029
7.303318 61 0.128037 0.004067 0.000034
7.354702 52 0.138675 0.003467 0.000030
7.406085 55 0.134840 0.003667 0.000031
7.457469 53 0.137361 0.003533 0.000030
7.508852 59 0.130189 0.003933 0.000033
7.560235 49 0.142857 0.003267 0.000028
7.611619 60 0.129099 0.004000 0.000034
7.663002 49 0.142857 0.003267 0.000028
7.714386 45 0.149071 0.003000 0.000026
7.765769 55 0.134840 0.003667 0.000031
7.817152 67 0.122169 0.004467 0.000037
7.868536 44 0.150756 0.002933 0.000026
7.919919 58 0.131306 0.003867 0.000033
7.971303 61 0.128037 0.004067 0.000034
8.022686 55 0.134840 0.003667 0.000031
8.074069 60 0.129099 0.004000 0.000034
8.125453 45 0.149071 0.003000 0.000026
8.176836 57 0.132453 0.003800 0.000032
8.228219 64 0.125000 0.004267 0.000036
8.279603 62 0.127000 0.004133 0.000035
8.330986 61 0.128037 0.004067 0.000034
8.382370 43 0.152499 0.002867 0.000026
8.433753 68 0.121268 0.004533 0.000038
8.485136 69 0.120386 0.004600 0.000038
8.536520 58 0.131306 0.003867 0.000033
8.587903 52 0.138675 0.003467 0.000030
8.639287 54 0.136083 0.003600 0.000031
8.690670 68 0.121268 0.004533 0.000038
8.742054 66 0.123091 0.004400 0.000037
8.793437 52 0.138675 0.003467 0.000030
8.844820 72 0.117851 0.004800 0.000040
8.896204 68 0.121268 0.004533 0.000038
8.947587 54 0.136083 0.003600 0.000031
8.998970 66 0.123091 0.004400 0.000037
9.050354 74 0.116248 0.004933 0.000041
9.101737 64 0.125000 0.004267 0.000036
9.153121 58 0.131306 0.003867 0.000033
9.204504 62 0.127000 0.004133 0.000035
9.255888 64 0.125000 0.004267 0.000036
9.307271 69 0.120386 0.004600 0.000038
9.358654 64 0.125000 0.004267 0.000036
9.410038 74 0.116248 0.004933 0.000041
9.461421 62 0.127000 0.004133 0.000035
9.512804 64 0.125000 0.004267 0.000036
9.564188 59 0.130189 0.003933 0.000033
9.615571 47 0.145865 0.003133 0.000027
9.666955 63 0.125988 0.004200 0.000035
9.718338 66 0.123091 0.004400 0.000037
9.769721 71 0.118678 0.004733 0.000039
9.821105 59 0.130189 0.003933 0.000033
9.872488 60 0.129099 0.004000 0.000034
9.923872 79 0.112509 0.005267 0.000044
9.975255 77 0.113961 0.005133 0.000043
10.026639 53 0.137361 0.003533 0.000030
10.078022 56 0.133631 0.003733 0.000032
10.129405 70 0.119523 0.004667 0.000039
10.180789 54 0.136083 0.003600 0.000031
10.232172 67 0.122169 0.004467 0.000037
10.283555 69 0.120386 0.004600 0.000038
10.334939 75 0.115470 0.005000 0.000042
10.386322 61 0.128037 0.004067 0.000034
10.437706 61 0.128037 0.004067 0.000034
10.489089 59 0.130189 0.003933 0.000033
10.540472 57 0.132453 0.003800 0.000032
10.591856 75 0.115470 0.005000 0.000042
10.643239 64 0.125000 0.004267 0.000036
10.694623 69 0.120386 0.004600 0.000038
10.746006 73 0.117041 0.004867 0.000040
10.797390 51 0.140028 0.003400 0.000029
10.848773 65 0.124035 0.004333 0.000036
10.900156 60 0.129099 0.004000 0.000034
10.951540 59 0.130189 0.003933 0.000033
11.002923 55 0.134840 0.003667 0.000031
11.054306 55 0.134840 0.003667 0.000031
11.105690 61 0.128037 0.004067 0.000034
11.157073 59 0.130189 0.003933 0.000033
11.208457 71 0.118678 0.004733 0.000039
11.259840 65 0.124035 0.004333 0.000036
11.311224 70 0.119523 0.004667 0.000039
11.362607 72 0.117851 0.004800 0.000040
11.413990 69 0.120386 0.004600 0.000038
11.465374 64 0.125000 0.004267 0.000036
11.516757 58 0.131306 0.003867 0.000033
11.568141 56 0.133631 0.003733 0.000032
11.619524 63 0.125988 0.004200 0.000035
11.670907 63 0.125988 0.004200 0.000035
11.722291 44 0.150756 0.002933 0.000026
11.773674 60 0.129099 0.004000 0.000034
11.825057 61 0.128037 0.004067 0.000034
11.876441 64 0.125000 0.004267 0.000036
11.927824 58 0.131306 0.003867 0.000033
11.979208 59 0.130189 0.003933 0.000033
12.030591 62 0.127000 0.004133 0.000035
12.081975 66 0.123091 0.004400 0.000037
12.133358 62 0.127000 0.004133 0.000035
12.184741 71 0.118678 0.004733 0.000039
12.236125 48 0.144338 0.003200 0.000028
12.287508 80 0.111803 0.005333 0.000044
12.338891 58 0.131306 0.003867 0.000033
12.390275 65 0.124035 0.004333 0.000036
12.441658 69 0.120386 0.004600 0.000038
12.493042 75 0.115470 0.005000 0.000042
12.544425 65 0.124035 0.004333 0.000036
12.595809 62 0.127000 0.004133 0.000035
12.647192 68 0.121268 0.004533 0.000038
12.698575 60 0.129099 0.004000 0.000034
12.749959 52 0.138675 0.003467 0.000030
12.801342 63 0.125988 0.004200 0.000035
12.852726 68 0.121268 0.004533 0.000038
12.904109 71 0.118678 0.004733 0.000039
12.955492 58 0.131306 0.003867 0.000033
13.006876 57 0.132453 0.003800 0.000032
13.058259 52 0.138675 0.003467 0.000030
13.109642 69 0.120386 0.004600 0.000038
13.161026 69 0.120386 0.004600 0.000038
13.212409 52 0.138675 0.003467 0.000030
13.263793 59 0.130189 0.003933 0.000033
13.315176 55 0.134840 0.003667 0.000031
13.366560 71 0.118678 0.004733 0.000039
13.417943 64 0.125000 0.004267 0.000036
13.469326 65 0.124035 0.004333 0.000036
13.520710 51 0.140028 0.003400 0.000029
13.572093 55 0.134840 0.003667 0.000031
13.623476 52 0.138675 0.003467 0.000030
13.674860 75 0.115470 0.005000 0.000042
13.726243 69 0.120386 0.004600 0.000038
13.777627 55 0.134840 0.003667 0.000031
13.829010 65 0.124035 0.004333 0.000036
13.880394 64 0.125000 0.004267 0.000036
13.931777 60 0.129099 0.004000 0.000034
13.983160 61 0.128037 0.004067 0.000034
14.034544 67 0.122169 0.004467 0.000037
14.085927 71 0.118678 0.004733 0.000039
14.137310 58 0.131306 0.003867 0.000033
14.188694 54 0.136083 0.003600 0.000031
14.240077 60 0.129099 0.004000 0.000034
14.291461 64 0.125000 0.004267 0.000036
14.342844 56 0.133631 0.003733 0.000032
14.394227 52 0.138675 0.003467 0.000030
14.445611 70 0.119523 0.004667 0.000039
14.496994 53 0.137361 0.003533 0.000030
14.548378 70 0.119523 0.004667 0.000039
14.599761 68 0.121268 0.004533 0.000038
14.651145 66 0.123091 0.004400 0.000037
14.702528 62 0.127000 0.004133 0.000035
14.753911 67 0.122169 0.004467 0.000037
14.805295 49 0.142857 0.003267 0.000028
14.856678 60 0.129099 0.004000 0.000034
14.908061 56 0.133631 0.003733 0.000032
14.959445 48 0.144338 0.003200 0.000028
15.010828 57 0.132453 0.003800 0.000032
15.062212 43 0.152499 0.002867 0.000026
15.113595 69 0.120386 0.004600 0.000038
15.164979 53 0.137361 0.003533 0.000030
15.216362 60 0.129099 0.004000 0.000034
15.267745 64 0.125000 0.004267 0.000036
15.319129 59 0.130189 0.003933 0.000033
15.370512 64 0.125000 0.004267 0.000036
15.421896 59 0.130189 0.003933 0.000033
15.473279 67 0.122169 0.004467 0.000037
15.524662 59 0.130189 0.003933 0.000033
15.576046 58 0.131306 0.003867 0.000033
15.627429 64 0.125000 0.004267 0.000036
15.678813 67 0.122169 0.004467 0.000037
15.730196 49 0.142857 0.003267 0.000028
15.781579 58 0.131306 0.003867 0.000033
15.832963 67 0.122169 0.004467 0.000037
15.884346 54 0.136083 0.003600 0.000031
15.935729 54 0.136083 0.003600 0.000031
15.987113 61 0.128037 0.004067 0.000034
16.038496 63 0.125988 0.004200 0.000035
16.089880 57 0.132453 0.003800 0.000032
16.141263 53 0.137361 0.003533 0.000030
16.192647 53 0.137361 0.003533 0.000030
16.244030 70 0.119523 0.004667 0.000039
16.295413 51 0.140028 0.003400 0.000029
16.346797 70 0.119523 0.004667 0.000039
16.398180 75 0.115470 0.005000 0.000042
16.449564 54 0.136083 0.003600 0.000031
16.500947 58 0.131306 0.003867 0.000033
16.552330 50 0.141421 0.003333 0.000029
16.603714 58 0.131306 0.003867 0.000033
16.655097 67 0.122169 0.004467 0.000037
16.706481 59 0.130189 0.003933 0.000033
16.757864 56 0.133631 0.003733 0.000032
16.809247 73 0.117041 0.004867 0.000040
16.860631 64 0.125000 0.004267 0.000036
16.912014 64 0.125000 0.004267 0.000036
16.963398 73 0.117041 0.004867 0.000040
17.014781 62 0.127000 0.004133 0.000035
17.066164 49 0.142857 0.003267 0.000028
17.117548 68 0.121268 0.004533 0.000038
17.168931 54 0.136083 0.003600 0.000031
17.220315 69 0.120386 0.004600 0.000038
17.271698 57 0.132453 0.003800 0.000032
17.323081 52 0.138675 0.003467 0.000030
17.374465 71 0.118678 0.004733 0.000039
17.425848 67 0.122169 0.004467 0.000037
17.477232 50 0.141421 0.003333 0.000029
17.528615 61 0.128037 0.004067 0.000034
17.579998 53 0.137361 0.003533 0.000030
17.631382 59 0.130189 0.003933 0.000033
17.682765 54 0.136083 0.003600 0.000031
17.734149 75 0.115470 0.005000 0.000042
17.785532 60 0.129099 0.004000 0.000034
17.836915 70 0.119523 0.004667 0.000039
17.888299 60 0.129099 0.004000 0.000034
17.939682 62 0.127000 0.004133 0.000035
17.991066 54 0.136083 0.003600 0.000031
18.042449 50 0.141421 0.003333 0.000029
18.093832 54 0.136083 0.003600 0.000031
18.145216 61 0.128037 0.004067 0.000034
18.196599 52 0.138675 0.003467 0.000030
18.247983 61 0.128037 0.004067 0.000034
18.299366 63 0.125988 0.004200 0.000035
18.350749 53 0.137361 0.003533 0.000030
18.402133 60 0.129099 0.004000 0.000034
18.453516 57 0.132453 0.003800 0.000032
18.504900 65 0.124035 0.004333 0.000036
18.556283 64 0.125000 0.004267 0.000036
18.607666 73 0.117041 0.004867 0.000040
18.659050 60 0.129099 0.004000 0.000034
18.710433 69 0.120386 0.004600 0.000038
18.761817 70 0.119523 0.004667 0.000039
18.813200 59 0.130189 0.003933 0.000033
18.864583 56 0.133631 0.003733 0.000032
18.915967 64 0.125000 0.004267 0.000036
18.967350 66 0.123091 0.004400 0.000037
19.018734 74 0.116248 0.004933 0.000041
19.070117 61 0.128037 0.004067 0.000034
19.121500 80 0.111803 0.005333 0.000044
19.172884 54 0.136083 0.003600 0.000031
19.224267 80 0.111803 0.005333 0.000044
19.275651 67 0.122169 0.004467 0.000037
19.327034 61 0.128037 0.004067 0.000034
19.378417 76 0.114708 0.005067 0.000042
19.429801 68 0.121268 0.004533 0.000038
19.481184 72 0.117851 0.004800 0.000040
19.532568 55 0.134840 0.003667 0.000031
19.583951 62 0.127000 0.004133 0.000035
19.635334 64 0.125000 0.004267 0.000036
19.686718 63 0.125988 0.004200 0.000035
19.738101 71 0.118678 0.004733 0.000039
19.789485 86 0.107833 0.005733 0.000047
19.840868 93 0.103695 0.006200 0.000051
19.892251 71 0.118678 0.004733 0.000039
19.943635 59 0.130189 0.003933 0.000033
19.995018 65 0.124035 0.004333 0.000036
20.046402 78 0.113228 0.005200 0.000043
20.097785 73 0.117041 0.004867 0.000040
20.149168 62 0.127000 0.004133 0.000035
20.200552 80 0.111803 0.005333 0.000044
20.251935 77 0.113961 0.005133 0.000043
20.303319 79 0.112509 0.005267 0.000044
20.354702 78 0.113228 0.005200 0.000043
20.406085 71 0.118678 0.004733 0.000039
20.457469 78 0.113228 0.005200 0.000043
20.508852 82 0.110432 0.005467 0.000045
20.560236 63 0.125988 0.004200 0.000035
20.611619 80 0.111803 0.005333 0.000044
20.663002 77 0.113961 0.005133 0.000043
20.714386 64 0.125000 0.004267 0.000036
20.765769 70 0.119523 0.004667 0.000039
20.817153 84 0.109109 0.005600 0.000046
20.868536 110 0.095346 0.007333 0.000060
20.919919 86 0.107833 0.005733 0.000047
20.971303 83 0.109764 0.005533 0.000046
21.022686 77 0.113961 0.005133 0.000043
21.074070 84 0.109109 0.005600 0.000046
21.125453 86 0.107833 0.005733 0.000047
21.176836 89 0.106000 0.005933 0.000049
21.228220 96 0.102062 0.006400 0.000053
21.279603 107 0.096674 0.007133 0.000059
21.330987 115 0.093250 0.007667 0.000063
21.382370 96 0.102062 0.006400 0.000053
21.433753 115 0.093250 0.007667 0.000063
21.485137 107 0.096674 0.007133 0.000059
21.536520 95 0.102598 0.006333 0.000052
21.587904 90 0.105409 0.006000 0.000049
21.639287 130 0.087706 0.008667 0.000071
21.690670 127 0.088736 0.008467 0.000069
21.742054 109 0.095783 0.007267 0.000060
21.793437 124 0.089803 0.008267 0.000068
21.844821 118 0.092057 0.007867 0.000065
21.896204 135 0.086066 0.009000 0.000074
21.947587 124 0.089803 0.008267 0.000068
21.998971 135 0.086066 0.009000 0.000074
22.050354 114 0.093659 0.007600 0.000062
22.101738 131 0.087370 0.008733 0.000072
22.153121 128 0.088388 0.008533 0.000070
22.204504 144 0.083333 0.009600 0.000079
22.255888 127 0.088736 0.008467 0.000069
22.307271 145 0.083045 0.009667 0.000079
22.358655 156 0.080064 0.010400 0.000085
22.410038 137 0.085436 0.009133 0.000075
22.461421 143 0.083624 0.009533 0.000078
22.512805 132 0.087039 0.008800 0.000072
22.564188 154 0.080582 0.010267 0.000084
22.615572 156 0.080064 0.010400 0.000085
22.666955 179 0.074744 0.011933 0.000098
22.718338 152 0.081111 0.010133 0.000083
22.769722 150 0.081650 0.010000 0.000082
22.821105 133 0.086711 0.008867 0.000073
22.872489 155 0.080322 0.010333 0.000085
22.923872 159 0.079305 0.010600 0.000087
22.975255 154 0.080582 0.010267 0.000084
23.026639 167 0.077382 0.011133 0.000091
23.078022 154 0.080582 0.010267 0.000084
23.129406 162 0.078567 0.010800 0.000088
23.180789 144 0.083333 0.009600 0.000079
23.232172 158 0.079556 0.010533 0.000086
23.283556 178 0.074953 0.011867 0.000097
23.334939 153 0.080845 0.010200 0.000083
23.386323 172 0.076249 0.011467 0.000094
23.437706 145 0.083045 0.009667 0.000079
23.489089 156 0.080064 0.010400 0.000085
23.540473 166 0.077615 0.011067 0.000091
23.591856 175 0.075593 0.011667 0.000095
23.643239 144 0.083333 0.009600 0.000079
23.694623 183 0.073922 0.012200 0.000100
23.746006 156 0.080064 0.010400 0.000085
23.797390 176 0.075378 0.011733 0.000096
23.848773 154 0.080582 0.010267 0.000084
23.900157 187 0.073127 0.012467 0.000102
23.951540 194 0.071796 0.012933 0.000106
24.002923 170 0.076696 0.011333 0.000093
24.054307 174 0.075810 0.011600 0.000095
24.105690 160 0.079057 0.010667 0.000087
24.157074 180 0.074536 0.012000 0.000098
24.208457 200 0.070711 0.013333 0.000109
24.259840 178 0.074953 0.011867 0.000097
24.311224 173 0.076029 0.011533 0.000094
24.362607 188 0.072932 0.012533 0.000102
24.413991 188 0.072932 0.012533 0.000102
24.465374 175 0.075593 0.011667 0.000095
24.516757 213 0.068519 0.014200 0.000116
24.568141 178 0.074953 0.011867 0.000097
24.619524 185 0.073521 0.012333 0.000101
24.670908 166 0.077615 0.011067 0.000091
24.722291 186 0.073324 0.012400 0.000101
24.773674 184 0.073721 0.012267 0.000100
24.825058 183 0.073922 0.012200 0.000100
24.876441 189 0.072739 0.012600 0.000103
24.927825 183 0.073922 0.012200 0.000100
24.979208 189 0.072739 0.012600 0.000103
25.030591 204 0.070014 0.013600 0.000111
25.081975 206 0.069673 0.013733 0.000112
25.133358 194 0.071796 0.012933 0.000106
25.184742 209 0.069171 0.013933 0.000114
25.236125 199 0.070888 0.013267 0.000108
25.287508 185 0.073521 0.012333 0.000101
25.338892 197 0.071247 0.013133 0.000107
25.390275 218 0.067729 0.014533 0.000119
25.441659 230 0.065938 0.015333 0.000125
25.493042 216 0.068041 0.014400 0.000118
25.544425 200 0.070711 0.013333 0.000109
25.595809 219 0.067574 0.014600 0.000119
25.647192 210 0.069007 0.014000 0.000114
25.698576 203 0.070186 0.013533 0.000111
25.749959 220 0.067420 0.014667 0.000120
25.801342 208 0.069338 0.013867 0.000113
25.852726 229 0.066082 0.015267 0.000125
25.904109 209 0.069171 0.013933 0.000114
25.955493 221 0.067267 0.014733 0.000120
26.006876 231 0.065795 0.015400 0.000126
26.058259 220 0.067420 0.014667 0.000120
26.109643 199 0.070888 0.013267 0.000108
26.161026 211 0.068843 0.014067 0.000115
26.212410 226 0.066519 0.015067 0.000123
26.263793 228 0.066227 0.015200 0.000124
26.315176 225 0.066667 0.015000 0.000123
26.366560 250 0.063246 0.016667 0.000136
26.417943 226 0.066519 0.015067 0.000123
26.469327 250 0.063246 0.016667 0.000136
26.520710 251 0.063119 0.016733 0.000137
26.572093 244 0.064018 0.016267 0.000133
26.623477 260 0.062017 0.017333 0.000142
26.674860 267 0.061199 0.017800 0.000145
26.726244 226 0.066519 0.015067 0.000123
26.777627 270 0.060858 0.018000 0.000147
26.829010 247 0.063628 0.016467 0.000135
26.880394 251 0.063119 0.016733 0.000137
26.931777 267 0.061199 0.017800 0.000145
26.983161 232 0.065653 0.015467 0.000126
27.034544 250 0.063246 0.016667 0.000136
27.085927 253 0.062869 0.016867 0.000138
27.137311 250 0.063246 0.016667 0.000136
27.188694 279 0.059868 0.018600 0.000152
27.240078 271 0.060746 0.018067 0.000148
27.291461 270 0.060858 0.018000 0.000147
27.342844 244 0.064018 0.016267 0.000133
27.394228 278 0.059976 0.018533 0.000151
27.445611 284 0.059339 0.018933 0.000155
27.496995 272 0.060634 0.018133 0.000148
27.548378 279 0.059868 0.018600 0.000152
27.599761 289 0.058824 0.019267 0.000157
27.651145 287 0.059028 0.019133 0.000156
27.702528 249 0.063372 0.016600 0.000136
27.753912 267 0.061199 0.017800 0.000145
27.805295 276 0.060193 0.018400 0.000150
27.856678 285 0.059235 0.019000 0.000155
27.908062 287 0.059028 0.019133 0.000156
27.959445 259 0.062137 0.017267 0.000141
28.010829 244 0.064018 0.016267 0.000133
28.062212 286 0.059131 0.019067 0.000156
28.113595 302 0.057544 0.020133 0.000164
28.164979 255 0.062622 0.017000 0.000139
28.216362 255 0.062622 0.017000 0.000139
28.267746 293 0.058421 0.019533 0.000160
28.319129 259 0.062137 0.017267 0.000141
28.370512 293 0.058421 0.019533 0.000160
28.421896 278 0.059976 0.018533 0.000151
28.473279 295 0.058222 0.019667 0.000161
28.524663 299 0.057831 0.019933 0.000163
28.576046 315 0.056344 0.021000 0.000172
28.627429 316 0.056254 0.021067 0.000172
28.678813 292 0.058521 0.019467 0.000159
28.730196 310 0.056796 0.020667 0.000169
28.781580 281 0.059655 0.018733 0.000153
28.832963 299 0.057831 0.019933 0.000163
28.884346 309 0.056888 0.020600 0.000168
28.935730 276 0.060193 0.018400 0.000150
28.987113 314 0.056433 0.020933 0.000171
29.038497 319 0.055989 0.021267 0.000174
29.089880 294 0.058321 0.019600 0.000160
29.141263 299 0.057831 0.019933 0.000163
29.192647 299 0.057831 0.019933 0.000163
29.244030 275 0.060302 0.018333 0.000150
29.295414 298 0.057928 0.019867 0.000162
29.346797 265 0.061430 0.017667 0.000144
29.398180 283 0.059444 0.018867 0.000154
29.449564 303 0.057448 0.020200 0.000165
29.500947 263 0.061663 0.017533 0.000143
29.552331 271 0.060746 0.018067 0.000148
29.603714 308 0.056980 0.020533 0.000168
29.655097 275 0.060302 0.018333 0.000150
29.706481 302 0.057544 0.020133 0.000164
29.757864 303 0.057448 0.020200 0.000165
29.809248 303 0.057448 0.020200 0.000165
29.860631 290 0.058722 0.019333 0.000158
29.912014 302 0.057544 0.020133 0.000164
29.963398 303 0.057448 0.020200 0.000165
30.014781 293 0.058421 0.019533 0.000160
30.066165 292 0.058521 0.019467 0.000159
30.117548 274 0.060412 0.018267 0.000149
30.168931 290 0.058722 0.019333 0.000158
30.220315 288 0.058926 0.019200 0.000157
30.271698 321 0.055815 0.021400 0.000175
30.323082 294 0.058321 0.019600 0.000160
30.374465 297 0.058026 0.019800 0.000162
30.425848 293 0.058421 0.019533 0.000160
30.477232 299 0.057831 0.019933 0.000163
30.528615 291 0.058621 0.019400 0.000158
30.579999 287 0.059028 0.019133 0.000156
30.631382 305 0.057260 0.020333 0.000166
30.682765 281 0.059655 0.018733 0.000153
30.734149 300 0.057735 0.020000 0.000163
30.785532 301 0.057639 0.020067 0.000164
30.836916 320 0.055902 0.021333 0.000174
30.888299 302 0.057544 0.020133 0.000164
30.939682 310 0.056796 0.020667 0.000169
30.991066 317 0.056166 0.021133 0.000173
31.042449 295 0.058222 0.019667 0.000161
31.093833 313 0.056523 0.020867 0.000170
31.145216 302 0.057544 0.020133 0.000164
31.196599 304 0.057354 0.020267 0.000166
31.247983 310 0.056796 0.020667 0.000169
31.299366 284 0.059339 0.018933 0.000155
31.350750 308 0.056980 0.020533 0.000168
31.402133 299 0.057831 0.019933 0.000163
31.453516 297 0.058026 0.019800 0.000162
31.504900 299 0.057831 0.019933 0.000163
31.556283 343 0.053995 0.022867 0.000187
31.607667 306 0.057166 0.020400 0.000167
31.659050 316 0.056254 0.021067 0.000172
31.710433 293 0.058421 0.019533 0.000160
31.761817 284 0.059339 0.018933 0.000155
31.813200 316 0.056254 0.021067 0.000172
31.864584 338 0.054393 0.022533 0.000184
31.915967 327 0.055300 0.021800 0.000178
31.967350 280 0.059761 0.018667 0.000152
32.018734 316 0.056254 0.021067 0.000172
32.070117 315 0.056344 0.021000 0.000172
32.121500 318 0.056077 0.021200 0.000173
32.172884 326 0.055385 0.021733 0.000177
32.224267 346 0.053760 0.023067 0.000188
32.275651 305 0.057260 0.020333 0.000166
32.327034 330 0.055048 0.022000 0.000180
32.378417 366 0.052271 0.024400 0.000199
32.429801 338 0.054393 0.022533 0.000184
32.481184 313 0.056523 0.020867 0.000170
32.532568 330 0.055048 0.022000 0.000180
32.583951 340 0.054233 0.022667 0.000185
32.635334 340 0.054233 0.022667 0.000185
32.686718 317 0.056166 0.021133 0.000173
32.738101 302 0.057544 0.020133 0.000164
32.789485 319 0.055989 0.021267 0.000174
32.840868 334 0.054718 0.022267 0.000182
32.892252 298 0.057928 0.019867 0.000162
32.943635 325 0.055470 0.021667 0.000177
32.995018 316 0.056254 0.021067 0.000172
33.046402 313 0.056523 0.020867 0.000170
33.097785 335 0.054636 0.022333 0.000182
33.149169 316 0.056254 0.021067 0.000172
33.200552 304 0.057354 0.020267 0.000166
33.251935 318 0.056077 0.021200 0.000173
33.303319 320 0.055902 0.021333 0.000174
33.354702 322 0.055728 0.021467 0.000175
33.406086 331 0.054965 0.022067 0.000180
33.457469 288 0.058926 0.019200 0.000157
33.508852 298 0.057928 0.019867 0.000162
33.560236 321 0.055815 0.021400 0.000175
33.611619 332 0.054882 0.022133 0.000181
33.663003 310 0.056796 0.020667 0.000169
33.714386 297 0.058026 0.019800 0.000162
33.765769 313 0.056523 0.020867 0.000170
33.817153 336 0.054554 0.022400 0.000183
33.868536 282 0.059549 0.018800 0.000154
33.919919 317 0.056166 0.021133 0.000173
33.971303 267 0.061199 0.017800 0.000145
34.022686 305 0.057260 0.020333 0.000166
34.074070 305 0.057260 0.020333 0.000166
34.125453 294 0.058321 0.019600 0.000160
34.176836 317 0.056166 0.021133 0.000173
34.228220 285 0.059235 0.019000 0.000155
34.279603 308 0.056980 0.020533 0.000168
34.330987 266 0.061314 0.017733 0.000145
34.382370 279 0.059868 0.018600 0.000152
34.433753 293 0.058421 0.019533 0.000160
34.485137 300 0.057735 0.020000 0.000163
34.536520 299 0.057831 0.019933 0.000163
34.587904 301 0.057639 0.020067 0.000164
34.639287 302 0.057544 0.020133 0.000164
34.690670 277 0.060084 0.018467 0.000151
34.742054 293 0.058421 0.019533 0.000160
34.793437 280 0.059761 0.018667 0.000152
34.844821 286 0.059131 0.019067 0.000156
34.896204 262 0.061780 0.017467 0.000143
34.947587 270 0.060858 0.018000 0.000147
34.998971 257 0.062378 0.017133 0.000140
35.050354 243 0.064150 0.016200 0.000132
35.101738 267 0.061199 0.017800 0.000145
35.153121 280 0.059761 0.018667 0.000152
35.204504 281 0.059655 0.018733 0.000153
35.255888 252 0.062994 0.016800 0.000137
35.307271 240 0.064550 0.016000 0.000131
35.358655 237 0.064957 0.015800 0.000129
35.410038 254 0.062746 0.016933 0.000138
35.461422 245 0.063888 0.016333 0.000133
35.512805 218 0.067729 0.014533 0.000119
35.564188 229 0.066082 0.015267 0.000125
35.615572 214 0.068359 0.014267 0.000117
35.666955 265 0.061430 0.017667 0.000144
35.718339 225 0.066667 0.015000 0.000123
35.769722 252 0.062994 0.016800 0.000137
35.821105 217 0.067884 0.014467 0.000118
35.872489 224 0.066815 0.014933 0.000122
35.923872 241 0.064416 0.016067 0.000131
35.975256 234 0.065372 0.015600 0.000127
36.026639 232 0.065653 0.015467 0.000126
36.078022 232 0.065653 0.015467 0.000126
36.129406 247 0.063628 0.016467 0.000135
36.180789 199 0.070888 0.013267 0.000108
36.232173 226 0.066519 0.015067 0.000123
36.283556 232 0.065653 0.015467 0.000126
36.334939 215 0.068199 0.014333 0.000117
36.386323 224 0.066815 0.014933 0.000122
36.437706 227 0.066372 0.015133 0.000124
36.489090 211 0.068843 0.014067 0.000115
36.540473 208 0.069338 0.013867 0.000113
36.591856 233 0.065512 0.015533 0.000127
36.643240 216 0.068041 0.014400 0.000118
36.694623 191 0.072357 0.012733 0.000104
36.746006 198 0.071067 0.013200 0.000108
36.797390 199 0.070888 0.013267 0.000108
36.848773 192 0.072169 0.012800 0.000105
36.900157 188 0.072932 0.012533 0.000102
36.951540 186 0.073324 0.012400 0.000101
37.002923 180 0.074536 0.012000 0.000098
37.054307 213 0.068519 0.014200 0.000116
37.105690 200 0.070711 0.013333 0.000109
37.157074 165 0.077850 0.011000 0.000090
37.208457 176 0.075378 0.011733 0.000096
37.259840 175 0.075593 0.011667 0.000095
37.311224 173 0.076029 0.011533 0.000094
37.362607 184 0.073721 0.012267 0.000100
37.413991 168 0.077152 0.011200 0.000092
37.465374 170 0.076696 0.011333 0.000093
37.516757 164 0.078087 0.010933 0.000089
37.568141 150 0.081650 0.010000 0.000082
37.619524 161 0.078811 0.010733 0.000088
37.670908 171 0.076472 0.011400 0.000093
37.722291 141 0.084215 0.009400 0.000077
37.773674 159 0.079305 0.010600 0.000087
37.825058 154 0.080582 0.010267 0.000084
37.876441 148 0.082199 0.009867 0.000081
37.927825 140 0.084515 0.009333 0.000076
37.979208 149 0.081923 0.009933 0.000081
38.030591 144 0.083333 0.009600 0.000079
38.081975 147 0.082479 0.009800 0.000080
38.133358 140 0.084515 0.009333 0.000076
38.184742 147 0.082479 0.009800 0.000080
38.236125 141 0.084215 0.009400 0.000077
38.287509 115 0.093250 0.007667 0.000063
38.338892 129 0.088045 0.008600 0.000070
38.390275 132 0.087039 0.008800 0.000072
38.441659 118 0.092057 0.007867 0.000065
38.493042 134 0.086387 0.008933 0.000073
38.544426 97 0.101535 0.006467 0.000053
38.595809 104 0.098058 0.006933 0.000057
38.647192 87 0.107211 0.005800 0.000048
38.698576 100 0.100000 0.006667 0.000055
38.749959 104 0.098058 0.006933 0.000057
38.801343 114 0.093659 0.007600 0.000062
38.852726 104 0.098058 0.006933 0.000057
38.904109 97 0.101535 0.006467 0.000053
38.955493 95 0.102598 0.006333 0.000052
39.006876 90 0.105409 0.006000 0.000049
39.058260 98 0.101015 0.006533 0.000054
39.109643 90 0.105409 0.006000 0.000049
39.161026 70 0.119523 0.004667 0.000039
39.212410 96 0.102062 0.006400 0.000053
39.263793 90 0.105409 0.006000 0.000049
39.315176 81 0.111111 0.005400 0.000045
39.366560 97 0.101535 0.006467 0.000053
39.417943 83 0.109764 0.005533 0.000046
39.469327 71 0.118678 0.004733 0.000039
39.520710 85 0.108465 0.005667 0.000047
39.572093 71 0.118678 0.004733 0.000039
39.623477 67 0.122169 0.004467 0.000037
39.674860 80 0.111803 0.005333 0.000044
39.726244 73 0.117041 0.004867 0.000040
39.777627 61 0.128037 0.004067 0.000034
39.829010 58 0.131306 0.003867 0.000033
39.880394 66 0.123091 0.004400 0.000037
39.931777 67 0.122169 0.004467 0.000037
39.983161 60 0.129099 0.004000 0.000034
40.034544 61 0.128037 0.004067 0.000034
40.085927 65 0.124035 0.004333 0.000036
40.137311 49 0.142857 0.003267 0.000028
40.188694 57 0.132453 0.003800 0.000032
40.240078 51 0.140028 0.003400 0.000029
40.291461 59 0.130189 0.003933 0.000033
40.342844 49 0.142857 0.003267 0.000028
40.394228 52 0.138675 0.003467 0.000030
40.445611 51 0.140028 0.003400 0.000029
40.496995 38 0.162221 0.002533 0.000023
40.548378 60 0.129099 0.004000 0.000034
40.599761 33 0.174078 0.002200 0.000021
40.651145 44 0.150756 0.002933 0.000026
40.702528 41 0.156174 0.002733 0.000025
40.753912 51 0.140028 0.003400 0.000029
40.805295 30 0.182574 0.002000 0.000020
40.856679 19 0.229416 0.001267 0.000018
40.908062 35 0.169031 0.002333 0.000022
40.959445 28 0.188982 0.001867 0.000020
41.010829 41 0.156174 0.002733 0.000025
41.062212 41 0.156174 0.002733 0.000025
41.113596 29 0.185695 0.001933 0.000020
41.164979 23 0.208514 0.001533 0.000019
41.216362 22 0.213201 0.001467 0.000019
41.267746 28 0.188982 0.001867 0.000020
41.319129 35 0.169031 0.002333 0.000022
41.370513 37 0.164399 0.002467 0.000023
41.421896 26 0.196116 0.001733 0.000019
41.473279 31 0.179605 0.002067 0.000021
41.524663 22 0.213201 0.001467 0.000019
41.576046 23 0.208514 0.001533 0.000019
41.627430 25 0.200000 0.001667 0.000019
41.678813 22 0.213201 0.001467 0.000019
41.730196 20 0.223607 0.001333 0.000018
41.781580 26 0.196116 0.001733 0.000019
41.832963 20 0.223607 0.001333 0.000018
41.884346 21 0.218218 0.001400 0.000019
41.935730 19 0.229416 0.001267 0.000018
41.987113 18 0.235702 0.001200 0.000019
42.038497 19 0.229416 0.001267 0.000018
42.089880 20 0.223607 0.001333 0.000018
42.141263 22 0.213201 0.001467 0.000019
42.192647 12 0.288675 0.000800 0.000020
42.244030 29 0.185695 0.001933 0.000020
42.295414 15 0.258199 0.001000 0.000019
42.346797 21 0.218218 0.001400 0.000019
42.398180 15 0.258199 0.001000 0.000019
42.449564 14 0.267261 0.000933 0.000019
42.500947 10 0.316228 0.000667 0.000022
42.552331 14 0.267261 0.000933 0.000019
42.603714 10 0.316228 0.000667 0.000022
42.655097 9 0.333333 0.000600 0.000023
42.706481 8 0.353553 0.000533 0.000024
42.757864 8 0.353553 0.000533 0.000024
42.809248 14 0.267261 0.000933 0.000019
42.860631 7 0.377964 0.000467 0.000025
42.912014 10 0.316228 0.000667 0.000022
42.963398 7 0.377964 0.000467 0.000025
43.014781 4 0.500000 0.000267 0.000033
43.066165 10 0.316228 0.000667 0.000022
43.117548 5 0.447214 0.000333 0.000030
43.168931 6 0.408248 0.000400 0.000027
43.220315 5 0.447214 0.000333 0.000030
43.271698 11 0.301511 0.000733 0.000021
43.323082 2 0.707107 0.000133 0.000047
43.374465 2 0.707107 0.000133 0.000047
43.425849 3 0.577350 0.000200 0.000039
43.477232 6 0.408248 0.000400 0.000027
43.528615 3 0.577350 0.000200 0.000039
43.579999 4 0.500000 0.000267 0.000033
43.631382 2 0.707107 0.000133 0.000047
43.682766 3 0.577350 0.000200 0.000039
43.734149 4 0.500000 0.000267 0.000033
43.785532 0 0.000000 0.000000 0.000000
43.836916 3 0.577350 0.000200 0.000039
43.888299 3 0.577350 0.000200 0.000039
43.939683 2 0.707107 0.000133 0.000047
43.991066 0 0.000000 0.000000 0.000000
44.042449 2 0.707107 0.000133 0.000047
44.093833 2 0.707107 0.000133 0.000047
44.145216 1 1.000000 0.000067 0.000067
44.196600 0 0.000000 0.000000 0.000000
44.247983 0 0.000000 0.000000 0.000000
44.299366 0 0.000000 0.000000 0.000000
44.350750 1 1.000000 0.000067 0.000067
44.402133 2 0.707107 0.000133 0.000047
44.453517 1 1.000000 0.000067 0.000067
44.504900 0 0.000000 0.000000 0.000000
44.556283 3 0.577350 0.000200 0.000039
44.607667 1 1.000000 0.000067 0.000067
44.659050 0 0.000000 0.000000 0.000000
44.710433 0 0.000000 0.000000 0.000000
44.761817 2 0.707107 0.000133 0.000047
44.813200 0 0.000000 0.000000 0.000000
44.864584 0 0.000000 0.000000 0.000000
44.915967 1 1.000000 0.000067 0.000067
44.967350 0 0.000000 0.000000 0.000000
45.018734 0 0.000000 0.000000 0.000000
45.070117 0 0.000000 0.000000 0.000000
45.121501 0 0.000000 0.000000 0.000000
45.172884 1 1.000000 0.000067 0.000067
45.224267 0 0.000000 0.000000 0.000000
45.275651 0 0.000000 0.000000 0.000000
45.327034 0 0.000000 0.000000 0.000000
45.378418 0 0.000000 0.000000 0.000000
45.429801 0 0.000000 0.000000 0.000000
45.481184 0 0.000000 0.000000 0.000000
45.532568 0 0.000000 0.000000 0.000000
45.583951 1 1.000000 0.000067 0.000067
45.635335 0 0.000000 0.000000 0.000000
45.686718 0 0.000000 0.000000 0.000000
45.738101 0 0.000000 0.000000 0.000000
45.789485 0 0.000000 0.000000 0.000000
45.840868 0 0.000000 0.000000 0.000000
45.892252 0 0.000000 0.000000 0.000000
45.943635 0 0.000000 0.000000 0.000000
45.995019 0 0.000000 0.000000 0.000000
46.046402 1 1.000000 0.000067 0.000067
46.097785 0 0.000000 0.000000 0.000000
46.149169 0 0.000000 0.000000 0.000000
46.200552 0 0.000000 0.000000 0.000000
46.251936 0 0.000000 0.000000 0.000000
46.303319 0 0.000000 0.000000 0.000000
46.354702 0 0.000000 0.000000 0.000000
46.406086 0 0.000000 0.000000 0.000000
46.457469 1 1.000000 0.000067 0.000067
46.508853 0 0.000000 0.000000 0.000000
46.560236 0 0.000000 0.000000 0.000000
46.611619 1 1.000000 0.000067 0.000067
46.663003 1 1.000000 0.000067 0.000067
46.714386 1 1.000000 0.000067 0.000067
46.765770 0 0.000000 0.000000 0.000000
46.817153 0 0.000000 0.000000 0.000000
46.868536 2 0.707107 0.000133 0.000047
46.919920 0 0.000000 0.000000 0.000000
46.971303 0 0.000000 0.000000 0.000000
47.022687 0 0.000000 0.000000 0.000000
47.074070 0 0.000000 0.000000 0.000000
47.125453 0 0.000000 0.000000 0.000000
47.176837 0 0.000000 0.000000 0.000000
47.228220 0 0.000000 0.000000 0.000000
47.279604 0 0.000000 0.000000 0.000000
47.330987 1 1.000000 0.000067 0.000067
47.382370 0 0.000000 0.000000 0.000000
47.433754 0 0.000000 0.000000 0.000000
47.485137 0 0.000000 0.000000 0.000000
47.536520 0 0.000000 0.000000 0.000000
47.587904 0 0.000000 0.000000 0.000000
47.639287 0 0.000000 0.000000 0.000000
47.690671 0 0.000000 0.000000 0.000000
47.742054 1 1.000000 0.000067 0.000067
47.793437 0 0.000000 0.000000 0.000000
47.844821 0 0.000000 0.000000 0.000000
47.896204 0 0.000000 0.000000 0.000000
47.947588 0 0.000000 0.000000 0.000000
47.998971 0 0.000000 0.000000 0.000000
48.050354 0 0.000000 0.000000 0.000000
48.101738 0 0.000000 0.000000 0.000000
48.153121 0 0.000000 0.000000 0.000000
48.204505 0 0.000000 0.000000 0.000000
48.255888 0 0.000000 0.000000 0.000000
48.307271 0 0.000000 0.000000 0.000000
48.358655 0 0.000000 0.000000 0.000000
48.410038 0 0.000000 0.000000 0.000000
48.461422 0 0.000000 0.000000 0.000000
48.512805 0 0.000000 0.000000 0.000000
48.564189 2 0.707107 0.000133 0.000047
48.615572 0 0.000000 0.000000 0.000000
48.666955 0 0.000000 0.000000 0.000000
48.718339 1 1.000000 0.000067 0.000067
48.769722 0 0.000000 0.000000 0.000000
48.821106 0 0.000000 0.000000 0.000000
48.872489 0 0.000000 0.000000 0.000000
48.923872 1 1.000000 0.000067 0.000067
48.975256 1 1.000000 0.000067 0.000067
49.026639 0 0.000000 0.000000 0.000000
49.078023 0 0.000000 0.000000 0.000000
49.129406 0 0.000000 0.000000 0.000000
49.180789 0 0.000000 0.000000 0.000000
49.232173 1 1.000000 0.000067 0.000067
49.283556 1 1.000000 0.000067 0.000067
49.334940 0 0.000000 0.000000 0.000000
49.386323 0 0.000000 0.000000 0.000000
49.437706 0 0.000000 0.000000 0.000000
49.489090 0 0.000000 0.000000 0.000000
49.540473 0 0.000000 0.000000 0.000000
49.591857 0 0.000000 0.000000 0.000000
49.643240 0 0.000000 0.000000 0.000000
49.694623 0 0.000000 0.000000 0.000000
49.746007 1 1.000000 0.000067 0.000067
49.797390 0 0.000000 0.000000 0.000000
49.848774 0 0.000000 0.000000 0.000000
49.900157 0 0.000000 0.000000 0.000000
49.951540 0 0.000000 0.000000 0.000000
50.002924 0 0.000000 0.000000 0.000000
50.054307 0 0.000000 0.000000 0.000000
50.105690 0 0.000000 0.000000 0.000000
50.157074 0 0.000000 0.000000 0.000000
50.208457 0 0.000000 0.000000 0.000000
50.259841 0 0.000000 0.000000 0.000000
50.311224 1 1.000000 0.000067 0.000067
50.362607 0 0.000000 0.000000 0.000000
50.413991 0 0.000000 0.000000 0.000000
50.465374 0 0.000000 0.000000 0.000000
50.516758 1 1.000000 0.000067 0.000067
50.568141 0 0.000000 0.000000 0.000000
50.619524 1 1.000000 0.000067 0.000067
50.670908 0 0.000000 0.000000 0.000000
50.722291 0 0.000000 0.000000 0.000000
50.773675 0 0.000000 0.000000 0.000000
50.825058 0 0.000000 0.000000 0.000000
50.876441 0 0.000000 0.000000 0.000000
50.927825 0 0.000000 0.000000 0.000000
50.979208 2 0.707107 0.000133 0.000047
