# Ba133 15000 15000 0.0513834 0.008164965809277261 122.47448713915891
-0.352808 0 0.000000 0.000000 0.000000
-0.301425 0 0.000000 0.000000 0.000000
-0.250042 0 0.000000 0.000000 0.000000
-0.198658 0 0.000000 0.000000 0.000000
-0.147275 0 0.000000 0.000000 0.000000
-0.095891 0 0.000000 0.000000 0.000000
-0.044508 0 0.000000 0.000000 0.000000
0.006876 0 0.000000 0.000000 0.000000
0.058259 0 0.000000 0.000000 0.000000
0.109642 0 0.000000 0.000000 0.000000
0.161026 0 0.000000 0.000000 0.000000
0.212409 0 0.000000 0.000000 0.000000
0.263793 1 1.000000 0.000067 0.000067
0.315176 0 0.000000 0.000000 0.000000
0.366559 6 0.408248 0.000400 0.000027
0.417943 34 0.171499 0.002267 0.000022
0.469326 110 0.095346 0.007333 0.000060
0.520710 237 0.064957 0.015800 0.000129
0.572093 383 0.051098 0.025533 0.000209
0.623476 456 0.046829 0.030400 0.000248
0.674860 555 0.042448 0.037000 0.000302
0.726243 591 0.041135 0.039400 0.000322
0.777626 669 0.038662 0.044600 0.000364
0.829010 868 0.033942 0.057867 0.000472
0.880393 985 0.031863 0.065667 0.000536
0.931777 1232 0.028490 0.082133 0.000671
0.983160 1490 0.025906 0.099333 0.000811
1.034543 1791 0.023629 0.119400 0.000975
1.085927 2213 0.021257 0.147533 0.001205
1.137310 2834 0.018785 0.188933 0.001543
1.188694 3493 0.016920 0.232867 0.001901
1.240077 4171 0.015484 0.278067 0.002270
1.291460 5022 0.014111 0.334800 0.002734
1.342844 5986 0.012925 0.399067 0.003258
1.394227 7023 0.011933 0.468200 0.003823
1.445611 8119 0.011098 0.541267 0.004419
1.496994 9006 0.010537 0.600400 0.004902
1.548377 10176 0.009913 0.678400 0.005539
1.599761 11032 0.009521 0.735467 0.006005
1.651144 11915 0.009161 0.794333 0.006486
1.702528 12671 0.008884 0.844733 0.006897
1.753911 13467 0.008617 0.897800 0.007331
1.805295 14038 0.008440 0.935867 0.007641
1.856678 14371 0.008342 0.958067 0.007823
1.908061 14566 0.008286 0.971067 0.007929
1.959445 14820 0.008214 0.988000 0.008067
2.010828 14909 0.008190 0.993933 0.008115
2.062212 14788 0.008223 0.985867 0.008050
2.113595 15000 0.008165 1.000000 0.008165
2.164978 14605 0.008275 0.973667 0.007950
2.216362 14347 0.008349 0.956467 0.007810
2.267745 14159 0.008404 0.943933 0.007707
2.319129 13961 0.008463 0.930733 0.007599
2.370512 13619 0.008569 0.907933 0.007413
2.421895 13180 0.008710 0.878667 0.007174
2.473279 12674 0.008883 0.844933 0.006899
2.524662 11864 0.009181 0.790933 0.006458
2.576046 11627 0.009274 0.775133 0.006329
2.627429 11079 0.009501 0.738600 0.006031
2.678812 10622 0.009703 0.708133 0.005782
2.730196 9861 0.010070 0.657400 0.005368
2.781579 9115 0.010474 0.607667 0.004962
2.832963 8662 0.010745 0.577467 0.004715
2.884346 7872 0.011271 0.524800 0.004285
2.935729 7257 0.011739 0.483800 0.003950
2.987113 6691 0.012225 0.446067 0.003642
3.038496 6153 0.012748 0.410200 0.003349
3.089880 5441 0.013557 0.362733 0.002962
3.141263 5071 0.014043 0.338067 0.002760
3.192646 4635 0.014688 0.309000 0.002523
3.244030 4133 0.015555 0.275533 0.002250
3.295413 3687 0.016469 0.245800 0.002007
3.346797 3278 0.017466 0.218533 0.001784
3.398180 2936 0.018455 0.195733 0.001598
3.449563 2809 0.018868 0.187267 0.001529
3.500947 2420 0.020328 0.161333 0.001317
3.552330 2241 0.021124 0.149400 0.001220
3.603714 1927 0.022780 0.128467 0.001049
3.655097 1797 0.023590 0.119800 0.000978
3.706480 1657 0.024566 0.110467 0.000902
3.757864 1544 0.025449 0.102933 0.000840
3.809247 1464 0.026135 0.097600 0.000797
3.860631 1342 0.027298 0.089467 0.000730
3.912014 1332 0.027400 0.088800 0.000725
3.963397 1196 0.028916 0.079733 0.000651
4.014781 1134 0.029696 0.075600 0.000617
4.066164 1168 0.029260 0.077867 0.000636
4.117548 1127 0.029788 0.075133 0.000613
4.168931 1070 0.030571 0.071333 0.000582
4.220314 1172 0.029210 0.078133 0.000638
4.271698 1091 0.030275 0.072733 0.000594
4.323081 1217 0.028665 0.081133 0.000662
4.374465 1243 0.028364 0.082867 0.000677
4.425848 1212 0.028724 0.080800 0.000660
4.477231 1295 0.027789 0.086333 0.000705
4.528615 1318 0.027545 0.087867 0.000717
4.579998 1376 0.026958 0.091733 0.000749
4.631381 1387 0.026851 0.092467 0.000755
4.682765 1465 0.026126 0.097667 0.000797
4.734148 1479 0.026003 0.098600 0.000805
4.785532 1606 0.024953 0.107067 0.000874
4.836915 1652 0.024603 0.110133 0.000899
4.888299 1708 0.024197 0.113867 0.000930
4.939682 1753 0.023884 0.116867 0.000954
4.991065 1814 0.023479 0.120933 0.000987
5.042449 1886 0.023027 0.125733 0.001027
5.093832 1813 0.023486 0.120867 0.000987
5.145216 1798 0.023583 0.119867 0.000979
5.196599 1864 0.023162 0.124267 0.001015
5.247982 1944 0.022680 0.129600 0.001058
5.299366 1970 0.022530 0.131333 0.001072
5.350749 1995 0.022389 0.133000 0.001086
5.402133 1957 0.022605 0.130467 0.001065
5.453516 2021 0.022244 0.134733 0.001100
5.504899 1916 0.022846 0.127733 0.001043
5.556283 1953 0.022628 0.130200 0.001063
5.607666 1893 0.022984 0.126200 0.001030
5.659050 1996 0.022383 0.133067 0.001086
5.710433 1888 0.023014 0.125867 0.001028
5.761816 1823 0.023421 0.121533 0.000992
5.813200 1890 0.023002 0.126000 0.001029
5.864583 1805 0.023538 0.120333 0.000983
5.915967 1824 0.023415 0.121600 0.000993
5.967350 1715 0.024147 0.114333 0.000934
6.018733 1743 0.023953 0.116200 0.000949
6.070117 1749 0.023911 0.116600 0.000952
6.121500 1621 0.024838 0.108067 0.000882
6.172884 1655 0.024581 0.110333 0.000901
6.224267 1649 0.024626 0.109933 0.000898
6.275650 1604 0.024969 0.106933 0.000873
6.327034 1546 0.025433 0.103067 0.000842
6.378417 1591 0.025071 0.106067 0.000866
6.429801 1533 0.025540 0.102200 0.000834
6.481184 1513 0.025709 0.100867 0.000824
6.532567 1506 0.025768 0.100400 0.000820
6.583951 1477 0.026020 0.098467 0.000804
6.635334 1516 0.025683 0.101067 0.000825
6.686718 1547 0.025425 0.103133 0.000842
6.738101 1517 0.025675 0.101133 0.000826
6.789484 1436 0.026389 0.095733 0.000782
6.840868 1508 0.025751 0.100533 0.000821
6.892251 1537 0.025507 0.102467 0.000837
6.943634 1507 0.025760 0.100467 0.000820
6.995018 1473 0.026055 0.098200 0.000802
7.046401 1519 0.025658 0.101267 0.000827
7.097785 1399 0.026736 0.093267 0.000762
7.149168 1514 0.025700 0.100933 0.000824
7.200552 1441 0.026343 0.096067 0.000784
7.251935 1387 0.026851 0.092467 0.000755
7.303318 1426 0.026481 0.095067 0.000776
7.354702 1488 0.025924 0.099200 0.000810
7.406085 1523 0.025624 0.101533 0.000829
7.457469 1424 0.026500 0.094933 0.000775
7.508852 1474 0.026047 0.098267 0.000802
7.560235 1393 0.026793 0.092867 0.000758
7.611619 1497 0.025846 0.099800 0.000815
7.663002 1428 0.026463 0.095200 0.000777
7.714386 1384 0.026880 0.092267 0.000753
7.765769 1403 0.026698 0.093533 0.000764
7.817152 1364 0.027077 0.090933 0.000742
7.868536 1302 0.027714 0.086800 0.000709
7.919919 1306 0.027671 0.087067 0.000711
7.971303 1289 0.027853 0.085933 0.000702
8.022686 1287 0.027875 0.085800 0.000701
8.074069 1200 0.028868 0.080000 0.000653
8.125453 1131 0.029735 0.075400 0.000616
8.176836 1132 0.029722 0.075467 0.000616
8.228219 1084 0.030373 0.072267 0.000590
8.279603 1090 0.030289 0.072667 0.000593
8.330986 1004 0.031560 0.066933 0.000547
8.382370 967 0.032158 0.064467 0.000526
8.433753 940 0.032616 0.062667 0.000512
8.485136 966 0.032174 0.064400 0.000526
8.536520 865 0.034001 0.057667 0.000471
8.587903 820 0.034922 0.054667 0.000446
8.639287 837 0.034565 0.055800 0.000456
8.690670 730 0.037012 0.048667 0.000397
8.742054 712 0.037477 0.047467 0.000388
8.793437 703 0.037716 0.046867 0.000383
8.844820 715 0.037398 0.047667 0.000389
8.896204 633 0.039746 0.042200 0.000345
8.947587 651 0.039193 0.043400 0.000354
8.998970 574 0.041739 0.038267 0.000312
9.050354 553 0.042524 0.036867 0.000301
9.101737 538 0.043113 0.035867 0.000293
9.153121 522 0.043769 0.034800 0.000284
9.204504 493 0.045038 0.032867 0.000268
9.255888 489 0.045222 0.032600 0.000266
9.307271 427 0.048393 0.028467 0.000232
9.358654 408 0.049507 0.027200 0.000222
9.410038 381 0.051232 0.025400 0.000207
9.461421 373 0.051778 0.024867 0.000203
9.512804 372 0.051848 0.024800 0.000203
9.564188 368 0.052129 0.024533 0.000200
9.615571 362 0.052559 0.024133 0.000197
9.666955 317 0.056166 0.021133 0.000173
9.718338 368 0.052129 0.024533 0.000200
9.769721 302 0.057544 0.020133 0.000164
9.821105 309 0.056888 0.020600 0.000168
9.872488 319 0.055989 0.021267 0.000174
9.923872 299 0.057831 0.019933 0.000163
9.975255 278 0.059976 0.018533 0.000151
10.026639 288 0.058926 0.019200 0.000157
10.078022 302 0.057544 0.020133 0.000164
10.129405 290 0.058722 0.019333 0.000158
10.180789 260 0.062017 0.017333 0.000142
10.232172 263 0.061663 0.017533 0.000143
10.283555 256 0.062500 0.017067 0.000139
10.334939 244 0.064018 0.016267 0.000133
10.386322 257 0.062378 0.017133 0.000140
10.437706 253 0.062869 0.016867 0.000138
10.489089 255 0.062622 0.017000 0.000139
10.540472 259 0.062137 0.017267 0.000141
10.591856 249 0.063372 0.016600 0.000136
10.643239 255 0.062622 0.017000 0.000139
10.694623 279 0.059868 0.018600 0.000152
10.746006 238 0.064820 0.015867 0.000130
10.797390 280 0.059761 0.018667 0.000152
10.848773 235 0.065233 0.015667 0.000128
10.900156 263 0.061663 0.017533 0.000143
10.951540 256 0.062500 0.017067 0.000139
11.002923 229 0.066082 0.015267 0.000125
11.054306 255 0.062622 0.017000 0.000139
11.105690 246 0.063758 0.016400 0.000134
11.157073 256 0.062500 0.017067 0.000139
11.208457 257 0.062378 0.017133 0.000140
11.259840 262 0.061780 0.017467 0.000143
11.311224 239 0.064685 0.015933 0.000130
11.362607 227 0.066372 0.015133 0.000124
11.413990 235 0.065233 0.015667 0.000128
11.465374 276 0.060193 0.018400 0.000150
11.516757 279 0.059868 0.018600 0.000152
11.568141 228 0.066227 0.015200 0.000124
11.619524 239 0.064685 0.015933 0.000130
11.670907 236 0.065094 0.015733 0.000129
11.722291 261 0.061898 0.017400 0.000142
11.773674 267 0.061199 0.017800 0.000145
11.825057 231 0.065795 0.015400 0.000126
11.876441 244 0.064018 0.016267 0.000133
11.927824 239 0.064685 0.015933 0.000130
11.979208 206 0.069673 0.013733 0.000112
12.030591 224 0.066815 0.014933 0.000122
12.081975 223 0.066965 0.014867 0.000121
12.133358 223 0.066965 0.014867 0.000121
12.184741 257 0.062378 0.017133 0.000140
12.236125 240 0.064550 0.016000 0.000131
12.287508 233 0.065512 0.015533 0.000127
12.338891 228 0.066227 0.015200 0.000124
12.390275 230 0.065938 0.015333 0.000125
12.441658 224 0.066815 0.014933 0.000122
12.493042 234 0.065372 0.015600 0.000127
12.544425 272 0.060634 0.018133 0.000148
12.595809 239 0.064685 0.015933 0.000130
12.647192 228 0.066227 0.015200 0.000124
12.698575 223 0.066965 0.014867 0.000121
12.749959 227 0.066372 0.015133 0.000124
12.801342 218 0.067729 0.014533 0.000119
12.852726 220 0.067420 0.014667 0.000120
12.904109 187 0.073127 0.012467 0.000102
12.955492 219 0.067574 0.014600 0.000119
13.006876 206 0.069673 0.013733 0.000112
13.058259 223 0.066965 0.014867 0.000121
13.109642 193 0.071982 0.012867 0.000105
13.161026 205 0.069843 0.013667 0.000112
13.212409 208 0.069338 0.013867 0.000113
13.263793 216 0.068041 0.014400 0.000118
13.315176 202 0.070360 0.013467 0.000110
13.366560 192 0.072169 0.012800 0.000105
13.417943 192 0.072169 0.012800 0.000105
13.469326 203 0.070186 0.013533 0.000111
13.520710 203 0.070186 0.013533 0.000111
13.572093 206 0.069673 0.013733 0.000112
13.623476 188 0.072932 0.012533 0.000102
13.674860 195 0.071611 0.013000 0.000106
13.726243 232 0.065653 0.015467 0.000126
13.777627 195 0.071611 0.013000 0.000106
13.829010 201 0.070535 0.013400 0.000110
13.880394 200 0.070711 0.013333 0.000109
13.931777 194 0.071796 0.012933 0.000106
13.983160 210 0.069007 0.014000 0.000114
14.034544 188 0.072932 0.012533 0.000102
14.085927 176 0.075378 0.011733 0.000096
14.137310 191 0.072357 0.012733 0.000104
14.188694 181 0.074329 0.012067 0.000099
14.240077 206 0.069673 0.013733 0.000112
14.291461 199 0.070888 0.013267 0.000108
14.342844 182 0.074125 0.012133 0.000099
14.394227 207 0.069505 0.013800 0.000113
14.445611 189 0.072739 0.012600 0.000103
14.496994 171 0.076472 0.011400 0.000093
14.548378 182 0.074125 0.012133 0.000099
14.599761 213 0.068519 0.014200 0.000116
14.651145 200 0.070711 0.013333 0.000109
14.702528 191 0.072357 0.012733 0.000104
14.753911 200 0.070711 0.013333 0.000109
14.805295 191 0.072357 0.012733 0.000104
14.856678 182 0.074125 0.012133 0.000099
14.908061 200 0.070711 0.013333 0.000109
14.959445 199 0.070888 0.013267 0.000108
15.010828 186 0.073324 0.012400 0.000101
15.062212 169 0.076923 0.011267 0.000092
15.113595 181 0.074329 0.012067 0.000099
15.164979 186 0.073324 0.012400 0.000101
15.216362 183 0.073922 0.012200 0.000100
15.267745 203 0.070186 0.013533 0.000111
15.319129 190 0.072548 0.012667 0.000104
15.370512 185 0.073521 0.012333 0.000101
15.421896 176 0.075378 0.011733 0.000096
15.473279 163 0.078326 0.010867 0.000089
15.524662 193 0.071982 0.012867 0.000105
15.576046 189 0.072739 0.012600 0.000103
15.627429 193 0.071982 0.012867 0.000105
15.678813 160 0.079057 0.010667 0.000087
15.730196 175 0.075593 0.011667 0.000095
15.781579 160 0.079057 0.010667 0.000087
15.832963 180 0.074536 0.012000 0.000098
15.884346 195 0.071611 0.013000 0.000106
15.935729 191 0.072357 0.012733 0.000104
15.987113 165 0.077850 0.011000 0.000090
16.038496 183 0.073922 0.012200 0.000100
16.089880 178 0.074953 0.011867 0.000097
16.141263 177 0.075165 0.011800 0.000096
16.192647 208 0.069338 0.013867 0.000113
16.244030 174 0.075810 0.011600 0.000095
16.295413 161 0.078811 0.010733 0.000088
16.346797 185 0.073521 0.012333 0.000101
16.398180 179 0.074744 0.011933 0.000098
16.449564 159 0.079305 0.010600 0.000087
16.500947 170 0.076696 0.011333 0.000093
16.552330 191 0.072357 0.012733 0.000104
16.603714 196 0.071429 0.013067 0.000107
16.655097 175 0.075593 0.011667 0.000095
16.706481 167 0.077382 0.011133 0.000091
16.757864 177 0.075165 0.011800 0.000096
16.809247 180 0.074536 0.012000 0.000098
16.860631 168 0.077152 0.011200 0.000092
16.912014 139 0.084819 0.009267 0.000076
16.963398 159 0.079305 0.010600 0.000087
17.014781 189 0.072739 0.012600 0.000103
17.066164 175 0.075593 0.011667 0.000095
17.117548 186 0.073324 0.012400 0.000101
17.168931 182 0.074125 0.012133 0.000099
17.220315 173 0.076029 0.011533 0.000094
17.271698 157 0.079809 0.010467 0.000086
17.323081 199 0.070888 0.013267 0.000108
17.374465 167 0.077382 0.011133 0.000091
17.425848 193 0.071982 0.012867 0.000105
17.477232 162 0.078567 0.010800 0.000088
17.528615 164 0.078087 0.010933 0.000089
17.579998 152 0.081111 0.010133 0.000083
17.631382 147 0.082479 0.009800 0.000080
17.682765 143 0.083624 0.009533 0.000078
17.734149 154 0.080582 0.010267 0.000084
17.785532 153 0.080845 0.010200 0.000083
17.836915 150 0.081650 0.010000 0.000082
17.888299 161 0.078811 0.010733 0.000088
17.939682 169 0.076923 0.011267 0.000092
17.991066 163 0.078326 0.010867 0.000089
18.042449 139 0.084819 0.009267 0.000076
18.093832 155 0.080322 0.010333 0.000085
18.145216 148 0.082199 0.009867 0.000081
18.196599 140 0.084515 0.009333 0.000076
18.247983 163 0.078326 0.010867 0.000089
18.299366 154 0.080582 0.010267 0.000084
18.350749 173 0.076029 0.011533 0.000094
18.402133 141 0.084215 0.009400 0.000077
18.453516 167 0.077382 0.011133 0.000091
18.504900 143 0.083624 0.009533 0.000078
18.556283 160 0.079057 0.010667 0.000087
18.607666 161 0.078811 0.010733 0.000088
18.659050 154 0.080582 0.010267 0.000084
18.710433 147 0.082479 0.009800 0.000080
18.761817 140 0.084515 0.009333 0.000076
18.813200 156 0.080064 0.010400 0.000085
18.864583 167 0.077382 0.011133 0.000091
18.915967 150 0.081650 0.010000 0.000082
18.967350 146 0.082761 0.009733 0.000080
19.018734 143 0.083624 0.009533 0.000078
19.070117 160 0.079057 0.010667 0.000087
19.121500 170 0.076696 0.011333 0.000093
19.172884 143 0.083624 0.009533 0.000078
19.224267 144 0.083333 0.009600 0.000079
19.275651 166 0.077615 0.011067 0.000091
19.327034 175 0.075593 0.011667 0.000095
19.378417 152 0.081111 0.010133 0.000083
19.429801 172 0.076249 0.011467 0.000094
19.481184 159 0.079305 0.010600 0.000087
19.532568 168 0.077152 0.011200 0.000092
19.583951 147 0.082479 0.009800 0.000080
19.635334 137 0.085436 0.009133 0.000075
19.686718 162 0.078567 0.010800 0.000088
19.738101 163 0.078326 0.010867 0.000089
19.789485 160 0.079057 0.010667 0.000087
19.840868 191 0.072357 0.012733 0.000104
19.892251 181 0.074329 0.012067 0.000099
19.943635 164 0.078087 0.010933 0.000089
19.995018 183 0.073922 0.012200 0.000100
20.046402 177 0.075165 0.011800 0.000096
20.097785 166 0.077615 0.011067 0.000091
20.149168 190 0.072548 0.012667 0.000104
20.200552 194 0.071796 0.012933 0.000106
20.251935 181 0.074329 0.012067 0.000099
20.303319 165 0.077850 0.011000 0.000090
20.354702 160 0.079057 0.010667 0.000087
20.406085 200 0.070711 0.013333 0.000109
20.457469 195 0.071611 0.013000 0.000106
20.508852 178 0.074953 0.011867 0.000097
20.560236 208 0.069338 0.013867 0.000113
20.611619 186 0.073324 0.012400 0.000101
20.663002 191 0.072357 0.012733 0.000104
20.714386 204 0.070014 0.013600 0.000111
20.765769 222 0.067116 0.014800 0.000121
20.817153 222 0.067116 0.014800 0.000121
20.868536 222 0.067116 0.014800 0.000121
20.919919 211 0.068843 0.014067 0.000115
20.971303 219 0.067574 0.014600 0.000119
21.022686 207 0.069505 0.013800 0.000113
21.074070 240 0.064550 0.016000 0.000131
21.125453 231 0.065795 0.015400 0.000126
21.176836 250 0.063246 0.016667 0.000136
21.228220 252 0.062994 0.016800 0.000137
21.279603 233 0.065512 0.015533 0.000127
21.330987 233 0.065512 0.015533 0.000127
21.382370 274 0.060412 0.018267 0.000149
21.433753 249 0.063372 0.016600 0.000136
21.485137 290 0.058722 0.019333 0.000158
21.536520 276 0.060193 0.018400 0.000150
21.587904 297 0.058026 0.019800 0.000162
21.639287 307 0.057073 0.020467 0.000167
21.690670 307 0.057073 0.020467 0.000167
21.742054 334 0.054718 0.022267 0.000182
21.793437 308 0.056980 0.020533 0.000168
21.844821 328 0.055216 0.021867 0.000179
21.896204 309 0.056888 0.020600 0.000168
21.947587 317 0.056166 0.021133 0.000173
21.998971 318 0.056077 0.021200 0.000173
22.050354 324 0.055556 0.021600 0.000176
22.101738 338 0.054393 0.022533 0.000184
22.153121 352 0.053300 0.023467 0.000192
22.204504 362 0.052559 0.024133 0.000197
22.255888 349 0.053529 0.023267 0.000190
22.307271 389 0.050702 0.025933 0.000212
22.358655 384 0.051031 0.025600 0.000209
22.410038 371 0.051917 0.024733 0.000202
22.461421 371 0.051917 0.024733 0.000202
22.512805 385 0.050965 0.025667 0.000210
22.564188 397 0.050189 0.026467 0.000216
22.615572 389 0.050702 0.025933 0.000212
22.666955 381 0.051232 0.025400 0.000207
22.718338 405 0.049690 0.027000 0.000220
22.769722 429 0.048280 0.028600 0.000234
22.821105 388 0.050767 0.025867 0.000211
22.872489 388 0.050767 0.025867 0.000211
22.923872 399 0.050063 0.026600 0.000217
22.975255 365 0.052342 0.024333 0.000199
23.026639 439 0.047727 0.029267 0.000239
23.078022 451 0.047088 0.030067 0.000246
23.129406 429 0.048280 0.028600 0.000234
23.180789 407 0.049568 0.027133 0.000222
23.232172 421 0.048737 0.028067 0.000229
23.283556 419 0.048853 0.027933 0.000228
23.334939 404 0.049752 0.026933 0.000220
23.386323 424 0.048564 0.028267 0.000231
23.437706 458 0.046727 0.030533 0.000249
23.489089 487 0.045314 0.032467 0.000265
23.540473 446 0.047351 0.029733 0.000243
23.591856 468 0.046225 0.031200 0.000255
23.643239 435 0.047946 0.029000 0.000237
23.694623 418 0.048912 0.027867 0.000228
23.746006 470 0.046127 0.031333 0.000256
23.797390 479 0.045691 0.031933 0.000261
23.848773 453 0.046984 0.030200 0.000247
23.900157 473 0.045980 0.031533 0.000257
23.951540 450 0.047140 0.030000 0.000245
24.002923 483 0.045502 0.032200 0.000263
24.054307 482 0.045549 0.032133 0.000262
24.105690 537 0.043153 0.035800 0.000292
24.157074 540 0.043033 0.036000 0.000294
24.208457 517 0.043980 0.034467 0.000281
24.259840 524 0.043685 0.034933 0.000285
24.311224 531 0.043396 0.035400 0.000289
24.362607 531 0.043396 0.035400 0.000289
24.413991 581 0.041487 0.038733 0.000316
24.465374 558 0.042333 0.037200 0.000304
24.516757 569 0.041922 0.037933 0.000310
24.568141 611 0.040456 0.040733 0.000333
24.619524 631 0.039809 0.042067 0.000343
24.670908 671 0.038605 0.044733 0.000365
24.722291 641 0.039498 0.042733 0.000349
24.773674 729 0.037037 0.048600 0.000397
24.825058 703 0.037716 0.046867 0.000383
24.876441 736 0.036860 0.049067 0.000401
24.927825 723 0.037190 0.048200 0.000394
24.979208 747 0.036588 0.049800 0.000407
25.030591 763 0.036202 0.050867 0.000415
25.081975 786 0.035669 0.052400 0.000428
25.133358 791 0.035556 0.052733 0.000431
25.184742 800 0.035355 0.053333 0.000435
25.236125 820 0.034922 0.054667 0.000446
25.287508 794 0.035489 0.052933 0.000432
25.338892 854 0.034219 0.056933 0.000465
25.390275 828 0.034752 0.055200 0.000451
25.441659 860 0.034100 0.057333 0.000468
25.493042 782 0.035760 0.052133 0.000426
25.544425 829 0.034731 0.055267 0.000451
25.595809 792 0.035533 0.052800 0.000431
25.647192 831 0.034690 0.055400 0.000452
25.698576 794 0.035489 0.052933 0.000432
25.749959 782 0.035760 0.052133 0.000426
25.801342 792 0.035533 0.052800 0.000431
25.852726 818 0.034964 0.054533 0.000445
25.904109 775 0.035921 0.051667 0.000422
25.955493 771 0.036014 0.051400 0.000420
26.006876 734 0.036911 0.048933 0.000400
26.058259 753 0.036442 0.050200 0.000410
26.109643 742 0.036711 0.049467 0.000404
26.161026 698 0.037851 0.046533 0.000380
26.212410 710 0.037529 0.047333 0.000386
26.263793 643 0.039436 0.042867 0.000350
26.315176 682 0.038292 0.045467 0.000371
26.366560 660 0.038925 0.044000 0.000359
26.417943 663 0.038837 0.044200 0.000361
26.469327 601 0.040791 0.040067 0.000327
26.520710 642 0.039467 0.042800 0.000349
26.572093 592 0.041100 0.039467 0.000322
26.623477 606 0.040622 0.040400 0.000330
26.674860 593 0.041065 0.039533 0.000323
26.726244 577 0.041631 0.038467 0.000314
26.777627 579 0.041559 0.038600 0.000315
26.829010 582 0.041451 0.038800 0.000317
26.880394 570 0.041885 0.038000 0.000310
26.931777 533 0.043315 0.035533 0.000290
26.983161 534 0.043274 0.035600 0.000291
27.034544 526 0.043602 0.035067 0.000286
27.085927 561 0.042220 0.037400 0.000305
27.137311 548 0.042718 0.036533 0.000298
27.188694 522 0.043769 0.034800 0.000284
27.240078 474 0.045932 0.031600 0.000258
27.291461 460 0.046625 0.030667 0.000250
27.342844 492 0.045083 0.032800 0.000268
27.394228 524 0.043685 0.034933 0.000285
27.445611 485 0.045408 0.032333 0.000264
27.496995 519 0.043895 0.034600 0.000283
27.548378 507 0.044412 0.033800 0.000276
27.599761 456 0.046829 0.030400 0.000248
27.651145 486 0.045361 0.032400 0.000265
27.702528 499 0.044766 0.033267 0.000272
27.753912 503 0.044588 0.033533 0.000274
27.805295 480 0.045644 0.032000 0.000261
27.856678 519 0.043895 0.034600 0.000283
27.908062 479 0.045691 0.031933 0.000261
27.959445 481 0.045596 0.032067 0.000262
28.010829 461 0.046575 0.030733 0.000251
28.062212 437 0.047836 0.029133 0.000238
28.113595 477 0.045787 0.031800 0.000260
28.164979 439 0.047727 0.029267 0.000239
28.216362 469 0.046176 0.031267 0.000255
28.267746 466 0.046324 0.031067 0.000254
28.319129 428 0.048337 0.028533 0.000233
28.370512 486 0.045361 0.032400 0.000265
28.421896 458 0.046727 0.030533 0.000249
28.473279 458 0.046727 0.030533 0.000249
28.524663 475 0.045883 0.031667 0.000259
28.576046 462 0.046524 0.030800 0.000252
28.627429 449 0.047193 0.029933 0.000244
28.678813 448 0.047246 0.029867 0.000244
28.730196 471 0.046078 0.031400 0.000256
28.781580 436 0.047891 0.029067 0.000237
28.832963 411 0.049326 0.027400 0.000224
28.884346 444 0.047458 0.029600 0.000242
28.935730 413 0.049207 0.027533 0.000225
28.987113 437 0.047836 0.029133 0.000238
29.038497 403 0.049814 0.026867 0.000219
29.089880 469 0.046176 0.031267 0.000255
29.141263 391 0.050572 0.026067 0.000213
29.192647 430 0.048224 0.028667 0.000234
29.244030 432 0.048113 0.028800 0.000235
29.295414 398 0.050125 0.026533 0.000217
29.346797 425 0.048507 0.028333 0.000231
29.398180 436 0.047891 0.029067 0.000237
29.449564 458 0.046727 0.030533 0.000249
29.500947 425 0.048507 0.028333 0.000231
29.552331 425 0.048507 0.028333 0.000231
29.603714 471 0.046078 0.031400 0.000256
29.655097 439 0.047727 0.029267 0.000239
29.706481 426 0.048450 0.028400 0.000232
29.757864 418 0.048912 0.027867 0.000228
29.809248 416 0.049029 0.027733 0.000226
29.860631 429 0.048280 0.028600 0.000234
29.912014 466 0.046324 0.031067 0.000254
29.963398 416 0.049029 0.027733 0.000226
30.014781 460 0.046625 0.030667 0.000250
30.066165 431 0.048168 0.028733 0.000235
30.117548 443 0.047511 0.029533 0.000241
30.168931 433 0.048057 0.028867 0.000236
30.220315 403 0.049814 0.026867 0.000219
30.271698 475 0.045883 0.031667 0.000259
30.323082 475 0.045883 0.031667 0.000259
30.374465 432 0.048113 0.028800 0.000235
30.425848 427 0.048393 0.028467 0.000232
30.477232 414 0.049147 0.027600 0.000225
30.528615 414 0.049147 0.027600 0.000225
30.579999 426 0.048450 0.028400 0.000232
30.631382 394 0.050379 0.026267 0.000214
30.682765 437 0.047836 0.029133 0.000238
30.734149 444 0.047458 0.029600 0.000242
30.785532 400 0.050000 0.026667 0.000218
30.836916 417 0.048970 0.027800 0.000227
30.888299 369 0.052058 0.024600 0.000201
30.939682 399 0.050063 0.026600 0.000217
30.991066 403 0.049814 0.026867 0.000219
31.042449 370 0.051988 0.024667 0.000201
31.093833 305 0.057260 0.020333 0.000166
31.145216 320 0.055902 0.021333 0.000174
31.196599 352 0.053300 0.023467 0.000192
31.247983 309 0.056888 0.020600 0.000168
31.299366 328 0.055216 0.021867 0.000179
31.350750 302 0.057544 0.020133 0.000164
31.402133 254 0.062746 0.016933 0.000138
31.453516 244 0.064018 0.016267 0.000133
31.504900 278 0.059976 0.018533 0.000151
31.556283 263 0.061663 0.017533 0.000143
31.607667 223 0.066965 0.014867 0.000121
31.659050 211 0.068843 0.014067 0.000115
31.710433 197 0.071247 0.013133 0.000107
31.761817 201 0.070535 0.013400 0.000110
31.813200 200 0.070711 0.013333 0.000109
31.864584 192 0.072169 0.012800 0.000105
31.915967 146 0.082761 0.009733 0.000080
31.967350 157 0.079809 0.010467 0.000086
32.018734 165 0.077850 0.011000 0.000090
32.070117 162 0.078567 0.010800 0.000088
32.121500 120 0.091287 0.008000 0.000066
32.172884 133 0.086711 0.008867 0.000073
32.224267 130 0.087706 0.008667 0.000071
32.275651 128 0.088388 0.008533 0.000070
32.327034 98 0.101015 0.006533 0.000054
32.378417 80 0.111803 0.005333 0.000044
32.429801 121 0.090909 0.008067 0.000066
32.481184 96 0.102062 0.006400 0.000053
32.532568 90 0.105409 0.006000 0.000049
32.583951 89 0.106000 0.005933 0.000049
32.635334 85 0.108465 0.005667 0.000047
32.686718 84 0.109109 0.005600 0.000046
32.738101 96 0.102062 0.006400 0.000053
32.789485 66 0.123091 0.004400 0.000037
32.840868 81 0.111111 0.005400 0.000045
32.892252 72 0.117851 0.004800 0.000040
32.943635 56 0.133631 0.003733 0.000032
32.995018 62 0.127000 0.004133 0.000035
33.046402 56 0.133631 0.003733 0.000032
33.097785 69 0.120386 0.004600 0.000038
33.149169 65 0.124035 0.004333 0.000036
33.200552 73 0.117041 0.004867 0.000040
33.251935 62 0.127000 0.004133 0.000035
33.303319 55 0.134840 0.003667 0.000031
33.354702 60 0.129099 0.004000 0.000034
33.406086 66 0.123091 0.004400 0.000037
33.457469 63 0.125988 0.004200 0.000035
33.508852 48 0.144338 0.003200 0.000028
33.560236 43 0.152499 0.002867 0.000026
33.611619 54 0.136083 0.003600 0.000031
33.663003 41 0.156174 0.002733 0.000025
33.714386 51 0.140028 0.003400 0.000029
33.765769 48 0.144338 0.003200 0.000028
33.817153 54 0.136083 0.003600 0.000031
33.868536 49 0.142857 0.003267 0.000028
33.919919 50 0.141421 0.003333 0.000029
33.971303 59 0.130189 0.003933 0.000033
34.022686 57 0.132453 0.003800 0.000032
34.074070 65 0.124035 0.004333 0.000036
34.125453 45 0.149071 0.003000 0.000026
34.176836 42 0.154303 0.002800 0.000025
34.228220 42 0.154303 0.002800 0.000025
34.279603 47 0.145865 0.003133 0.000027
34.330987 57 0.132453 0.003800 0.000032
34.382370 47 0.145865 0.003133 0.000027
34.433753 51 0.140028 0.003400 0.000029
34.485137 47 0.145865 0.003133 0.000027
34.536520 44 0.150756 0.002933 0.000026
34.587904 51 0.140028 0.003400 0.000029
34.639287 48 0.144338 0.003200 0.000028
34.690670 37 0.164399 0.002467 0.000023
34.742054 36 0.166667 0.002400 0.000023
34.793437 48 0.144338 0.003200 0.000028
34.844821 43 0.152499 0.002867 0.000026
34.896204 47 0.145865 0.003133 0.000027
34.947587 49 0.142857 0.003267 0.000028
34.998971 47 0.145865 0.003133 0.000027
35.050354 45 0.149071 0.003000 0.000026
35.101738 42 0.154303 0.002800 0.000025
35.153121 49 0.142857 0.003267 0.000028
35.204504 42 0.154303 0.002800 0.000025
35.255888 43 0.152499 0.002867 0.000026
35.307271 32 0.176777 0.002133 0.000021
35.358655 48 0.144338 0.003200 0.000028
35.410038 43 0.152499 0.002867 0.000026
35.461422 35 0.169031 0.002333 0.000022
35.512805 38 0.162221 0.002533 0.000023
35.564188 39 0.160128 0.002600 0.000024
35.615572 40 0.158114 0.002667 0.000024
35.666955 42 0.154303 0.002800 0.000025
35.718339 40 0.158114 0.002667 0.000024
35.769722 36 0.166667 0.002400 0.000023
35.821105 38 0.162221 0.002533 0.000023
35.872489 39 0.160128 0.002600 0.000024
35.923872 45 0.149071 0.003000 0.000026
35.975256 39 0.160128 0.002600 0.000024
36.026639 42 0.154303 0.002800 0.000025
36.078022 39 0.160128 0.002600 0.000024
36.129406 35 0.169031 0.002333 0.000022
36.180789 32 0.176777 0.002133 0.000021
36.232173 30 0.182574 0.002000 0.000020
36.283556 28 0.188982 0.001867 0.000020
36.334939 27 0.192450 0.001800 0.000020
36.386323 34 0.171499 0.002267 0.000022
36.437706 29 0.185695 0.001933 0.000020
36.489090 25 0.200000 0.001667 0.000019
36.540473 31 0.179605 0.002067 0.000021
36.591856 29 0.185695 0.001933 0.000020
36.643240 26 0.196116 0.001733 0.000019
36.694623 38 0.162221 0.002533 0.000023
36.746006 25 0.200000 0.001667 0.000019
36.797390 40 0.158114 0.002667 0.000024
36.848773 29 0.185695 0.001933 0.000020
36.900157 27 0.192450 0.001800 0.000020
36.951540 33 0.174078 0.002200 0.000021
37.002923 30 0.182574 0.002000 0.000020
37.054307 31 0.179605 0.002067 0.000021
37.105690 16 0.250000 0.001067 0.000019
37.157074 25 0.200000 0.001667 0.000019
37.208457 34 0.171499 0.002267 0.000022
37.259840 24 0.204124 0.001600 0.000019
37.311224 22 0.213201 0.001467 0.000019
37.362607 33 0.174078 0.002200 0.000021
37.413991 23 0.208514 0.001533 0.000019
37.465374 27 0.192450 0.001800 0.000020
37.516757 31 0.179605 0.002067 0.000021
37.568141 27 0.192450 0.001800 0.000020
37.619524 19 0.229416 0.001267 0.000018
37.670908 30 0.182574 0.002000 0.000020
37.722291 21 0.218218 0.001400 0.000019
37.773674 16 0.250000 0.001067 0.000019
37.825058 23 0.208514 0.001533 0.000019
37.876441 21 0.218218 0.001400 0.000019
37.927825 24 0.204124 0.001600 0.000019
37.979208 25 0.200000 0.001667 0.000019
38.030591 28 0.188982 0.001867 0.000020
38.081975 23 0.208514 0.001533 0.000019
38.133358 20 0.223607 0.001333 0.000018
38.184742 19 0.229416 0.001267 0.000018
38.236125 26 0.196116 0.001733 0.000019
38.287509 27 0.192450 0.001800 0.000020
38.338892 18 0.235702 0.001200 0.000019
38.390275 31 0.179605 0.002067 0.000021
38.441659 16 0.250000 0.001067 0.000019
38.493042 26 0.196116 0.001733 0.000019
38.544426 19 0.229416 0.001267 0.000018
38.595809 24 0.204124 0.001600 0.000019
38.647192 20 0.223607 0.001333 0.000018
38.698576 16 0.250000 0.001067 0.000019
38.749959 21 0.218218 0.001400 0.000019
38.801343 15 0.258199 0.001000 0.000019
38.852726 16 0.250000 0.001067 0.000019
38.904109 18 0.235702 0.001200 0.000019
38.955493 17 0.242536 0.001133 0.000019
39.006876 20 0.223607 0.001333 0.000018
39.058260 12 0.288675 0.000800 0.000020
39.109643 21 0.218218 0.001400 0.000019
39.161026 16 0.250000 0.001067 0.000019
39.212410 12 0.288675 0.000800 0.000020
39.263793 14 0.267261 0.000933 0.000019
39.315176 15 0.258199 0.001000 0.000019
39.366560 8 0.353553 0.000533 0.000024
39.417943 15 0.258199 0.001000 0.000019
39.469327 13 0.277350 0.000867 0.000020
39.520710 12 0.288675 0.000800 0.000020
39.572093 14 0.267261 0.000933 0.000019
39.623477 19 0.229416 0.001267 0.000018
39.674860 10 0.316228 0.000667 0.000022
39.726244 10 0.316228 0.000667 0.000022
39.777627 13 0.277350 0.000867 0.000020
39.829010 6 0.408248 0.000400 0.000027
39.880394 13 0.277350 0.000867 0.000020
39.931777 9 0.333333 0.000600 0.000023
39.983161 19 0.229416 0.001267 0.000018
40.034544 9 0.333333 0.000600 0.000023
40.085927 13 0.277350 0.000867 0.000020
40.137311 7 0.377964 0.000467 0.000025
40.188694 9 0.333333 0.000600 0.000023
40.240078 8 0.353553 0.000533 0.000024
40.291461 7 0.377964 0.000467 0.000025
40.342844 8 0.353553 0.000533 0.000024
40.394228 10 0.316228 0.000667 0.000022
40.445611 7 0.377964 0.000467 0.000025
40.496995 10 0.316228 0.000667 0.000022
40.548378 8 0.353553 0.000533 0.000024
40.599761 6 0.408248 0.000400 0.000027
40.651145 9 0.333333 0.000600 0.000023
40.702528 6 0.408248 0.000400 0.000027
40.753912 6 0.408248 0.000400 0.000027
40.805295 8 0.353553 0.000533 0.000024
40.856679 5 0.447214 0.000333 0.000030
40.908062 2 0.707107 0.000133 0.000047
40.959445 13 0.277350 0.000867 0.000020
41.010829 4 0.500000 0.000267 0.000033
41.062212 6 0.408248 0.000400 0.000027
41.113596 4 0.500000 0.000267 0.000033
41.164979 3 0.577350 0.000200 0.000039
41.216362 5 0.447214 0.000333 0.000030
41.267746 5 0.447214 0.000333 0.000030
41.319129 6 0.408248 0.000400 0.000027
41.370513 4 0.500000 0.000267 0.000033
41.421896 5 0.447214 0.000333 0.000030
41.473279 1 1.000000 0.000067 0.000067
41.524663 4 0.500000 0.000267 0.000033
41.576046 5 0.447214 0.000333 0.000030
41.627430 4 0.500000 0.000267 0.000033
41.678813 3 0.577350 0.000200 0.000039
41.730196 2 0.707107 0.000133 0.000047
41.781580 3 0.577350 0.000200 0.000039
41.832963 3 0.577350 0.000200 0.000039
41.884346 2 0.707107 0.000133 0.000047
41.935730 3 0.577350 0.000200 0.000039
41.987113 4 0.500000 0.000267 0.000033
42.038497 2 0.707107 0.000133 0.000047
42.089880 3 0.577350 0.000200 0.000039
42.141263 2 0.707107 0.000133 0.000047
42.192647 6 0.408248 0.000400 0.000027
42.244030 2 0.707107 0.000133 0.000047
42.295414 3 0.577350 0.000200 0.000039
42.346797 3 0.577350 0.000200 0.000039
42.398180 4 0.500000 0.000267 0.000033
42.449564 2 0.707107 0.000133 0.000047
42.500947 4 0.500000 0.000267 0.000033
42.552331 1 1.000000 0.000067 0.000067
42.603714 0 0.000000 0.000000 0.000000
42.655097 3 0.577350 0.000200 0.000039
42.706481 2 0.707107 0.000133 0.000047
42.757864 1 1.000000 0.000067 0.000067
42.809248 0 0.000000 0.000000 0.000000
42.860631 1 1.000000 0.000067 0.000067
42.912014 0 0.000000 0.000000 0.000000
42.963398 2 0.707107 0.000133 0.000047
43.014781 1 1.000000 0.000067 0.000067
43.066165 0 0.000000 0.000000 0.000000
43.117548 0 0.000000 0.000000 0.000000
43.168931 3 0.577350 0.000200 0.000039
43.220315 1 1.000000 0.000067 0.000067
43.271698 1 1.000000 0.000067 0.000067
43.323082 0 0.000000 0.000000 0.000000
43.374465 1 1.000000 0.000067 0.000067
43.425849 0 0.000000 0.000000 0.000000
43.477232 2 0.707107 0.000133 0.000047
43.528615 0 0.000000 0.000000 0.000000
43.579999 1 1.000000 0.000067 0.000067
43.631382 2 0.707107 0.000133 0.000047
43.682766 0 0.000000 0.000000 0.000000
43.734149 0 0.000000 0.000000 0.000000
43.785532 1 1.000000 0.000067 0.000067
43.836916 0 0.000000 0.000000 0.000000
43.888299 0 0.000000 0.000000 0.000000
43.939683 0 0.000000 0.000000 0.000000
43.991066 0 0.000000 0.000000 0.000000
44.042449 0 0.000000 0.000000 0.000000
44.093833 0 0.000000 0.000000 0.000000
44.145216 0 0.000000 0.000000 0.000000
44.196600 0 0.000000 0.000000 0.000000
44.247983 2 0.707107 0.000133 0.000047
44.299366 1 1.000000 0.000067 0.000067
44.350750 0 0.000000 0.000000 0.000000
44.402133 0 0.000000 0.000000 0.000000
44.453517 0 0.000000 0.000000 0.000000
44.504900 0 0.000000 0.000000 0.000000
44.556283 0 0.000000 0.000000 0.000000
44.607667 0 0.000000 0.000000 0.000000
44.659050 0 0.000000 0.000000 0.000000
44.710433 0 0.000000 0.000000 0.000000
44.761817 1 1.000000 0.000067 0.000067
44.813200 0 0.000000 0.000000 0.000000
44.864584 0 0.000000 0.000000 0.000000
44.915967 0 0.000000 0.000000 0.000000
44.967350 0 0.000000 0.000000 0.000000
45.018734 1 1.000000 0.000067 0.000067
45.070117 2 0.707107 0.000133 0.000047
45.121501 1 1.000000 0.000067 0.000067
45.172884 0 0.000000 0.000000 0.000000
45.224267 0 0.000000 0.000000 0.000000
45.275651 0 0.000000 0.000000 0.000000
45.327034 0 0.000000 0.000000 0.000000
45.378418 0 0.000000 0.000000 0.000000
45.429801 0 0.000000 0.000000 0.000000
45.481184 0 0.000000 0.000000 0.000000
45.532568 2 0.707107 0.000133 0.000047
45.583951 0 0.000000 0.000000 0.000000
45.635335 0 0.000000 0.000000 0.000000
45.686718 0 0.000000 0.000000 0.000000
45.738101 0 0.000000 0.000000 0.000000
45.789485 0 0.000000 0.000000 0.000000
45.840868 0 0.000000 0.000000 0.000000
45.892252 0 0.000000 0.000000 0.000000
45.943635 0 0.000000 0.000000 0.000000
45.995019 2 0.707107 0.000133 0.000047
46.046402 0 0.000000 0.000000 0.000000
46.097785 0 0.000000 0.000000 0.000000
46.149169 0 0.000000 0.000000 0.000000
46.200552 0 0.000000 0.000000 0.000000
46.251936 0 0.000000 0.000000 0.000000
46.303319 0 0.000000 0.000000 0.000000
46.354702 0 0.000000 0.000000 0.000000
46.406086 0 0.000000 0.000000 0.000000
46.457469 0 0.000000 0.000000 0.000000
46.508853 0 0.000000 0.000000 0.000000
46.560236 0 0.000000 0.000000 0.000000
46.611619 0 0.000000 0.000000 0.000000
46.663003 0 0.000000 0.000000 0.000000
46.714386 0 0.000000 0.000000 0.000000
46.765770 0 0.000000 0.000000 0.000000
46.817153 0 0.000000 0.000000 0.000000
46.868536 1 1.000000 0.000067 0.000067
46.919920 0 0.000000 0.000000 0.000000
46.971303 0 0.000000 0.000000 0.000000
47.022687 0 0.000000 0.000000 0.000000
47.074070 1 1.000000 0.000067 0.000067
47.125453 0 0.000000 0.000000 0.000000
47.176837 0 0.000000 0.000000 0.000000
47.228220 0 0.000000 0.000000 0.000000
47.279604 0 0.000000 0.000000 0.000000
47.330987 0 0.000000 0.000000 0.000000
47.382370 0 0.000000 0.000000 0.000000
47.433754 0 0.000000 0.000000 0.000000
47.485137 0 0.000000 0.000000 0.000000
47.536520 0 0.000000 0.000000 0.000000
47.587904 0 0.000000 0.000000 0.000000
47.639287 0 0.000000 0.000000 0.000000
47.690671 0 0.000000 0.000000 0.000000
47.742054 0 0.000000 0.000000 0.000000
47.793437 0 0.000000 0.000000 0.000000
47.844821 0 0.000000 0.000000 0.000000
47.896204 0 0.000000 0.000000 0.000000
47.947588 0 0.000000 0.000000 0.000000
47.998971 0 0.000000 0.000000 0.000000
48.050354 0 0.000000 0.000000 0.000000
48.101738 0 0.000000 0.000000 0.000000
48.153121 0 0.000000 0.000000 0.000000
48.204505 0 0.000000 0.000000 0.000000
48.255888 0 0.000000 0.000000 0.000000
48.307271 0 0.000000 0.000000 0.000000
48.358655 0 0.000000 0.000000 0.000000
48.410038 0 0.000000 0.000000 0.000000
48.461422 0 0.000000 0.000000 0.000000
48.512805 0 0.000000 0.000000 0.000000
48.564189 0 0.000000 0.000000 0.000000
48.615572 2 0.707107 0.000133 0.000047
48.666955 0 0.000000 0.000000 0.000000
48.718339 1 1.000000 0.000067 0.000067
48.769722 0 0.000000 0.000000 0.000000
48.821106 0 0.000000 0.000000 0.000000
48.872489 0 0.000000 0.000000 0.000000
48.923872 1 1.000000 0.000067 0.000067
48.975256 0 0.000000 0.000000 0.000000
49.026639 0 0.000000 0.000000 0.000000
49.078023 0 0.000000 0.000000 0.000000
49.129406 0 0.000000 0.000000 0.000000
49.180789 1 1.000000 0.000067 0.000067
49.232173 0 0.000000 0.000000 0.000000
49.283556 0 0.000000 0.000000 0.000000
49.334940 0 0.000000 0.000000 0.000000
49.386323 0 0.000000 0.000000 0.000000
49.437706 0 0.000000 0.000000 0.000000
49.489090 0 0.000000 0.000000 0.000000
49.540473 2 0.707107 0.000133 0.000047
49.591857 0 0.000000 0.000000 0.000000
49.643240 0 0.000000 0.000000 0.000000
49.694623 0 0.000000 0.000000 0.000000
49.746007 0 0.000000 0.000000 0.000000
49.797390 0 0.000000 0.000000 0.000000
49.848774 0 0.000000 0.000000 0.000000
49.900157 1 1.000000 0.000067 0.000067
49.951540 0 0.000000 0.000000 0.000000
50.002924 0 0.000000 0.000000 0.000000
50.054307 0 0.000000 0.000000 0.000000
50.105690 0 0.000000 0.000000 0.000000
50.157074 0 0.000000 0.000000 0.000000
50.208457 0 0.000000 0.000000 0.000000
50.259841 0 0.000000 0.000000 0.000000
50.311224 0 0.000000 0.000000 0.000000
50.362607 0 0.000000 0.000000 0.000000
50.413991 0 0.000000 0.000000 0.000000
50.465374 0 0.000000 0.000000 0.000000
50.516758 1 1.000000 0.000067 0.000067
50.568141 0 0.000000 0.000000 0.000000
50.619524 0 0.000000 0.000000 0.000000
50.670908 0 0.000000 0.000000 0.000000
50.722291 0 0.000000 0.000000 0.000000
50.773675 0 0.000000 0.000000 0.000000
50.825058 0 0.000000 0.000000 0.000000
50.876441 0 0.000000 0.000000 0.000000
50.927825 0 0.000000 0.000000 0.000000
50.979208 1 1.000000 0.000067 0.000067
