# Ba133 10236 10236 0.0513834 0.009884048354780569 101.17311895953391
-0.352808 0 0.000000 0.000000 0.000000
-0.301425 0 0.000000 0.000000 0.000000
-0.250042 0 0.000000 0.000000 0.000000
-0.198658 0 0.000000 0.000000 0.000000
-0.147275 0 0.000000 0.000000 0.000000
-0.095891 0 0.000000 0.000000 0.000000
-0.044508 0 0.000000 0.000000 0.000000
0.006876 0 0.000000 0.000000 0.000000
0.058259 0 0.000000 0.000000 0.000000
0.109642 0 0.000000 0.000000 0.000000
0.161026 0 0.000000 0.000000 0.000000
0.212409 0 0.000000 0.000000 0.000000
0.263793 0 0.000000 0.000000 0.000000
0.315176 1 1.000000 0.000098 0.000098
0.366559 2 0.707107 0.000195 0.000069
0.417943 17 0.242536 0.001661 0.000029
0.469326 66 0.123091 0.006448 0.000065
0.520710 138 0.085126 0.013482 0.000134
0.572093 247 0.063628 0.024131 0.000239
0.623476 377 0.051503 0.036831 0.000364
0.674860 474 0.045932 0.046307 0.000458
0.726243 586 0.041310 0.057249 0.000566
0.777626 590 0.041169 0.057640 0.000570
0.829010 659 0.038954 0.064381 0.000636
0.880393 767 0.036108 0.074932 0.000741
0.931777 919 0.032987 0.089781 0.000887
0.983160 1054 0.030802 0.102970 0.001018
1.034543 1319 0.027535 0.128859 0.001274
1.085927 1598 0.025016 0.156116 0.001543
1.137310 1927 0.022780 0.188257 0.001861
1.188694 2445 0.020224 0.238863 0.002361
1.240077 2954 0.018399 0.288589 0.002852
1.291460 3619 0.016623 0.353556 0.003495
1.342844 4228 0.015379 0.413052 0.004083
1.394227 4819 0.014405 0.470789 0.004653
1.445611 5765 0.013170 0.563208 0.005567
1.496994 6576 0.012332 0.642438 0.006350
1.548377 7488 0.011556 0.731536 0.007231
1.599761 8028 0.011161 0.784291 0.007752
1.651144 8867 0.010620 0.866256 0.008562
1.702528 9492 0.010264 0.927315 0.009166
1.753911 9970 0.010015 0.974013 0.009627
1.805295 10234 0.009885 0.999805 0.009882
1.856678 10168 0.009917 0.993357 0.009818
1.908061 10236 0.009884 1.000000 0.009884
1.959445 10159 0.009921 0.992478 0.009810
2.010828 9702 0.010152 0.947831 0.009368
2.062212 9289 0.010376 0.907483 0.008970
2.113595 8774 0.010676 0.857171 0.008472
2.164978 8033 0.011157 0.784779 0.007757
2.216362 7403 0.011622 0.723232 0.007148
2.267745 6702 0.012215 0.654748 0.006472
2.319129 6001 0.012909 0.586264 0.005795
2.370512 5278 0.013765 0.515631 0.005097
2.421895 4574 0.014786 0.446854 0.004417
2.473279 3959 0.015893 0.386772 0.003823
2.524662 3475 0.016964 0.339488 0.003356
2.576046 2867 0.018676 0.280090 0.002768
2.627429 2436 0.020261 0.237984 0.002352
2.678812 2171 0.021462 0.212095 0.002096
2.730196 1863 0.023168 0.182005 0.001799
2.781579 1563 0.025294 0.152696 0.001509
2.832963 1288 0.027864 0.125830 0.001244
2.884346 1111 0.030002 0.108538 0.001073
2.935729 944 0.032547 0.092224 0.000912
2.987113 802 0.035311 0.078351 0.000774
3.038496 741 0.036736 0.072392 0.000716
3.089880 675 0.038490 0.065944 0.000652
3.141263 620 0.040161 0.060571 0.000599
3.192646 566 0.042033 0.055295 0.000547
3.244030 526 0.043602 0.051387 0.000508
3.295413 492 0.045083 0.048066 0.000475
3.346797 512 0.044194 0.050020 0.000494
3.398180 499 0.044766 0.048750 0.000482
3.449563 518 0.043937 0.050606 0.000500
3.500947 511 0.044237 0.049922 0.000493
3.552330 535 0.043234 0.052267 0.000517
3.603714 550 0.042640 0.053732 0.000531
3.655097 577 0.041631 0.056370 0.000557
3.706480 594 0.041030 0.058030 0.000574
3.757864 641 0.039498 0.062622 0.000619
3.809247 657 0.039014 0.064185 0.000634
3.860631 668 0.038691 0.065260 0.000645
3.912014 607 0.040589 0.059301 0.000586
3.963397 660 0.038925 0.064478 0.000637
4.014781 752 0.036466 0.073466 0.000726
4.066164 734 0.036911 0.071708 0.000709
4.117548 739 0.036786 0.072196 0.000714
4.168931 777 0.035875 0.075909 0.000750
4.220314 799 0.035377 0.078058 0.000772
4.271698 797 0.035422 0.077862 0.000770
4.323081 877 0.033768 0.085678 0.000847
4.374465 945 0.032530 0.092321 0.000913
4.425848 981 0.031928 0.095838 0.000947
4.477231 990 0.031782 0.096717 0.000956
4.528615 1040 0.031009 0.101602 0.001004
4.579998 1128 0.029775 0.110199 0.001089
4.631381 1174 0.029185 0.114693 0.001134
4.682765 1235 0.028456 0.120653 0.001193
4.734148 1340 0.027318 0.130911 0.001294
4.785532 1331 0.027410 0.130031 0.001285
4.836915 1450 0.026261 0.141657 0.001400
4.888299 1537 0.025507 0.150156 0.001484
4.939682 1569 0.025246 0.153283 0.001515
4.991065 1695 0.024289 0.165592 0.001637
5.042449 1776 0.023729 0.173505 0.001715
5.093832 1790 0.023636 0.174873 0.001728
5.145216 1886 0.023027 0.184252 0.001821
5.196599 2027 0.022211 0.198027 0.001957
5.247982 1981 0.022468 0.193533 0.001913
5.299366 2053 0.022070 0.200567 0.001982
5.350749 2160 0.021517 0.211020 0.002086
5.402133 2122 0.021708 0.207308 0.002049
5.453516 2112 0.021760 0.206331 0.002039
5.504899 2090 0.021874 0.204181 0.002018
5.556283 2209 0.021277 0.215807 0.002133
5.607666 2194 0.021349 0.214342 0.002119
5.659050 2109 0.021775 0.206038 0.002036
5.710433 2060 0.022033 0.201250 0.001989
5.761816 2029 0.022200 0.198222 0.001959
5.813200 1997 0.022377 0.195096 0.001928
5.864583 1892 0.022990 0.184838 0.001827
5.915967 1906 0.022905 0.186206 0.001840
5.967350 1753 0.023884 0.171258 0.001693
6.018733 1626 0.024799 0.158851 0.001570
6.070117 1619 0.024853 0.158167 0.001563
6.121500 1603 0.024977 0.156604 0.001548
6.172884 1535 0.025524 0.149961 0.001482
6.224267 1404 0.026688 0.137163 0.001356
6.275650 1320 0.027524 0.128957 0.001275
6.327034 1270 0.028061 0.124072 0.001226
6.378417 1101 0.030137 0.107562 0.001063
6.429801 977 0.031993 0.095447 0.000943
6.481184 999 0.031639 0.097597 0.000965
6.532567 917 0.033023 0.089586 0.000885
6.583951 919 0.032987 0.089781 0.000887
6.635334 843 0.034442 0.082356 0.000814
6.686718 797 0.035422 0.077862 0.000770
6.738101 689 0.038097 0.067311 0.000665
6.789484 633 0.039746 0.061841 0.000611
6.840868 593 0.041065 0.057933 0.000573
6.892251 543 0.042914 0.053048 0.000524
6.943634 547 0.042757 0.053439 0.000528
6.995018 503 0.044588 0.049140 0.000486
7.046401 467 0.046274 0.045623 0.000451
7.097785 478 0.045739 0.046698 0.000462
7.149168 384 0.051031 0.037515 0.000371
7.200552 397 0.050189 0.038785 0.000383
7.251935 327 0.055300 0.031946 0.000316
7.303318 366 0.052271 0.035756 0.000353
7.354702 380 0.051299 0.037124 0.000367
7.406085 304 0.057354 0.029699 0.000294
7.457469 344 0.053916 0.033607 0.000332
7.508852 304 0.057354 0.029699 0.000294
7.560235 284 0.059339 0.027745 0.000274
7.611619 275 0.060302 0.026866 0.000266
7.663002 275 0.060302 0.026866 0.000266
7.714386 280 0.059761 0.027354 0.000270
7.765769 304 0.057354 0.029699 0.000294
7.817152 265 0.061430 0.025889 0.000256
7.868536 259 0.062137 0.025303 0.000250
7.919919 300 0.057735 0.029308 0.000290
7.971303 267 0.061199 0.026084 0.000258
8.022686 244 0.064018 0.023837 0.000236
8.074069 269 0.060971 0.026280 0.000260
8.125453 279 0.059868 0.027257 0.000269
8.176836 293 0.058421 0.028624 0.000283
8.228219 272 0.060634 0.026573 0.000263
8.279603 275 0.060302 0.026866 0.000266
8.330986 267 0.061199 0.026084 0.000258
8.382370 258 0.062257 0.025205 0.000249
8.433753 253 0.062869 0.024717 0.000244
8.485136 265 0.061430 0.025889 0.000256
8.536520 264 0.061546 0.025791 0.000255
8.587903 248 0.063500 0.024228 0.000240
8.639287 235 0.065233 0.022958 0.000227
8.690670 278 0.059976 0.027159 0.000269
8.742054 248 0.063500 0.024228 0.000240
8.793437 234 0.065372 0.022860 0.000226
8.844820 230 0.065938 0.022470 0.000222
8.896204 267 0.061199 0.026084 0.000258
8.947587 224 0.066815 0.021884 0.000216
8.998970 236 0.065094 0.023056 0.000228
9.050354 252 0.062994 0.024619 0.000243
9.101737 252 0.062994 0.024619 0.000243
9.153121 262 0.061780 0.025596 0.000253
9.204504 248 0.063500 0.024228 0.000240
9.255888 215 0.068199 0.021004 0.000208
9.307271 243 0.064150 0.023740 0.000235
9.358654 244 0.064018 0.023837 0.000236
9.410038 226 0.066519 0.022079 0.000218
9.461421 239 0.064685 0.023349 0.000231
9.512804 237 0.064957 0.023154 0.000229
9.564188 239 0.064685 0.023349 0.000231
9.615571 221 0.067267 0.021590 0.000214
9.666955 255 0.062622 0.024912 0.000246
9.718338 235 0.065233 0.022958 0.000227
9.769721 242 0.064282 0.023642 0.000234
9.821105 251 0.063119 0.024521 0.000242
9.872488 260 0.062017 0.025401 0.000251
9.923872 262 0.061780 0.025596 0.000253
9.975255 266 0.061314 0.025987 0.000257
10.026639 234 0.065372 0.022860 0.000226
10.078022 268 0.061085 0.026182 0.000259
10.129405 264 0.061546 0.025791 0.000255
10.180789 294 0.058321 0.028722 0.000284
10.232172 261 0.061898 0.025498 0.000252
10.283555 268 0.061085 0.026182 0.000259
10.334939 265 0.061430 0.025889 0.000256
10.386322 301 0.057639 0.029406 0.000291
10.437706 297 0.058026 0.029015 0.000287
10.489089 274 0.060412 0.026768 0.000265
10.540472 302 0.057544 0.029504 0.000292
10.591856 291 0.058621 0.028429 0.000281
10.643239 268 0.061085 0.026182 0.000259
10.694623 310 0.056796 0.030285 0.000299
10.746006 267 0.061199 0.026084 0.000258
10.797390 310 0.056796 0.030285 0.000299
10.848773 283 0.059444 0.027648 0.000273
10.900156 274 0.060412 0.026768 0.000265
10.951540 313 0.056523 0.030578 0.000302
11.002923 302 0.057544 0.029504 0.000292
11.054306 315 0.056344 0.030774 0.000304
11.105690 296 0.058124 0.028918 0.000286
11.157073 317 0.056166 0.030969 0.000306
11.208457 322 0.055728 0.031458 0.000311
11.259840 336 0.054554 0.032825 0.000324
11.311224 343 0.053995 0.033509 0.000331
11.362607 313 0.056523 0.030578 0.000302
11.413990 309 0.056888 0.030188 0.000298
11.465374 320 0.055902 0.031262 0.000309
11.516757 344 0.053916 0.033607 0.000332
11.568141 325 0.055470 0.031751 0.000314
11.619524 309 0.056888 0.030188 0.000298
11.670907 328 0.055216 0.032044 0.000317
11.722291 292 0.058521 0.028527 0.000282
11.773674 366 0.052271 0.035756 0.000353
11.825057 337 0.054473 0.032923 0.000325
11.876441 337 0.054473 0.032923 0.000325
11.927824 332 0.054882 0.032435 0.000321
11.979208 327 0.055300 0.031946 0.000316
12.030591 323 0.055641 0.031555 0.000312
12.081975 348 0.053606 0.033998 0.000336
12.133358 315 0.056344 0.030774 0.000304
12.184741 346 0.053760 0.033802 0.000334
12.236125 351 0.053376 0.034291 0.000339
12.287508 340 0.054233 0.033216 0.000328
12.338891 346 0.053760 0.033802 0.000334
12.390275 343 0.053995 0.033509 0.000331
12.441658 332 0.054882 0.032435 0.000321
12.493042 315 0.056344 0.030774 0.000304
12.544425 329 0.055132 0.032141 0.000318
12.595809 322 0.055728 0.031458 0.000311
12.647192 335 0.054636 0.032728 0.000324
12.698575 324 0.055556 0.031653 0.000313
12.749959 309 0.056888 0.030188 0.000298
12.801342 313 0.056523 0.030578 0.000302
12.852726 309 0.056888 0.030188 0.000298
12.904109 337 0.054473 0.032923 0.000325
12.955492 315 0.056344 0.030774 0.000304
13.006876 292 0.058521 0.028527 0.000282
13.058259 315 0.056344 0.030774 0.000304
13.109642 309 0.056888 0.030188 0.000298
13.161026 306 0.057166 0.029894 0.000296
13.212409 292 0.058521 0.028527 0.000282
13.263793 286 0.059131 0.027941 0.000276
13.315176 291 0.058621 0.028429 0.000281
13.366560 295 0.058222 0.028820 0.000285
13.417943 283 0.059444 0.027648 0.000273
13.469326 288 0.058926 0.028136 0.000278
13.520710 299 0.057831 0.029211 0.000289
13.572093 270 0.060858 0.026377 0.000261
13.623476 284 0.059339 0.027745 0.000274
13.674860 275 0.060302 0.026866 0.000266
13.726243 271 0.060746 0.026475 0.000262
13.777627 279 0.059868 0.027257 0.000269
13.829010 290 0.058722 0.028331 0.000280
13.880394 265 0.061430 0.025889 0.000256
13.931777 297 0.058026 0.029015 0.000287
13.983160 255 0.062622 0.024912 0.000246
14.034544 272 0.060634 0.026573 0.000263
14.085927 289 0.058824 0.028234 0.000279
14.137310 265 0.061430 0.025889 0.000256
14.188694 283 0.059444 0.027648 0.000273
14.240077 294 0.058321 0.028722 0.000284
14.291461 211 0.068843 0.020614 0.000204
14.342844 275 0.060302 0.026866 0.000266
14.394227 266 0.061314 0.025987 0.000257
14.445611 254 0.062746 0.024814 0.000245
14.496994 246 0.063758 0.024033 0.000238
14.548378 222 0.067116 0.021688 0.000214
14.599761 214 0.068359 0.020907 0.000207
14.651145 264 0.061546 0.025791 0.000255
14.702528 219 0.067574 0.021395 0.000212
14.753911 249 0.063372 0.024326 0.000241
14.805295 241 0.064416 0.023544 0.000233
14.856678 243 0.064150 0.023740 0.000235
14.908061 233 0.065512 0.022763 0.000225
14.959445 237 0.064957 0.023154 0.000229
15.010828 224 0.066815 0.021884 0.000216
15.062212 249 0.063372 0.024326 0.000241
15.113595 255 0.062622 0.024912 0.000246
15.164979 239 0.064685 0.023349 0.000231
15.216362 231 0.065795 0.022567 0.000223
15.267745 238 0.064820 0.023251 0.000230
15.319129 230 0.065938 0.022470 0.000222
15.370512 225 0.066667 0.021981 0.000217
15.421896 223 0.066965 0.021786 0.000215
15.473279 219 0.067574 0.021395 0.000212
15.524662 241 0.064416 0.023544 0.000233
15.576046 219 0.067574 0.021395 0.000212
15.627429 223 0.066965 0.021786 0.000215
15.678813 218 0.067729 0.021297 0.000211
15.730196 232 0.065653 0.022665 0.000224
15.781579 212 0.068680 0.020711 0.000205
15.832963 191 0.072357 0.018660 0.000185
15.884346 224 0.066815 0.021884 0.000216
15.935729 221 0.067267 0.021590 0.000214
15.987113 203 0.070186 0.019832 0.000196
16.038496 212 0.068680 0.020711 0.000205
16.089880 205 0.069843 0.020027 0.000198
16.141263 207 0.069505 0.020223 0.000200
16.192647 216 0.068041 0.021102 0.000209
16.244030 224 0.066815 0.021884 0.000216
16.295413 220 0.067420 0.021493 0.000213
16.346797 184 0.073721 0.017976 0.000178
16.398180 222 0.067116 0.021688 0.000214
16.449564 219 0.067574 0.021395 0.000212
16.500947 225 0.066667 0.021981 0.000217
16.552330 239 0.064685 0.023349 0.000231
16.603714 228 0.066227 0.022274 0.000220
16.655097 203 0.070186 0.019832 0.000196
16.706481 213 0.068519 0.020809 0.000206
16.757864 217 0.067884 0.021200 0.000210
16.809247 200 0.070711 0.019539 0.000193
16.860631 222 0.067116 0.021688 0.000214
16.912014 219 0.067574 0.021395 0.000212
16.963398 226 0.066519 0.022079 0.000218
17.014781 237 0.064957 0.023154 0.000229
17.066164 199 0.070888 0.019441 0.000192
17.117548 185 0.073521 0.018073 0.000179
17.168931 205 0.069843 0.020027 0.000198
17.220315 217 0.067884 0.021200 0.000210
17.271698 182 0.074125 0.017780 0.000176
17.323081 194 0.071796 0.018953 0.000187
17.374465 203 0.070186 0.019832 0.000196
17.425848 180 0.074536 0.017585 0.000174
17.477232 206 0.069673 0.020125 0.000199
17.528615 200 0.070711 0.019539 0.000193
17.579998 214 0.068359 0.020907 0.000207
17.631382 218 0.067729 0.021297 0.000211
17.682765 214 0.068359 0.020907 0.000207
17.734149 198 0.071067 0.019343 0.000191
17.785532 178 0.074953 0.017390 0.000172
17.836915 192 0.072169 0.018757 0.000186
17.888299 191 0.072357 0.018660 0.000185
17.939682 185 0.073521 0.018073 0.000179
17.991066 218 0.067729 0.021297 0.000211
18.042449 180 0.074536 0.017585 0.000174
18.093832 226 0.066519 0.022079 0.000218
18.145216 193 0.071982 0.018855 0.000186
18.196599 205 0.069843 0.020027 0.000198
18.247983 177 0.075165 0.017292 0.000171
18.299366 187 0.073127 0.018269 0.000181
18.350749 196 0.071429 0.019148 0.000189
18.402133 203 0.070186 0.019832 0.000196
18.453516 207 0.069505 0.020223 0.000200
18.504900 186 0.073324 0.018171 0.000180
18.556283 195 0.071611 0.019050 0.000188
18.607666 197 0.071247 0.019246 0.000190
18.659050 176 0.075378 0.017194 0.000170
18.710433 196 0.071429 0.019148 0.000189
18.761817 177 0.075165 0.017292 0.000171
18.813200 185 0.073521 0.018073 0.000179
18.864583 173 0.076029 0.016901 0.000167
18.915967 185 0.073521 0.018073 0.000179
18.967350 205 0.069843 0.020027 0.000198
19.018734 181 0.074329 0.017683 0.000175
19.070117 184 0.073721 0.017976 0.000178
19.121500 180 0.074536 0.017585 0.000174
19.172884 176 0.075378 0.017194 0.000170
19.224267 195 0.071611 0.019050 0.000188
19.275651 189 0.072739 0.018464 0.000183
19.327034 193 0.071982 0.018855 0.000186
19.378417 200 0.070711 0.019539 0.000193
19.429801 209 0.069171 0.020418 0.000202
19.481184 166 0.077615 0.016217 0.000160
19.532568 185 0.073521 0.018073 0.000179
19.583951 223 0.066965 0.021786 0.000215
19.635334 193 0.071982 0.018855 0.000186
19.686718 206 0.069673 0.020125 0.000199
19.738101 215 0.068199 0.021004 0.000208
19.789485 215 0.068199 0.021004 0.000208
19.840868 211 0.068843 0.020614 0.000204
19.892251 216 0.068041 0.021102 0.000209
19.943635 211 0.068843 0.020614 0.000204
19.995018 237 0.064957 0.023154 0.000229
20.046402 233 0.065512 0.022763 0.000225
20.097785 221 0.067267 0.021590 0.000214
20.149168 225 0.066667 0.021981 0.000217
20.200552 223 0.066965 0.021786 0.000215
20.251935 236 0.065094 0.023056 0.000228
20.303319 278 0.059976 0.027159 0.000269
20.354702 238 0.064820 0.023251 0.000230
20.406085 258 0.062257 0.025205 0.000249
20.457469 213 0.068519 0.020809 0.000206
20.508852 247 0.063628 0.024131 0.000239
20.560236 278 0.059976 0.027159 0.000269
20.611619 267 0.061199 0.026084 0.000258
20.663002 289 0.058824 0.028234 0.000279
20.714386 255 0.062622 0.024912 0.000246
20.765769 282 0.059549 0.027550 0.000272
20.817153 289 0.058824 0.028234 0.000279
20.868536 292 0.058521 0.028527 0.000282
20.919919 289 0.058824 0.028234 0.000279
20.971303 288 0.058926 0.028136 0.000278
21.022686 336 0.054554 0.032825 0.000324
21.074070 339 0.054313 0.033118 0.000327
21.125453 315 0.056344 0.030774 0.000304
21.176836 364 0.052414 0.035561 0.000352
21.228220 342 0.054074 0.033411 0.000330
21.279603 352 0.053300 0.034388 0.000340
21.330987 339 0.054313 0.033118 0.000327
21.382370 362 0.052559 0.035365 0.000350
21.433753 353 0.053225 0.034486 0.000341
21.485137 397 0.050189 0.038785 0.000383
21.536520 374 0.051709 0.036538 0.000361
21.587904 402 0.049875 0.039273 0.000388
21.639287 427 0.048393 0.041716 0.000412
21.690670 425 0.048507 0.041520 0.000410
21.742054 445 0.047405 0.043474 0.000430
21.793437 432 0.048113 0.042204 0.000417
21.844821 425 0.048507 0.041520 0.000410
21.896204 485 0.045408 0.047382 0.000468
21.947587 446 0.047351 0.043572 0.000431
21.998971 437 0.047836 0.042692 0.000422
22.050354 477 0.045787 0.046600 0.000461
22.101738 484 0.045455 0.047284 0.000467
22.153121 537 0.043153 0.052462 0.000519
22.204504 514 0.044108 0.050215 0.000496
22.255888 531 0.043396 0.051876 0.000513
22.307271 525 0.043644 0.051290 0.000507
22.358655 572 0.041812 0.055881 0.000552
22.410038 562 0.042182 0.054904 0.000543
22.461421 527 0.043561 0.051485 0.000509
22.512805 581 0.041487 0.056760 0.000561
22.564188 590 0.041169 0.057640 0.000570
22.615572 603 0.040723 0.058910 0.000582
22.666955 581 0.041487 0.056760 0.000561
22.718338 594 0.041030 0.058030 0.000574
22.769722 600 0.040825 0.058617 0.000579
22.821105 604 0.040689 0.059007 0.000583
22.872489 600 0.040825 0.058617 0.000579
22.923872 663 0.038837 0.064771 0.000640
22.975255 611 0.040456 0.059691 0.000590
23.026639 641 0.039498 0.062622 0.000619
23.078022 601 0.040791 0.058714 0.000580
23.129406 612 0.040423 0.059789 0.000591
23.180789 670 0.038633 0.065455 0.000647
23.232172 600 0.040825 0.058617 0.000579
23.283556 610 0.040489 0.059594 0.000589
23.334939 612 0.040423 0.059789 0.000591
23.386323 586 0.041310 0.057249 0.000566
23.437706 579 0.041559 0.056565 0.000559
23.489089 635 0.039684 0.062036 0.000613
23.540473 650 0.039223 0.063501 0.000628
23.591856 608 0.040555 0.059398 0.000587
23.643239 575 0.041703 0.056174 0.000555
23.694623 584 0.041380 0.057054 0.000564
23.746006 583 0.041416 0.056956 0.000563
23.797390 608 0.040555 0.059398 0.000587
23.848773 598 0.040893 0.058421 0.000577
23.900157 574 0.041739 0.056077 0.000554
23.951540 645 0.039375 0.063013 0.000623
24.002923 615 0.040324 0.060082 0.000594
24.054307 625 0.040000 0.061059 0.000604
24.105690 610 0.040489 0.059594 0.000589
24.157074 679 0.038376 0.066335 0.000656
24.208457 632 0.039778 0.061743 0.000610
24.259840 660 0.038925 0.064478 0.000637
24.311224 727 0.037088 0.071024 0.000702
24.362607 756 0.036370 0.073857 0.000730
24.413991 703 0.037716 0.068679 0.000679
24.465374 757 0.036346 0.073955 0.000731
24.516757 827 0.034773 0.080793 0.000799
24.568141 843 0.034442 0.082356 0.000814
24.619524 865 0.034001 0.084506 0.000835
24.670908 827 0.034773 0.080793 0.000799
24.722291 856 0.034179 0.083626 0.000827
24.773674 936 0.032686 0.091442 0.000904
24.825058 925 0.032880 0.090367 0.000893
24.876441 1011 0.031450 0.098769 0.000976
24.927825 996 0.031686 0.097304 0.000962
24.979208 1006 0.031528 0.098281 0.000971
25.030591 1027 0.031204 0.100332 0.000992
25.081975 1022 0.031281 0.099844 0.000987
25.133358 1062 0.030686 0.103751 0.001025
25.184742 1053 0.030817 0.102872 0.001017
25.236125 1086 0.030345 0.106096 0.001049
25.287508 1158 0.029386 0.113130 0.001118
25.338892 1171 0.029223 0.114400 0.001131
25.390275 1116 0.029934 0.109027 0.001078
25.441659 1125 0.029814 0.109906 0.001086
25.493042 1086 0.030345 0.106096 0.001049
25.544425 1137 0.029656 0.111079 0.001098
25.595809 1131 0.029735 0.110492 0.001092
25.647192 1069 0.030585 0.104435 0.001032
25.698576 1086 0.030345 0.106096 0.001049
25.749959 1030 0.031159 0.100625 0.000995
25.801342 1058 0.030744 0.103361 0.001022
25.852726 1087 0.030331 0.106194 0.001050
25.904109 1010 0.031466 0.098671 0.000975
25.955493 986 0.031846 0.096327 0.000952
26.006876 949 0.032461 0.092712 0.000916
26.058259 978 0.031976 0.095545 0.000944
26.109643 971 0.032092 0.094861 0.000938
26.161026 889 0.033539 0.086850 0.000858
26.212410 883 0.033653 0.086264 0.000853
26.263793 856 0.034179 0.083626 0.000827
26.315176 806 0.035223 0.078742 0.000778
26.366560 803 0.035289 0.078449 0.000775
26.417943 742 0.036711 0.072489 0.000716
26.469327 672 0.038576 0.065651 0.000649
26.520710 673 0.038547 0.065748 0.000650
26.572093 672 0.038576 0.065651 0.000649
26.623477 655 0.039073 0.063990 0.000632
26.674860 561 0.042220 0.054807 0.000542
26.726244 605 0.040656 0.059105 0.000584
26.777627 545 0.042835 0.053243 0.000526
26.829010 527 0.043561 0.051485 0.000509
26.880394 519 0.043895 0.050703 0.000501
26.931777 478 0.045739 0.046698 0.000462
26.983161 454 0.046932 0.044353 0.000438
27.034544 440 0.047673 0.042986 0.000425
27.085927 453 0.046984 0.044256 0.000437
27.137311 448 0.047246 0.043767 0.000433
27.188694 407 0.049568 0.039762 0.000393
27.240078 448 0.047246 0.043767 0.000433
27.291461 385 0.050965 0.037612 0.000372
27.342844 432 0.048113 0.042204 0.000417
27.394228 396 0.050252 0.038687 0.000382
27.445611 374 0.051709 0.036538 0.000361
27.496995 378 0.051434 0.036928 0.000365
27.548378 362 0.052559 0.035365 0.000350
27.599761 364 0.052414 0.035561 0.000352
27.651145 321 0.055815 0.031360 0.000310
27.702528 357 0.052926 0.034877 0.000345
27.753912 364 0.052414 0.035561 0.000352
27.805295 322 0.055728 0.031458 0.000311
27.856678 317 0.056166 0.030969 0.000306
27.908062 338 0.054393 0.033021 0.000326
27.959445 336 0.054554 0.032825 0.000324
28.010829 364 0.052414 0.035561 0.000352
28.062212 367 0.052200 0.035854 0.000354
28.113595 327 0.055300 0.031946 0.000316
28.164979 334 0.054718 0.032630 0.000323
28.216362 330 0.055048 0.032239 0.000319
28.267746 323 0.055641 0.031555 0.000312
28.319129 353 0.053225 0.034486 0.000341
28.370512 344 0.053916 0.033607 0.000332
28.421896 343 0.053995 0.033509 0.000331
28.473279 319 0.055989 0.031165 0.000308
28.524663 308 0.056980 0.030090 0.000297
28.576046 354 0.053149 0.034584 0.000342
28.627429 319 0.055989 0.031165 0.000308
28.678813 315 0.056344 0.030774 0.000304
28.730196 334 0.054718 0.032630 0.000323
28.781580 346 0.053760 0.033802 0.000334
28.832963 327 0.055300 0.031946 0.000316
28.884346 335 0.054636 0.032728 0.000324
28.935730 322 0.055728 0.031458 0.000311
28.987113 323 0.055641 0.031555 0.000312
29.038497 323 0.055641 0.031555 0.000312
29.089880 309 0.056888 0.030188 0.000298
29.141263 332 0.054882 0.032435 0.000321
29.192647 308 0.056980 0.030090 0.000297
29.244030 342 0.054074 0.033411 0.000330
29.295414 292 0.058521 0.028527 0.000282
29.346797 342 0.054074 0.033411 0.000330
29.398180 314 0.056433 0.030676 0.000303
29.449564 332 0.054882 0.032435 0.000321
29.500947 300 0.057735 0.029308 0.000290
29.552331 324 0.055556 0.031653 0.000313
29.603714 320 0.055902 0.031262 0.000309
29.655097 321 0.055815 0.031360 0.000310
29.706481 324 0.055556 0.031653 0.000313
29.757864 301 0.057639 0.029406 0.000291
29.809248 297 0.058026 0.029015 0.000287
29.860631 355 0.053074 0.034682 0.000343
29.912014 309 0.056888 0.030188 0.000298
29.963398 330 0.055048 0.032239 0.000319
30.014781 316 0.056254 0.030871 0.000305
30.066165 287 0.059028 0.028038 0.000277
30.117548 293 0.058421 0.028624 0.000283
30.168931 294 0.058321 0.028722 0.000284
30.220315 326 0.055385 0.031848 0.000315
30.271698 325 0.055470 0.031751 0.000314
30.323082 309 0.056888 0.030188 0.000298
30.374465 327 0.055300 0.031946 0.000316
30.425848 327 0.055300 0.031946 0.000316
30.477232 308 0.056980 0.030090 0.000297
30.528615 295 0.058222 0.028820 0.000285
30.579999 326 0.055385 0.031848 0.000315
30.631382 348 0.053606 0.033998 0.000336
30.682765 308 0.056980 0.030090 0.000297
30.734149 291 0.058621 0.028429 0.000281
30.785532 323 0.055641 0.031555 0.000312
30.836916 322 0.055728 0.031458 0.000311
30.888299 324 0.055556 0.031653 0.000313
30.939682 299 0.057831 0.029211 0.000289
30.991066 317 0.056166 0.030969 0.000306
31.042449 342 0.054074 0.033411 0.000330
31.093833 291 0.058621 0.028429 0.000281
31.145216 296 0.058124 0.028918 0.000286
31.196599 299 0.057831 0.029211 0.000289
31.247983 299 0.057831 0.029211 0.000289
31.299366 295 0.058222 0.028820 0.000285
31.350750 260 0.062017 0.025401 0.000251
31.402133 267 0.061199 0.026084 0.000258
31.453516 290 0.058722 0.028331 0.000280
31.504900 274 0.060412 0.026768 0.000265
31.556283 251 0.063119 0.024521 0.000242
31.607667 266 0.061314 0.025987 0.000257
31.659050 285 0.059235 0.027843 0.000275
31.710433 271 0.060746 0.026475 0.000262
31.761817 246 0.063758 0.024033 0.000238
31.813200 266 0.061314 0.025987 0.000257
31.864584 295 0.058222 0.028820 0.000285
31.915967 258 0.062257 0.025205 0.000249
31.967350 246 0.063758 0.024033 0.000238
32.018734 258 0.062257 0.025205 0.000249
32.070117 251 0.063119 0.024521 0.000242
32.121500 226 0.066519 0.022079 0.000218
32.172884 238 0.064820 0.023251 0.000230
32.224267 252 0.062994 0.024619 0.000243
32.275651 248 0.063500 0.024228 0.000240
32.327034 251 0.063119 0.024521 0.000242
32.378417 236 0.065094 0.023056 0.000228
32.429801 262 0.061780 0.025596 0.000253
32.481184 219 0.067574 0.021395 0.000212
32.532568 274 0.060412 0.026768 0.000265
32.583951 250 0.063246 0.024424 0.000241
32.635334 226 0.066519 0.022079 0.000218
32.686718 237 0.064957 0.023154 0.000229
32.738101 249 0.063372 0.024326 0.000241
32.789485 203 0.070186 0.019832 0.000196
32.840868 238 0.064820 0.023251 0.000230
32.892252 202 0.070360 0.019734 0.000195
32.943635 220 0.067420 0.021493 0.000213
32.995018 223 0.066965 0.021786 0.000215
33.046402 193 0.071982 0.018855 0.000186
33.097785 229 0.066082 0.022372 0.000221
33.149169 227 0.066372 0.022177 0.000219
33.200552 222 0.067116 0.021688 0.000214
33.251935 202 0.070360 0.019734 0.000195
33.303319 244 0.064018 0.023837 0.000236
33.354702 198 0.071067 0.019343 0.000191
33.406086 218 0.067729 0.021297 0.000211
33.457469 209 0.069171 0.020418 0.000202
33.508852 234 0.065372 0.022860 0.000226
33.560236 198 0.071067 0.019343 0.000191
33.611619 239 0.064685 0.023349 0.000231
33.663003 193 0.071982 0.018855 0.000186
33.714386 210 0.069007 0.020516 0.000203
33.765769 243 0.064150 0.023740 0.000235
33.817153 224 0.066815 0.021884 0.000216
33.868536 201 0.070535 0.019637 0.000194
33.919919 196 0.071429 0.019148 0.000189
33.971303 205 0.069843 0.020027 0.000198
34.022686 218 0.067729 0.021297 0.000211
34.074070 199 0.070888 0.019441 0.000192
34.125453 193 0.071982 0.018855 0.000186
34.176836 201 0.070535 0.019637 0.000194
34.228220 191 0.072357 0.018660 0.000185
34.279603 194 0.071796 0.018953 0.000187
34.330987 195 0.071611 0.019050 0.000188
34.382370 189 0.072739 0.018464 0.000183
34.433753 212 0.068680 0.020711 0.000205
34.485137 180 0.074536 0.017585 0.000174
34.536520 198 0.071067 0.019343 0.000191
34.587904 178 0.074953 0.017390 0.000172
34.639287 196 0.071429 0.019148 0.000189
34.690670 197 0.071247 0.019246 0.000190
34.742054 160 0.079057 0.015631 0.000155
34.793437 199 0.070888 0.019441 0.000192
34.844821 173 0.076029 0.016901 0.000167
34.896204 158 0.079556 0.015436 0.000153
34.947587 200 0.070711 0.019539 0.000193
34.998971 170 0.076696 0.016608 0.000164
35.050354 206 0.069673 0.020125 0.000199
35.101738 188 0.072932 0.018367 0.000182
35.153121 193 0.071982 0.018855 0.000186
35.204504 203 0.070186 0.019832 0.000196
35.255888 184 0.073721 0.017976 0.000178
35.307271 136 0.085749 0.013286 0.000132
35.358655 171 0.076472 0.016706 0.000165
35.410038 165 0.077850 0.016120 0.000160
35.461422 185 0.073521 0.018073 0.000179
35.512805 171 0.076472 0.016706 0.000165
35.564188 177 0.075165 0.017292 0.000171
35.615572 158 0.079556 0.015436 0.000153
35.666955 185 0.073521 0.018073 0.000179
35.718339 163 0.078326 0.015924 0.000158
35.769722 146 0.082761 0.014263 0.000141
35.821105 139 0.084819 0.013580 0.000134
35.872489 146 0.082761 0.014263 0.000141
35.923872 159 0.079305 0.015533 0.000154
35.975256 157 0.079809 0.015338 0.000152
36.026639 157 0.079809 0.015338 0.000152
36.078022 148 0.082199 0.014459 0.000143
36.129406 137 0.085436 0.013384 0.000133
36.180789 150 0.081650 0.014654 0.000145
36.232173 180 0.074536 0.017585 0.000174
36.283556 170 0.076696 0.016608 0.000164
36.334939 144 0.083333 0.014068 0.000139
36.386323 154 0.080582 0.015045 0.000149
36.437706 139 0.084819 0.013580 0.000134
36.489090 146 0.082761 0.014263 0.000141
36.540473 122 0.090536 0.011919 0.000118
36.591856 142 0.083918 0.013873 0.000137
36.643240 127 0.088736 0.012407 0.000123
36.694623 144 0.083333 0.014068 0.000139
36.746006 132 0.087039 0.012896 0.000128
36.797390 135 0.086066 0.013189 0.000131
36.848773 149 0.081923 0.014556 0.000144
36.900157 111 0.094916 0.010844 0.000108
36.951540 129 0.088045 0.012603 0.000125
37.002923 131 0.087370 0.012798 0.000127
37.054307 134 0.086387 0.013091 0.000130
37.105690 130 0.087706 0.012700 0.000126
37.157074 149 0.081923 0.014556 0.000144
37.208457 128 0.088388 0.012505 0.000124
37.259840 97 0.101535 0.009476 0.000094
37.311224 126 0.089087 0.012309 0.000122
37.362607 136 0.085749 0.013286 0.000132
37.413991 124 0.089803 0.012114 0.000120
37.465374 124 0.089803 0.012114 0.000120
37.516757 117 0.092450 0.011430 0.000113
37.568141 102 0.099015 0.009965 0.000099
37.619524 133 0.086711 0.012993 0.000129
37.670908 98 0.101015 0.009574 0.000095
37.722291 108 0.096225 0.010551 0.000105
37.773674 104 0.098058 0.010160 0.000101
37.825058 125 0.089443 0.012212 0.000121
37.876441 115 0.093250 0.011235 0.000111
37.927825 90 0.105409 0.008792 0.000088
37.979208 99 0.100504 0.009672 0.000096
38.030591 83 0.109764 0.008109 0.000081
38.081975 98 0.101015 0.009574 0.000095
38.133358 103 0.098533 0.010063 0.000100
38.184742 79 0.112509 0.007718 0.000077
38.236125 87 0.107211 0.008499 0.000085
38.287509 104 0.098058 0.010160 0.000101
38.338892 75 0.115470 0.007327 0.000073
38.390275 90 0.105409 0.008792 0.000088
38.441659 86 0.107833 0.008402 0.000084
38.493042 75 0.115470 0.007327 0.000073
38.544426 77 0.113961 0.007522 0.000075
38.595809 89 0.106000 0.008695 0.000087
38.647192 79 0.112509 0.007718 0.000077
38.698576 82 0.110432 0.008011 0.000080
38.749959 74 0.116248 0.007229 0.000072
38.801343 71 0.118678 0.006936 0.000070
38.852726 76 0.114708 0.007425 0.000074
38.904109 70 0.119523 0.006839 0.000069
38.955493 72 0.117851 0.007034 0.000070
39.006876 72 0.117851 0.007034 0.000070
39.058260 81 0.111111 0.007913 0.000079
39.109643 70 0.119523 0.006839 0.000069
39.161026 66 0.123091 0.006448 0.000065
39.212410 52 0.138675 0.005080 0.000052
39.263793 65 0.124035 0.006350 0.000064
39.315176 56 0.133631 0.005471 0.000056
39.366560 68 0.121268 0.006643 0.000067
39.417943 61 0.128037 0.005959 0.000060
39.469327 59 0.130189 0.005764 0.000058
39.520710 50 0.141421 0.004885 0.000050
39.572093 47 0.145865 0.004592 0.000048
39.623477 63 0.125988 0.006155 0.000062
39.674860 38 0.162221 0.003712 0.000040
39.726244 56 0.133631 0.005471 0.000056
39.777627 54 0.136083 0.005275 0.000054
39.829010 48 0.144338 0.004689 0.000048
39.880394 42 0.154303 0.004103 0.000043
39.931777 38 0.162221 0.003712 0.000040
39.983161 46 0.147442 0.004494 0.000047
40.034544 39 0.160128 0.003810 0.000041
40.085927 44 0.150756 0.004299 0.000045
40.137311 38 0.162221 0.003712 0.000040
40.188694 45 0.149071 0.004396 0.000046
40.240078 43 0.152499 0.004201 0.000044
40.291461 37 0.164399 0.003615 0.000039
40.342844 32 0.176777 0.003126 0.000035
40.394228 28 0.188982 0.002735 0.000033
40.445611 39 0.160128 0.003810 0.000041
40.496995 35 0.169031 0.003419 0.000038
40.548378 33 0.174078 0.003224 0.000036
40.599761 31 0.179605 0.003029 0.000035
40.651145 37 0.164399 0.003615 0.000039
40.702528 24 0.204124 0.002345 0.000031
40.753912 23 0.208514 0.002247 0.000030
40.805295 42 0.154303 0.004103 0.000043
40.856679 40 0.158114 0.003908 0.000042
40.908062 32 0.176777 0.003126 0.000035
40.959445 26 0.196116 0.002540 0.000032
41.010829 17 0.242536 0.001661 0.000029
41.062212 27 0.192450 0.002638 0.000032
41.113596 20 0.223607 0.001954 0.000029
41.164979 21 0.218218 0.002052 0.000029
41.216362 26 0.196116 0.002540 0.000032
41.267746 22 0.213201 0.002149 0.000030
41.319129 20 0.223607 0.001954 0.000029
41.370513 17 0.242536 0.001661 0.000029
41.421896 20 0.223607 0.001954 0.000029
41.473279 16 0.250000 0.001563 0.000029
41.524663 23 0.208514 0.002247 0.000030
41.576046 13 0.277350 0.001270 0.000030
41.627430 20 0.223607 0.001954 0.000029
41.678813 19 0.229416 0.001856 0.000029
41.730196 11 0.301511 0.001075 0.000031
41.781580 14 0.267261 0.001368 0.000029
41.832963 15 0.258199 0.001465 0.000029
41.884346 10 0.316228 0.000977 0.000032
41.935730 15 0.258199 0.001465 0.000029
41.987113 10 0.316228 0.000977 0.000032
42.038497 10 0.316228 0.000977 0.000032
42.089880 17 0.242536 0.001661 0.000029
42.141263 18 0.235702 0.001758 0.000029
42.192647 19 0.229416 0.001856 0.000029
42.244030 15 0.258199 0.001465 0.000029
42.295414 9 0.333333 0.000879 0.000034
42.346797 11 0.301511 0.001075 0.000031
42.398180 8 0.353553 0.000782 0.000035
42.449564 8 0.353553 0.000782 0.000035
42.500947 7 0.377964 0.000684 0.000038
42.552331 9 0.333333 0.000879 0.000034
42.603714 11 0.301511 0.001075 0.000031
42.655097 9 0.333333 0.000879 0.000034
42.706481 8 0.353553 0.000782 0.000035
42.757864 8 0.353553 0.000782 0.000035
42.809248 8 0.353553 0.000782 0.000035
42.860631 8 0.353553 0.000782 0.000035
42.912014 5 0.447214 0.000488 0.000044
42.963398 6 0.408248 0.000586 0.000040
43.014781 8 0.353553 0.000782 0.000035
43.066165 8 0.353553 0.000782 0.000035
43.117548 4 0.500000 0.000391 0.000049
43.168931 10 0.316228 0.000977 0.000032
43.220315 7 0.377964 0.000684 0.000038
43.271698 3 0.577350 0.000293 0.000056
43.323082 3 0.577350 0.000293 0.000056
43.374465 4 0.500000 0.000391 0.000049
43.425849 6 0.408248 0.000586 0.000040
43.477232 2 0.707107 0.000195 0.000069
43.528615 5 0.447214 0.000488 0.000044
43.579999 2 0.707107 0.000195 0.000069
43.631382 3 0.577350 0.000293 0.000056
43.682766 5 0.447214 0.000488 0.000044
43.734149 5 0.447214 0.000488 0.000044
43.785532 1 1.000000 0.000098 0.000098
43.836916 1 1.000000 0.000098 0.000098
43.888299 1 1.000000 0.000098 0.000098
43.939683 0 0.000000 0.000000 0.000000
43.991066 2 0.707107 0.000195 0.000069
44.042449 1 1.000000 0.000098 0.000098
44.093833 3 0.577350 0.000293 0.000056
44.145216 0 0.000000 0.000000 0.000000
44.196600 2 0.707107 0.000195 0.000069
44.247983 1 1.000000 0.000098 0.000098
44.299366 0 0.000000 0.000000 0.000000
44.350750 1 1.000000 0.000098 0.000098
44.402133 0 0.000000 0.000000 0.000000
44.453517 0 0.000000 0.000000 0.000000
44.504900 0 0.000000 0.000000 0.000000
44.556283 0 0.000000 0.000000 0.000000
44.607667 1 1.000000 0.000098 0.000098
44.659050 1 1.000000 0.000098 0.000098
44.710433 0 0.000000 0.000000 0.000000
44.761817 0 0.000000 0.000000 0.000000
44.813200 0 0.000000 0.000000 0.000000
44.864584 0 0.000000 0.000000 0.000000
44.915967 0 0.000000 0.000000 0.000000
44.967350 0 0.000000 0.000000 0.000000
45.018734 0 0.000000 0.000000 0.000000
45.070117 1 1.000000 0.000098 0.000098
45.121501 0 0.000000 0.000000 0.000000
45.172884 0 0.000000 0.000000 0.000000
45.224267 1 1.000000 0.000098 0.000098
45.275651 1 1.000000 0.000098 0.000098
45.327034 0 0.000000 0.000000 0.000000
45.378418 0 0.000000 0.000000 0.000000
45.429801 0 0.000000 0.000000 0.000000
45.481184 0 0.000000 0.000000 0.000000
45.532568 0 0.000000 0.000000 0.000000
45.583951 0 0.000000 0.000000 0.000000
45.635335 1 1.000000 0.000098 0.000098
45.686718 0 0.000000 0.000000 0.000000
45.738101 0 0.000000 0.000000 0.000000
45.789485 0 0.000000 0.000000 0.000000
45.840868 1 1.000000 0.000098 0.000098
45.892252 0 0.000000 0.000000 0.000000
45.943635 0 0.000000 0.000000 0.000000
45.995019 0 0.000000 0.000000 0.000000
46.046402 1 1.000000 0.000098 0.000098
46.097785 0 0.000000 0.000000 0.000000
46.149169 0 0.000000 0.000000 0.000000
46.200552 1 1.000000 0.000098 0.000098
46.251936 0 0.000000 0.000000 0.000000
46.303319 0 0.000000 0.000000 0.000000
46.354702 0 0.000000 0.000000 0.000000
46.406086 0 0.000000 0.000000 0.000000
46.457469 0 0.000000 0.000000 0.000000
46.508853 0 0.000000 0.000000 0.000000
46.560236 0 0.000000 0.000000 0.000000
46.611619 0 0.000000 0.000000 0.000000
46.663003 0 0.000000 0.000000 0.000000
46.714386 1 1.000000 0.000098 0.000098
46.765770 0 0.000000 0.000000 0.000000
46.817153 0 0.000000 0.000000 0.000000
46.868536 0 0.000000 0.000000 0.000000
46.919920 1 1.000000 0.000098 0.000098
46.971303 0 0.000000 0.000000 0.000000
47.022687 1 1.000000 0.000098 0.000098
47.074070 0 0.000000 0.000000 0.000000
47.125453 0 0.000000 0.000000 0.000000
47.176837 0 0.000000 0.000000 0.000000
47.228220 0 0.000000 0.000000 0.000000
47.279604 0 0.000000 0.000000 0.000000
47.330987 0 0.000000 0.000000 0.000000
47.382370 0 0.000000 0.000000 0.000000
47.433754 0 0.000000 0.000000 0.000000
47.485137 1 1.000000 0.000098 0.000098
47.536520 1 1.000000 0.000098 0.000098
47.587904 0 0.000000 0.000000 0.000000
47.639287 0 0.000000 0.000000 0.000000
47.690671 0 0.000000 0.000000 0.000000
47.742054 0 0.000000 0.000000 0.000000
47.793437 1 1.000000 0.000098 0.000098
47.844821 1 1.000000 0.000098 0.000098
47.896204 0 0.000000 0.000000 0.000000
47.947588 0 0.000000 0.000000 0.000000
47.998971 1 1.000000 0.000098 0.000098
48.050354 0 0.000000 0.000000 0.000000
48.101738 0 0.000000 0.000000 0.000000
48.153121 0 0.000000 0.000000 0.000000
48.204505 0 0.000000 0.000000 0.000000
48.255888 0 0.000000 0.000000 0.000000
48.307271 0 0.000000 0.000000 0.000000
48.358655 0 0.000000 0.000000 0.000000
48.410038 1 1.000000 0.000098 0.000098
48.461422 0 0.000000 0.000000 0.000000
48.512805 0 0.000000 0.000000 0.000000
48.564189 0 0.000000 0.000000 0.000000
48.615572 1 1.000000 0.000098 0.000098
48.666955 0 0.000000 0.000000 0.000000
48.718339 0 0.000000 0.000000 0.000000
48.769722 0 0.000000 0.000000 0.000000
48.821106 0 0.000000 0.000000 0.000000
48.872489 0 0.000000 0.000000 0.000000
48.923872 0 0.000000 0.000000 0.000000
48.975256 0 0.000000 0.000000 0.000000
49.026639 0 0.000000 0.000000 0.000000
49.078023 1 1.000000 0.000098 0.000098
49.129406 0 0.000000 0.000000 0.000000
49.180789 0 0.000000 0.000000 0.000000
49.232173 0 0.000000 0.000000 0.000000
49.283556 0 0.000000 0.000000 0.000000
49.334940 0 0.000000 0.000000 0.000000
49.386323 1 1.000000 0.000098 0.000098
49.437706 0 0.000000 0.000000 0.000000
49.489090 0 0.000000 0.000000 0.000000
49.540473 0 0.000000 0.000000 0.000000
49.591857 1 1.000000 0.000098 0.000098
49.643240 0 0.000000 0.000000 0.000000
49.694623 0 0.000000 0.000000 0.000000
49.746007 0 0.000000 0.000000 0.000000
49.797390 0 0.000000 0.000000 0.000000
49.848774 0 0.000000 0.000000 0.000000
49.900157 0 0.000000 0.000000 0.000000
49.951540 0 0.000000 0.000000 0.000000
50.002924 0 0.000000 0.000000 0.000000
50.054307 0 0.000000 0.000000 0.000000
50.105690 0 0.000000 0.000000 0.000000
50.157074 0 0.000000 0.000000 0.000000
50.208457 0 0.000000 0.000000 0.000000
50.259841 0 0.000000 0.000000 0.000000
50.311224 0 0.000000 0.000000 0.000000
50.362607 0 0.000000 0.000000 0.000000
50.413991 1 1.000000 0.000098 0.000098
50.465374 0 0.000000 0.000000 0.000000
50.516758 0 0.000000 0.000000 0.000000
50.568141 0 0.000000 0.000000 0.000000
50.619524 0 0.000000 0.000000 0.000000
50.670908 0 0.000000 0.000000 0.000000
50.722291 1 1.000000 0.000098 0.000098
50.773675 0 0.000000 0.000000 0.000000
50.825058 0 0.000000 0.000000 0.000000
50.876441 0 0.000000 0.000000 0.000000
50.927825 0 0.000000 0.000000 0.000000
50.979208 1 1.000000 0.000098 0.000098
