# name, dx, fmax, fmax_err, norm_value, norm_vale_err
# outD_137Cs 1 589 24.269322199023193 1 0
# bin_center, freq, freq_err, norm_freq, norm_freq_err
0.500000 0 0.000000 0.000000 0.000000
1.500000 0 0.000000 0.000000 0.000000
2.500000 0 0.000000 0.000000 0.000000
3.500000 0 0.000000 0.000000 0.000000
4.500000 0 0.000000 0.000000 0.000000
5.500000 0 0.000000 0.000000 0.000000
6.500000 0 0.000000 0.000000 0.000000
7.500000 23 4.795832 23.000000 4.795832
8.500000 154 12.409674 154.000000 12.409674
9.500000 311 17.635192 311.000000 17.635192
10.500000 485 22.022716 485.000000 22.022716
11.500000 589 24.269322 589.000000 24.269322
12.500000 561 23.685439 561.000000 23.685439
13.500000 494 22.226111 494.000000 22.226111
14.500000 468 21.633308 468.000000 21.633308
15.500000 419 20.469489 419.000000 20.469489
16.500000 378 19.442222 378.000000 19.442222
17.500000 331 18.193405 331.000000 18.193405
18.500000 345 18.574176 345.000000 18.574176
19.500000 307 17.521415 307.000000 17.521415
20.500000 311 17.635192 311.000000 17.635192
21.500000 259 16.093477 259.000000 16.093477
22.500000 236 15.362291 236.000000 15.362291
23.500000 241 15.524175 241.000000 15.524175
24.500000 208 14.422205 208.000000 14.422205
25.500000 224 14.966630 224.000000 14.966630
26.500000 237 15.394804 237.000000 15.394804
27.500000 230 15.165751 230.000000 15.165751
28.500000 231 15.198684 231.000000 15.198684
29.500000 228 15.099669 228.000000 15.099669
30.500000 250 15.811388 250.000000 15.811388
31.500000 189 13.747727 189.000000 13.747727
32.500000 236 15.362291 236.000000 15.362291
33.500000 191 13.820275 191.000000 13.820275
34.500000 208 14.422205 208.000000 14.422205
35.500000 173 13.152946 173.000000 13.152946
36.500000 186 13.638182 186.000000 13.638182
37.500000 196 14.000000 196.000000 14.000000
38.500000 223 14.933185 223.000000 14.933185
39.500000 174 13.190906 174.000000 13.190906
40.500000 167 12.922848 167.000000 12.922848
41.500000 166 12.884099 166.000000 12.884099
42.500000 188 13.711309 188.000000 13.711309
43.500000 170 13.038405 170.000000 13.038405
44.500000 190 13.784049 190.000000 13.784049
45.500000 167 12.922848 167.000000 12.922848
46.500000 157 12.529964 157.000000 12.529964
47.500000 145 12.041595 145.000000 12.041595
48.500000 168 12.961481 168.000000 12.961481
49.500000 161 12.688578 161.000000 12.688578
50.500000 131 11.445523 131.000000 11.445523
51.500000 123 11.090537 123.000000 11.090537
52.500000 163 12.767145 163.000000 12.767145
53.500000 163 12.767145 163.000000 12.767145
54.500000 202 14.212670 202.000000 14.212670
55.500000 165 12.845233 165.000000 12.845233
56.500000 132 11.489125 132.000000 11.489125
57.500000 127 11.269428 127.000000 11.269428
58.500000 149 12.206556 149.000000 12.206556
59.500000 102 10.099505 102.000000 10.099505
60.500000 106 10.295630 106.000000 10.295630
61.500000 131 11.445523 131.000000 11.445523
62.500000 191 13.820275 191.000000 13.820275
63.500000 162 12.727922 162.000000 12.727922
64.500000 157 12.529964 157.000000 12.529964
65.500000 175 13.228757 175.000000 13.228757
66.500000 205 14.317821 205.000000 14.317821
67.500000 151 12.288206 151.000000 12.288206
68.500000 138 11.747340 138.000000 11.747340
69.500000 123 11.090537 123.000000 11.090537
70.500000 134 11.575837 134.000000 11.575837
71.500000 156 12.489996 156.000000 12.489996
72.500000 184 13.564660 184.000000 13.564660
73.500000 124 11.135529 124.000000 11.135529
74.500000 158 12.569805 158.000000 12.569805
75.500000 172 13.114877 172.000000 13.114877
76.500000 129 11.357817 129.000000 11.357817
77.500000 154 12.409674 154.000000 12.409674
78.500000 142 11.916375 142.000000 11.916375
79.500000 159 12.609520 159.000000 12.609520
80.500000 139 11.789826 139.000000 11.789826
81.500000 179 13.379088 179.000000 13.379088
82.500000 173 13.152946 173.000000 13.152946
83.500000 150 12.247449 150.000000 12.247449
84.500000 149 12.206556 149.000000 12.206556
85.500000 157 12.529964 157.000000 12.529964
86.500000 169 13.000000 169.000000 13.000000
87.500000 196 14.000000 196.000000 14.000000
88.500000 108 10.392305 108.000000 10.392305
89.500000 200 14.142136 200.000000 14.142136
90.500000 163 12.767145 163.000000 12.767145
91.500000 135 11.618950 135.000000 11.618950
92.500000 158 12.569805 158.000000 12.569805
93.500000 182 13.490738 182.000000 13.490738
94.500000 136 11.661904 136.000000 11.661904
95.500000 142 11.916375 142.000000 11.916375
96.500000 167 12.922848 167.000000 12.922848
97.500000 168 12.961481 168.000000 12.961481
98.500000 213 14.594520 213.000000 14.594520
99.500000 194 13.928388 194.000000 13.928388
100.500000 175 13.228757 175.000000 13.228757
101.500000 170 13.038405 170.000000 13.038405
102.500000 196 14.000000 196.000000 14.000000
103.500000 184 13.564660 184.000000 13.564660
104.500000 144 12.000000 144.000000 12.000000
105.500000 148 12.165525 148.000000 12.165525
106.500000 197 14.035669 197.000000 14.035669
107.500000 224 14.966630 224.000000 14.966630
108.500000 170 13.038405 170.000000 13.038405
109.500000 176 13.266499 176.000000 13.266499
110.500000 154 12.409674 154.000000 12.409674
111.500000 170 13.038405 170.000000 13.038405
112.500000 172 13.114877 172.000000 13.114877
113.500000 179 13.379088 179.000000 13.379088
114.500000 217 14.730920 217.000000 14.730920
115.500000 173 13.152946 173.000000 13.152946
116.500000 180 13.416408 180.000000 13.416408
117.500000 156 12.489996 156.000000 12.489996
118.500000 207 14.387495 207.000000 14.387495
119.500000 185 13.601471 185.000000 13.601471
120.500000 163 12.767145 163.000000 12.767145
121.500000 200 14.142136 200.000000 14.142136
122.500000 168 12.961481 168.000000 12.961481
123.500000 192 13.856406 192.000000 13.856406
124.500000 181 13.453624 181.000000 13.453624
125.500000 172 13.114877 172.000000 13.114877
126.500000 158 12.569805 158.000000 12.569805
127.500000 171 13.076697 171.000000 13.076697
128.500000 176 13.266499 176.000000 13.266499
129.500000 168 12.961481 168.000000 12.961481
130.500000 204 14.282857 204.000000 14.282857
131.500000 179 13.379088 179.000000 13.379088
132.500000 148 12.165525 148.000000 12.165525
133.500000 182 13.490738 182.000000 13.490738
134.500000 190 13.784049 190.000000 13.784049
135.500000 141 11.874342 141.000000 11.874342
136.500000 166 12.884099 166.000000 12.884099
137.500000 149 12.206556 149.000000 12.206556
138.500000 159 12.609520 159.000000 12.609520
139.500000 179 13.379088 179.000000 13.379088
140.500000 173 13.152946 173.000000 13.152946
141.500000 160 12.649111 160.000000 12.649111
142.500000 218 14.764823 218.000000 14.764823
143.500000 180 13.416408 180.000000 13.416408
144.500000 150 12.247449 150.000000 12.247449
145.500000 175 13.228757 175.000000 13.228757
146.500000 143 11.958261 143.000000 11.958261
147.500000 189 13.747727 189.000000 13.747727
148.500000 181 13.453624 181.000000 13.453624
149.500000 151 12.288206 151.000000 12.288206
150.500000 131 11.445523 131.000000 11.445523
151.500000 107 10.344080 107.000000 10.344080
152.500000 138 11.747340 138.000000 11.747340
153.500000 202 14.212670 202.000000 14.212670
154.500000 198 14.071247 198.000000 14.071247
155.500000 189 13.747727 189.000000 13.747727
156.500000 158 12.569805 158.000000 12.569805
157.500000 155 12.449900 155.000000 12.449900
158.500000 171 13.076697 171.000000 13.076697
159.500000 182 13.490738 182.000000 13.490738
160.500000 177 13.304135 177.000000 13.304135
161.500000 149 12.206556 149.000000 12.206556
162.500000 127 11.269428 127.000000 11.269428
163.500000 171 13.076697 171.000000 13.076697
164.500000 126 11.224972 126.000000 11.224972
165.500000 152 12.328828 152.000000 12.328828
166.500000 142 11.916375 142.000000 11.916375
167.500000 182 13.490738 182.000000 13.490738
168.500000 137 11.704700 137.000000 11.704700
169.500000 131 11.445523 131.000000 11.445523
170.500000 130 11.401754 130.000000 11.401754
171.500000 203 14.247807 203.000000 14.247807
172.500000 159 12.609520 159.000000 12.609520
173.500000 114 10.677078 114.000000 10.677078
174.500000 184 13.564660 184.000000 13.564660
175.500000 124 11.135529 124.000000 11.135529
176.500000 172 13.114877 172.000000 13.114877
177.500000 147 12.124356 147.000000 12.124356
178.500000 132 11.489125 132.000000 11.489125
179.500000 167 12.922848 167.000000 12.922848
180.500000 179 13.379088 179.000000 13.379088
181.500000 126 11.224972 126.000000 11.224972
182.500000 171 13.076697 171.000000 13.076697
183.500000 160 12.649111 160.000000 12.649111
184.500000 109 10.440307 109.000000 10.440307
185.500000 141 11.874342 141.000000 11.874342
186.500000 168 12.961481 168.000000 12.961481
187.500000 138 11.747340 138.000000 11.747340
188.500000 170 13.038405 170.000000 13.038405
189.500000 142 11.916375 142.000000 11.916375
190.500000 144 12.000000 144.000000 12.000000
191.500000 117 10.816654 117.000000 10.816654
192.500000 144 12.000000 144.000000 12.000000
193.500000 144 12.000000 144.000000 12.000000
194.500000 133 11.532563 133.000000 11.532563
195.500000 131 11.445523 131.000000 11.445523
196.500000 155 12.449900 155.000000 12.449900
197.500000 124 11.135529 124.000000 11.135529
198.500000 128 11.313708 128.000000 11.313708
199.500000 154 12.409674 154.000000 12.409674
200.500000 117 10.816654 117.000000 10.816654
201.500000 113 10.630146 113.000000 10.630146
202.500000 144 12.000000 144.000000 12.000000
203.500000 131 11.445523 131.000000 11.445523
204.500000 136 11.661904 136.000000 11.661904
205.500000 177 13.304135 177.000000 13.304135
206.500000 125 11.180340 125.000000 11.180340
207.500000 143 11.958261 143.000000 11.958261
208.500000 140 11.832160 140.000000 11.832160
209.500000 176 13.266499 176.000000 13.266499
210.500000 95 9.746794 95.000000 9.746794
211.500000 131 11.445523 131.000000 11.445523
212.500000 119 10.908712 119.000000 10.908712
213.500000 107 10.344080 107.000000 10.344080
214.500000 144 12.000000 144.000000 12.000000
215.500000 122 11.045361 122.000000 11.045361
216.500000 178 13.341664 178.000000 13.341664
217.500000 110 10.488088 110.000000 10.488088
218.500000 103 10.148892 103.000000 10.148892
219.500000 100 10.000000 100.000000 10.000000
220.500000 145 12.041595 145.000000 12.041595
221.500000 92 9.591663 92.000000 9.591663
222.500000 121 11.000000 121.000000 11.000000
223.500000 80 8.944272 80.000000 8.944272
224.500000 138 11.747340 138.000000 11.747340
225.500000 115 10.723805 115.000000 10.723805
226.500000 143 11.958261 143.000000 11.958261
227.500000 164 12.806248 164.000000 12.806248
228.500000 126 11.224972 126.000000 11.224972
229.500000 140 11.832160 140.000000 11.832160
230.500000 87 9.327379 87.000000 9.327379
231.500000 146 12.083046 146.000000 12.083046
232.500000 149 12.206556 149.000000 12.206556
233.500000 146 12.083046 146.000000 12.083046
234.500000 118 10.862780 118.000000 10.862780
235.500000 118 10.862780 118.000000 10.862780
236.500000 130 11.401754 130.000000 11.401754
237.500000 123 11.090537 123.000000 11.090537
238.500000 150 12.247449 150.000000 12.247449
239.500000 37 6.082763 37.000000 6.082763
240.500000 87 9.327379 87.000000 9.327379
241.500000 153 12.369317 153.000000 12.369317
242.500000 148 12.165525 148.000000 12.165525
243.500000 151 12.288206 151.000000 12.288206
244.500000 123 11.090537 123.000000 11.090537
245.500000 109 10.440307 109.000000 10.440307
246.500000 174 13.190906 174.000000 13.190906
247.500000 112 10.583005 112.000000 10.583005
248.500000 119 10.908712 119.000000 10.908712
249.500000 192 13.856406 192.000000 13.856406
250.500000 174 13.190906 174.000000 13.190906
251.500000 104 10.198039 104.000000 10.198039
252.500000 146 12.083046 146.000000 12.083046
253.500000 95 9.746794 95.000000 9.746794
254.500000 134 11.575837 134.000000 11.575837
255.500000 132 11.489125 132.000000 11.489125
256.500000 58 7.615773 58.000000 7.615773
257.500000 156 12.489996 156.000000 12.489996
258.500000 114 10.677078 114.000000 10.677078
259.500000 126 11.224972 126.000000 11.224972
260.500000 149 12.206556 149.000000 12.206556
261.500000 127 11.269428 127.000000 11.269428
262.500000 74 8.602325 74.000000 8.602325
263.500000 101 10.049876 101.000000 10.049876
264.500000 168 12.961481 168.000000 12.961481
265.500000 163 12.767145 163.000000 12.767145
266.500000 139 11.789826 139.000000 11.789826
267.500000 74 8.602325 74.000000 8.602325
268.500000 89 9.433981 89.000000 9.433981
269.500000 146 12.083046 146.000000 12.083046
270.500000 102 10.099505 102.000000 10.099505
271.500000 114 10.677078 114.000000 10.677078
272.500000 95 9.746794 95.000000 9.746794
273.500000 152 12.328828 152.000000 12.328828
274.500000 103 10.148892 103.000000 10.148892
275.500000 109 10.440307 109.000000 10.440307
276.500000 93 9.643651 93.000000 9.643651
277.500000 121 11.000000 121.000000 11.000000
278.500000 129 11.357817 129.000000 11.357817
279.500000 158 12.569805 158.000000 12.569805
280.500000 78 8.831761 78.000000 8.831761
281.500000 122 11.045361 122.000000 11.045361
282.500000 121 11.000000 121.000000 11.000000
283.500000 68 8.246211 68.000000 8.246211
284.500000 91 9.539392 91.000000 9.539392
285.500000 109 10.440307 109.000000 10.440307
286.500000 112 10.583005 112.000000 10.583005
287.500000 160 12.649111 160.000000 12.649111
288.500000 124 11.135529 124.000000 11.135529
289.500000 118 10.862780 118.000000 10.862780
290.500000 135 11.618950 135.000000 11.618950
291.500000 120 10.954451 120.000000 10.954451
292.500000 90 9.486833 90.000000 9.486833
293.500000 88 9.380832 88.000000 9.380832
294.500000 161 12.688578 161.000000 12.688578
295.500000 115 10.723805 115.000000 10.723805
296.500000 98 9.899495 98.000000 9.899495
297.500000 124 11.135529 124.000000 11.135529
298.500000 111 10.535654 111.000000 10.535654
299.500000 115 10.723805 115.000000 10.723805
300.500000 106 10.295630 106.000000 10.295630
301.500000 100 10.000000 100.000000 10.000000
302.500000 128 11.313708 128.000000 11.313708
303.500000 105 10.246951 105.000000 10.246951
304.500000 127 11.269428 127.000000 11.269428
305.500000 99 9.949874 99.000000 9.949874
306.500000 112 10.583005 112.000000 10.583005
307.500000 145 12.041595 145.000000 12.041595
308.500000 78 8.831761 78.000000 8.831761
309.500000 132 11.489125 132.000000 11.489125
310.500000 123 11.090537 123.000000 11.090537
311.500000 98 9.899495 98.000000 9.899495
312.500000 84 9.165151 84.000000 9.165151
313.500000 57 7.549834 57.000000 7.549834
314.500000 129 11.357817 129.000000 11.357817
315.500000 93 9.643651 93.000000 9.643651
316.500000 88 9.380832 88.000000 9.380832
317.500000 100 10.000000 100.000000 10.000000
318.500000 116 10.770330 116.000000 10.770330
319.500000 119 10.908712 119.000000 10.908712
320.500000 54 7.348469 54.000000 7.348469
321.500000 87 9.327379 87.000000 9.327379
322.500000 99 9.949874 99.000000 9.949874
323.500000 84 9.165151 84.000000 9.165151
324.500000 111 10.535654 111.000000 10.535654
325.500000 124 11.135529 124.000000 11.135529
326.500000 118 10.862780 118.000000 10.862780
327.500000 74 8.602325 74.000000 8.602325
328.500000 120 10.954451 120.000000 10.954451
329.500000 87 9.327379 87.000000 9.327379
330.500000 93 9.643651 93.000000 9.643651
331.500000 76 8.717798 76.000000 8.717798
332.500000 105 10.246951 105.000000 10.246951
333.500000 85 9.219544 85.000000 9.219544
334.500000 108 10.392305 108.000000 10.392305
335.500000 99 9.949874 99.000000 9.949874
336.500000 111 10.535654 111.000000 10.535654
337.500000 83 9.110434 83.000000 9.110434
338.500000 80 8.944272 80.000000 8.944272
339.500000 63 7.937254 63.000000 7.937254
340.500000 95 9.746794 95.000000 9.746794
341.500000 97 9.848858 97.000000 9.848858
342.500000 67 8.185353 67.000000 8.185353
343.500000 57 7.549834 57.000000 7.549834
344.500000 75 8.660254 75.000000 8.660254
345.500000 64 8.000000 64.000000 8.000000
346.500000 59 7.681146 59.000000 7.681146
347.500000 56 7.483315 56.000000 7.483315
348.500000 72 8.485281 72.000000 8.485281
349.500000 85 9.219544 85.000000 9.219544
350.500000 63 7.937254 63.000000 7.937254
351.500000 106 10.295630 106.000000 10.295630
352.500000 58 7.615773 58.000000 7.615773
353.500000 71 8.426150 71.000000 8.426150
354.500000 56 7.483315 56.000000 7.483315
355.500000 78 8.831761 78.000000 8.831761
356.500000 102 10.099505 102.000000 10.099505
357.500000 116 10.770330 116.000000 10.770330
358.500000 73 8.544004 73.000000 8.544004
359.500000 73 8.544004 73.000000 8.544004
360.500000 95 9.746794 95.000000 9.746794
361.500000 86 9.273618 86.000000 9.273618
362.500000 27 5.196152 27.000000 5.196152
363.500000 137 11.704700 137.000000 11.704700
364.500000 88 9.380832 88.000000 9.380832
365.500000 99 9.949874 99.000000 9.949874
366.500000 89 9.433981 89.000000 9.433981
367.500000 99 9.949874 99.000000 9.949874
368.500000 139 11.789826 139.000000 11.789826
369.500000 51 7.141428 51.000000 7.141428
370.500000 67 8.185353 67.000000 8.185353
371.500000 93 9.643651 93.000000 9.643651
372.500000 128 11.313708 128.000000 11.313708
373.500000 107 10.344080 107.000000 10.344080
374.500000 107 10.344080 107.000000 10.344080
375.500000 54 7.348469 54.000000 7.348469
376.500000 57 7.549834 57.000000 7.549834
377.500000 99 9.949874 99.000000 9.949874
378.500000 65 8.062258 65.000000 8.062258
379.500000 143 11.958261 143.000000 11.958261
380.500000 88 9.380832 88.000000 9.380832
381.500000 101 10.049876 101.000000 10.049876
382.500000 90 9.486833 90.000000 9.486833
383.500000 114 10.677078 114.000000 10.677078
384.500000 95 9.746794 95.000000 9.746794
385.500000 79 8.888194 79.000000 8.888194
386.500000 57 7.549834 57.000000 7.549834
387.500000 73 8.544004 73.000000 8.544004
388.500000 129 11.357817 129.000000 11.357817
389.500000 114 10.677078 114.000000 10.677078
390.500000 138 11.747340 138.000000 11.747340
391.500000 101 10.049876 101.000000 10.049876
392.500000 89 9.433981 89.000000 9.433981
393.500000 136 11.661904 136.000000 11.661904
394.500000 134 11.575837 134.000000 11.575837
395.500000 87 9.327379 87.000000 9.327379
396.500000 87 9.327379 87.000000 9.327379
397.500000 144 12.000000 144.000000 12.000000
398.500000 108 10.392305 108.000000 10.392305
399.500000 87 9.327379 87.000000 9.327379
400.500000 102 10.099505 102.000000 10.099505
401.500000 87 9.327379 87.000000 9.327379
402.500000 111 10.535654 111.000000 10.535654
403.500000 116 10.770330 116.000000 10.770330
404.500000 89 9.433981 89.000000 9.433981
405.500000 83 9.110434 83.000000 9.110434
406.500000 158 12.569805 158.000000 12.569805
407.500000 128 11.313708 128.000000 11.313708
408.500000 152 12.328828 152.000000 12.328828
409.500000 130 11.401754 130.000000 11.401754
410.500000 130 11.401754 130.000000 11.401754
411.500000 134 11.575837 134.000000 11.575837
412.500000 148 12.165525 148.000000 12.165525
413.500000 165 12.845233 165.000000 12.845233
414.500000 149 12.206556 149.000000 12.206556
415.500000 129 11.357817 129.000000 11.357817
416.500000 159 12.609520 159.000000 12.609520
417.500000 183 13.527749 183.000000 13.527749
418.500000 131 11.445523 131.000000 11.445523
419.500000 130 11.401754 130.000000 11.401754
420.500000 115 10.723805 115.000000 10.723805
421.500000 128 11.313708 128.000000 11.313708
422.500000 154 12.409674 154.000000 12.409674
423.500000 164 12.806248 164.000000 12.806248
424.500000 143 11.958261 143.000000 11.958261
425.500000 100 10.000000 100.000000 10.000000
426.500000 140 11.832160 140.000000 11.832160
427.500000 132 11.489125 132.000000 11.489125
428.500000 150 12.247449 150.000000 12.247449
429.500000 128 11.313708 128.000000 11.313708
430.500000 131 11.445523 131.000000 11.445523
431.500000 155 12.449900 155.000000 12.449900
432.500000 144 12.000000 144.000000 12.000000
433.500000 107 10.344080 107.000000 10.344080
434.500000 126 11.224972 126.000000 11.224972
435.500000 121 11.000000 121.000000 11.000000
436.500000 150 12.247449 150.000000 12.247449
437.500000 110 10.488088 110.000000 10.488088
438.500000 141 11.874342 141.000000 11.874342
439.500000 110 10.488088 110.000000 10.488088
440.500000 131 11.445523 131.000000 11.445523
441.500000 108 10.392305 108.000000 10.392305
442.500000 111 10.535654 111.000000 10.535654
443.500000 188 13.711309 188.000000 13.711309
444.500000 83 9.110434 83.000000 9.110434
445.500000 134 11.575837 134.000000 11.575837
446.500000 172 13.114877 172.000000 13.114877
447.500000 136 11.661904 136.000000 11.661904
448.500000 150 12.247449 150.000000 12.247449
449.500000 114 10.677078 114.000000 10.677078
450.500000 140 11.832160 140.000000 11.832160
451.500000 118 10.862780 118.000000 10.862780
452.500000 136 11.661904 136.000000 11.661904
453.500000 122 11.045361 122.000000 11.045361
454.500000 139 11.789826 139.000000 11.789826
455.500000 114 10.677078 114.000000 10.677078
456.500000 95 9.746794 95.000000 9.746794
457.500000 103 10.148892 103.000000 10.148892
458.500000 167 12.922848 167.000000 12.922848
459.500000 116 10.770330 116.000000 10.770330
460.500000 91 9.539392 91.000000 9.539392
461.500000 105 10.246951 105.000000 10.246951
462.500000 104 10.198039 104.000000 10.198039
463.500000 101 10.049876 101.000000 10.049876
464.500000 96 9.797959 96.000000 9.797959
465.500000 120 10.954451 120.000000 10.954451
466.500000 94 9.695360 94.000000 9.695360
467.500000 98 9.899495 98.000000 9.899495
468.500000 95 9.746794 95.000000 9.746794
469.500000 102 10.099505 102.000000 10.099505
470.500000 88 9.380832 88.000000 9.380832
471.500000 107 10.344080 107.000000 10.344080
472.500000 97 9.848858 97.000000 9.848858
473.500000 105 10.246951 105.000000 10.246951
474.500000 101 10.049876 101.000000 10.049876
475.500000 113 10.630146 113.000000 10.630146
476.500000 96 9.797959 96.000000 9.797959
477.500000 137 11.704700 137.000000 11.704700
478.500000 83 9.110434 83.000000 9.110434
479.500000 61 7.810250 61.000000 7.810250
480.500000 58 7.615773 58.000000 7.615773
481.500000 96 9.797959 96.000000 9.797959
482.500000 86 9.273618 86.000000 9.273618
483.500000 75 8.660254 75.000000 8.660254
484.500000 30 5.477226 30.000000 5.477226
485.500000 74 8.602325 74.000000 8.602325
486.500000 95 9.746794 95.000000 9.746794
487.500000 57 7.549834 57.000000 7.549834
488.500000 72 8.485281 72.000000 8.485281
489.500000 68 8.246211 68.000000 8.246211
490.500000 59 7.681146 59.000000 7.681146
491.500000 88 9.380832 88.000000 9.380832
492.500000 63 7.937254 63.000000 7.937254
493.500000 45 6.708204 45.000000 6.708204
494.500000 75 8.660254 75.000000 8.660254
495.500000 29 5.385165 29.000000 5.385165
496.500000 69 8.306624 69.000000 8.306624
497.500000 80 8.944272 80.000000 8.944272
498.500000 70 8.366600 70.000000 8.366600
499.500000 61 7.810250 61.000000 7.810250
500.500000 75 8.660254 75.000000 8.660254
501.500000 81 9.000000 81.000000 9.000000
502.500000 77 8.774964 77.000000 8.774964
503.500000 61 7.810250 61.000000 7.810250
504.500000 40 6.324555 40.000000 6.324555
505.500000 40 6.324555 40.000000 6.324555
506.500000 91 9.539392 91.000000 9.539392
507.500000 76 8.717798 76.000000 8.717798
508.500000 75 8.660254 75.000000 8.660254
509.500000 85 9.219544 85.000000 9.219544
510.500000 49 7.000000 49.000000 7.000000
511.500000 51 7.141428 51.000000 7.141428
512.500000 50 7.071068 50.000000 7.071068
513.500000 65 8.062258 65.000000 8.062258
514.500000 50 7.071068 50.000000 7.071068
515.500000 59 7.681146 59.000000 7.681146
516.500000 54 7.348469 54.000000 7.348469
517.500000 18 4.242641 18.000000 4.242641
518.500000 61 7.810250 61.000000 7.810250
519.500000 39 6.244998 39.000000 6.244998
520.500000 74 8.602325 74.000000 8.602325
521.500000 80 8.944272 80.000000 8.944272
522.500000 50 7.071068 50.000000 7.071068
523.500000 44 6.633250 44.000000 6.633250
524.500000 76 8.717798 76.000000 8.717798
525.500000 27 5.196152 27.000000 5.196152
526.500000 40 6.324555 40.000000 6.324555
527.500000 61 7.810250 61.000000 7.810250
528.500000 56 7.483315 56.000000 7.483315
529.500000 39 6.244998 39.000000 6.244998
530.500000 53 7.280110 53.000000 7.280110
531.500000 48 6.928203 48.000000 6.928203
532.500000 18 4.242641 18.000000 4.242641
533.500000 49 7.000000 49.000000 7.000000
534.500000 65 8.062258 65.000000 8.062258
535.500000 27 5.196152 27.000000 5.196152
536.500000 51 7.141428 51.000000 7.141428
537.500000 62 7.874008 62.000000 7.874008
538.500000 44 6.633250 44.000000 6.633250
539.500000 41 6.403124 41.000000 6.403124
540.500000 39 6.244998 39.000000 6.244998
541.500000 41 6.403124 41.000000 6.403124
542.500000 42 6.480741 42.000000 6.480741
543.500000 23 4.795832 23.000000 4.795832
544.500000 51 7.141428 51.000000 7.141428
545.500000 32 5.656854 32.000000 5.656854
546.500000 29 5.385165 29.000000 5.385165
547.500000 43 6.557439 43.000000 6.557439
548.500000 29 5.385165 29.000000 5.385165
549.500000 14 3.741657 14.000000 3.741657
550.500000 43 6.557439 43.000000 6.557439
551.500000 27 5.196152 27.000000 5.196152
552.500000 54 7.348469 54.000000 7.348469
553.500000 35 5.916080 35.000000 5.916080
554.500000 30 5.477226 30.000000 5.477226
555.500000 39 6.244998 39.000000 6.244998
556.500000 45 6.708204 45.000000 6.708204
557.500000 22 4.690416 22.000000 4.690416
558.500000 33 5.744563 33.000000 5.744563
559.500000 39 6.244998 39.000000 6.244998
560.500000 23 4.795832 23.000000 4.795832
561.500000 22 4.690416 22.000000 4.690416
562.500000 8 2.828427 8.000000 2.828427
563.500000 56 7.483315 56.000000 7.483315
564.500000 16 4.000000 16.000000 4.000000
565.500000 21 4.582576 21.000000 4.582576
566.500000 9 3.000000 9.000000 3.000000
567.500000 20 4.472136 20.000000 4.472136
568.500000 37 6.082763 37.000000 6.082763
569.500000 30 5.477226 30.000000 5.477226
570.500000 6 2.449490 6.000000 2.449490
571.500000 34 5.830952 34.000000 5.830952
572.500000 31 5.567764 31.000000 5.567764
573.500000 24 4.898979 24.000000 4.898979
574.500000 26 5.099020 26.000000 5.099020
575.500000 7 2.645751 7.000000 2.645751
576.500000 0 0.000000 0.000000 0.000000
577.500000 39 6.244998 39.000000 6.244998
578.500000 45 6.708204 45.000000 6.708204
579.500000 36 6.000000 36.000000 6.000000
580.500000 42 6.480741 42.000000 6.480741
581.500000 38 6.164414 38.000000 6.164414
582.500000 25 5.000000 25.000000 5.000000
583.500000 30 5.477226 30.000000 5.477226
584.500000 23 4.795832 23.000000 4.795832
585.500000 -11 0.000000 -11.000000 0.000000
586.500000 34 5.830952 34.000000 5.830952
587.500000 15 3.872983 15.000000 3.872983
588.500000 46 6.782330 46.000000 6.782330
589.500000 21 4.582576 21.000000 4.582576
590.500000 10 3.162278 10.000000 3.162278
591.500000 36 6.000000 36.000000 6.000000
592.500000 17 4.123106 17.000000 4.123106
593.500000 6 2.449490 6.000000 2.449490
594.500000 21 4.582576 21.000000 4.582576
595.500000 9 3.000000 9.000000 3.000000
596.500000 14 3.741657 14.000000 3.741657
597.500000 29 5.385165 29.000000 5.385165
598.500000 60 7.745967 60.000000 7.745967
599.500000 0 0.000000 0.000000 0.000000
600.500000 18 4.242641 18.000000 4.242641
601.500000 10 3.162278 10.000000 3.162278
602.500000 10 3.162278 10.000000 3.162278
603.500000 30 5.477226 30.000000 5.477226
604.500000 11 3.316625 11.000000 3.316625
605.500000 5 2.236068 5.000000 2.236068
606.500000 13 3.605551 13.000000 3.605551
607.500000 -2 0.000000 -2.000000 0.000000
608.500000 13 3.605551 13.000000 3.605551
609.500000 24 4.898979 24.000000 4.898979
610.500000 -14 0.000000 -14.000000 0.000000
611.500000 19 4.358899 19.000000 4.358899
612.500000 43 6.557439 43.000000 6.557439
613.500000 -4 0.000000 -4.000000 0.000000
614.500000 30 5.477226 30.000000 5.477226
615.500000 24 4.898979 24.000000 4.898979
616.500000 21 4.582576 21.000000 4.582576
617.500000 1 1.000000 1.000000 1.000000
618.500000 40 6.324555 40.000000 6.324555
619.500000 17 4.123106 17.000000 4.123106
620.500000 15 3.872983 15.000000 3.872983
621.500000 34 5.830952 34.000000 5.830952
622.500000 18 4.242641 18.000000 4.242641
623.500000 36 6.000000 36.000000 6.000000
624.500000 38 6.164414 38.000000 6.164414
625.500000 15 3.872983 15.000000 3.872983
626.500000 21 4.582576 21.000000 4.582576
627.500000 7 2.645751 7.000000 2.645751
628.500000 4 2.000000 4.000000 2.000000
629.500000 28 5.291503 28.000000 5.291503
630.500000 24 4.898979 24.000000 4.898979
631.500000 49 7.000000 49.000000 7.000000
632.500000 1 1.000000 1.000000 1.000000
633.500000 42 6.480741 42.000000 6.480741
634.500000 11 3.316625 11.000000 3.316625
635.500000 17 4.123106 17.000000 4.123106
636.500000 36 6.000000 36.000000 6.000000
637.500000 -4 0.000000 -4.000000 0.000000
638.500000 -10 0.000000 -10.000000 0.000000
639.500000 32 5.656854 32.000000 5.656854
640.500000 39 6.244998 39.000000 6.244998
641.500000 32 5.656854 32.000000 5.656854
642.500000 28 5.291503 28.000000 5.291503
643.500000 27 5.196152 27.000000 5.196152
644.500000 18 4.242641 18.000000 4.242641
645.500000 20 4.472136 20.000000 4.472136
646.500000 12 3.464102 12.000000 3.464102
647.500000 16 4.000000 16.000000 4.000000
648.500000 14 3.741657 14.000000 3.741657
649.500000 25 5.000000 25.000000 5.000000
650.500000 39 6.244998 39.000000 6.244998
651.500000 10 3.162278 10.000000 3.162278
652.500000 23 4.795832 23.000000 4.795832
653.500000 22 4.690416 22.000000 4.690416
654.500000 12 3.464102 12.000000 3.464102
655.500000 41 6.403124 41.000000 6.403124
656.500000 24 4.898979 24.000000 4.898979
657.500000 20 4.472136 20.000000 4.472136
658.500000 26 5.099020 26.000000 5.099020
659.500000 15 3.872983 15.000000 3.872983
660.500000 36 6.000000 36.000000 6.000000
661.500000 22 4.690416 22.000000 4.690416
662.500000 24 4.898979 24.000000 4.898979
663.500000 7 2.645751 7.000000 2.645751
664.500000 16 4.000000 16.000000 4.000000
665.500000 -9 0.000000 -9.000000 0.000000
666.500000 13 3.605551 13.000000 3.605551
667.500000 13 3.605551 13.000000 3.605551
668.500000 13 3.605551 13.000000 3.605551
669.500000 20 4.472136 20.000000 4.472136
670.500000 10 3.162278 10.000000 3.162278
671.500000 31 5.567764 31.000000 5.567764
672.500000 18 4.242641 18.000000 4.242641
673.500000 19 4.358899 19.000000 4.358899
674.500000 6 2.449490 6.000000 2.449490
675.500000 25 5.000000 25.000000 5.000000
676.500000 2 1.414214 2.000000 1.414214
677.500000 26 5.099020 26.000000 5.099020
678.500000 34 5.830952 34.000000 5.830952
679.500000 37 6.082763 37.000000 6.082763
680.500000 5 2.236068 5.000000 2.236068
681.500000 -3 0.000000 -3.000000 0.000000
682.500000 29 5.385165 29.000000 5.385165
683.500000 26 5.099020 26.000000 5.099020
684.500000 13 3.605551 13.000000 3.605551
685.500000 23 4.795832 23.000000 4.795832
686.500000 9 3.000000 9.000000 3.000000
687.500000 29 5.385165 29.000000 5.385165
688.500000 21 4.582576 21.000000 4.582576
689.500000 2 1.414214 2.000000 1.414214
690.500000 17 4.123106 17.000000 4.123106
691.500000 19 4.358899 19.000000 4.358899
692.500000 16 4.000000 16.000000 4.000000
693.500000 11 3.316625 11.000000 3.316625
694.500000 13 3.605551 13.000000 3.605551
695.500000 22 4.690416 22.000000 4.690416
696.500000 14 3.741657 14.000000 3.741657
697.500000 13 3.605551 13.000000 3.605551
698.500000 22 4.690416 22.000000 4.690416
699.500000 22 4.690416 22.000000 4.690416
700.500000 25 5.000000 25.000000 5.000000
701.500000 4 2.000000 4.000000 2.000000
702.500000 41 6.403124 41.000000 6.403124
703.500000 34 5.830952 34.000000 5.830952
704.500000 16 4.000000 16.000000 4.000000
705.500000 15 3.872983 15.000000 3.872983
706.500000 41 6.403124 41.000000 6.403124
707.500000 20 4.472136 20.000000 4.472136
708.500000 15 3.872983 15.000000 3.872983
709.500000 16 4.000000 16.000000 4.000000
710.500000 20 4.472136 20.000000 4.472136
711.500000 37 6.082763 37.000000 6.082763
712.500000 23 4.795832 23.000000 4.795832
713.500000 25 5.000000 25.000000 5.000000
714.500000 7 2.645751 7.000000 2.645751
715.500000 26 5.099020 26.000000 5.099020
716.500000 38 6.164414 38.000000 6.164414
717.500000 5 2.236068 5.000000 2.236068
718.500000 18 4.242641 18.000000 4.242641
719.500000 21 4.582576 21.000000 4.582576
720.500000 0 0.000000 0.000000 0.000000
721.500000 25 5.000000 25.000000 5.000000
722.500000 11 3.316625 11.000000 3.316625
723.500000 8 2.828427 8.000000 2.828427
724.500000 19 4.358899 19.000000 4.358899
725.500000 20 4.472136 20.000000 4.472136
726.500000 37 6.082763 37.000000 6.082763
727.500000 13 3.605551 13.000000 3.605551
728.500000 23 4.795832 23.000000 4.795832
729.500000 -4 0.000000 -4.000000 0.000000
730.500000 19 4.358899 19.000000 4.358899
731.500000 21 4.582576 21.000000 4.582576
732.500000 20 4.472136 20.000000 4.472136
733.500000 20 4.472136 20.000000 4.472136
734.500000 3 1.732051 3.000000 1.732051
735.500000 6 2.449490 6.000000 2.449490
736.500000 27 5.196152 27.000000 5.196152
737.500000 1 1.000000 1.000000 1.000000
738.500000 8 2.828427 8.000000 2.828427
739.500000 14 3.741657 14.000000 3.741657
740.500000 18 4.242641 18.000000 4.242641
741.500000 17 4.123106 17.000000 4.123106
742.500000 12 3.464102 12.000000 3.464102
743.500000 11 3.316625 11.000000 3.316625
744.500000 19 4.358899 19.000000 4.358899
745.500000 2 1.414214 2.000000 1.414214
746.500000 10 3.162278 10.000000 3.162278
747.500000 22 4.690416 22.000000 4.690416
748.500000 42 6.480741 42.000000 6.480741
749.500000 -6 0.000000 -6.000000 0.000000
750.500000 -5 0.000000 -5.000000 0.000000
751.500000 7 2.645751 7.000000 2.645751
752.500000 6 2.449490 6.000000 2.449490
753.500000 12 3.464102 12.000000 3.464102
754.500000 19 4.358899 19.000000 4.358899
755.500000 32 5.656854 32.000000 5.656854
756.500000 23 4.795832 23.000000 4.795832
757.500000 3 1.732051 3.000000 1.732051
758.500000 22 4.690416 22.000000 4.690416
759.500000 12 3.464102 12.000000 3.464102
760.500000 19 4.358899 19.000000 4.358899
761.500000 3 1.732051 3.000000 1.732051
762.500000 6 2.449490 6.000000 2.449490
763.500000 8 2.828427 8.000000 2.828427
764.500000 -9 0.000000 -9.000000 0.000000
765.500000 2 1.414214 2.000000 1.414214
766.500000 20 4.472136 20.000000 4.472136
767.500000 6 2.449490 6.000000 2.449490
768.500000 -11 0.000000 -11.000000 0.000000
769.500000 24 4.898979 24.000000 4.898979
770.500000 31 5.567764 31.000000 5.567764
771.500000 25 5.000000 25.000000 5.000000
772.500000 21 4.582576 21.000000 4.582576
773.500000 16 4.000000 16.000000 4.000000
774.500000 18 4.242641 18.000000 4.242641
775.500000 9 3.000000 9.000000 3.000000
776.500000 18 4.242641 18.000000 4.242641
777.500000 1 1.000000 1.000000 1.000000
778.500000 12 3.464102 12.000000 3.464102
779.500000 19 4.358899 19.000000 4.358899
780.500000 8 2.828427 8.000000 2.828427
781.500000 34 5.830952 34.000000 5.830952
782.500000 14 3.741657 14.000000 3.741657
783.500000 16 4.000000 16.000000 4.000000
784.500000 9 3.000000 9.000000 3.000000
785.500000 0 0.000000 0.000000 0.000000
786.500000 12 3.464102 12.000000 3.464102
787.500000 8 2.828427 8.000000 2.828427
788.500000 29 5.385165 29.000000 5.385165
789.500000 19 4.358899 19.000000 4.358899
790.500000 14 3.741657 14.000000 3.741657
791.500000 6 2.449490 6.000000 2.449490
792.500000 21 4.582576 21.000000 4.582576
793.500000 -3 0.000000 -3.000000 0.000000
794.500000 -4 0.000000 -4.000000 0.000000
795.500000 2 1.414214 2.000000 1.414214
796.500000 26 5.099020 26.000000 5.099020
797.500000 24 4.898979 24.000000 4.898979
798.500000 8 2.828427 8.000000 2.828427
799.500000 4 2.000000 4.000000 2.000000
800.500000 22 4.690416 22.000000 4.690416
801.500000 10 3.162278 10.000000 3.162278
802.500000 7 2.645751 7.000000 2.645751
803.500000 23 4.795832 23.000000 4.795832
804.500000 22 4.690416 22.000000 4.690416
805.500000 23 4.795832 23.000000 4.795832
806.500000 12 3.464102 12.000000 3.464102
807.500000 8 2.828427 8.000000 2.828427
808.500000 8 2.828427 8.000000 2.828427
809.500000 6 2.449490 6.000000 2.449490
810.500000 21 4.582576 21.000000 4.582576
811.500000 15 3.872983 15.000000 3.872983
812.500000 31 5.567764 31.000000 5.567764
813.500000 15 3.872983 15.000000 3.872983
814.500000 17 4.123106 17.000000 4.123106
815.500000 5 2.236068 5.000000 2.236068
816.500000 20 4.472136 20.000000 4.472136
817.500000 4 2.000000 4.000000 2.000000
818.500000 15 3.872983 15.000000 3.872983
819.500000 3 1.732051 3.000000 1.732051
820.500000 17 4.123106 17.000000 4.123106
821.500000 13 3.605551 13.000000 3.605551
822.500000 18 4.242641 18.000000 4.242641
823.500000 22 4.690416 22.000000 4.690416
824.500000 14 3.741657 14.000000 3.741657
825.500000 19 4.358899 19.000000 4.358899
826.500000 19 4.358899 19.000000 4.358899
827.500000 27 5.196152 27.000000 5.196152
828.500000 10 3.162278 10.000000 3.162278
829.500000 12 3.464102 12.000000 3.464102
830.500000 21 4.582576 21.000000 4.582576
831.500000 25 5.000000 25.000000 5.000000
832.500000 21 4.582576 21.000000 4.582576
833.500000 -3 0.000000 -3.000000 0.000000
834.500000 23 4.795832 23.000000 4.795832
835.500000 30 5.477226 30.000000 5.477226
836.500000 17 4.123106 17.000000 4.123106
837.500000 27 5.196152 27.000000 5.196152
838.500000 5 2.236068 5.000000 2.236068
839.500000 14 3.741657 14.000000 3.741657
840.500000 -9 0.000000 -9.000000 0.000000
841.500000 6 2.449490 6.000000 2.449490
842.500000 16 4.000000 16.000000 4.000000
843.500000 18 4.242641 18.000000 4.242641
844.500000 10 3.162278 10.000000 3.162278
845.500000 10 3.162278 10.000000 3.162278
846.500000 24 4.898979 24.000000 4.898979
847.500000 11 3.316625 11.000000 3.316625
848.500000 18 4.242641 18.000000 4.242641
849.500000 10 3.162278 10.000000 3.162278
850.500000 8 2.828427 8.000000 2.828427
851.500000 3 1.732051 3.000000 1.732051
852.500000 15 3.872983 15.000000 3.872983
853.500000 9 3.000000 9.000000 3.000000
854.500000 7 2.645751 7.000000 2.645751
855.500000 17 4.123106 17.000000 4.123106
856.500000 12 3.464102 12.000000 3.464102
857.500000 23 4.795832 23.000000 4.795832
858.500000 17 4.123106 17.000000 4.123106
859.500000 9 3.000000 9.000000 3.000000
860.500000 24 4.898979 24.000000 4.898979
861.500000 19 4.358899 19.000000 4.358899
862.500000 11 3.316625 11.000000 3.316625
863.500000 25 5.000000 25.000000 5.000000
864.500000 20 4.472136 20.000000 4.472136
865.500000 3 1.732051 3.000000 1.732051
866.500000 9 3.000000 9.000000 3.000000
867.500000 8 2.828427 8.000000 2.828427
868.500000 14 3.741657 14.000000 3.741657
869.500000 5 2.236068 5.000000 2.236068
870.500000 18 4.242641 18.000000 4.242641
871.500000 4 2.000000 4.000000 2.000000
872.500000 10 3.162278 10.000000 3.162278
873.500000 10 3.162278 10.000000 3.162278
874.500000 15 3.872983 15.000000 3.872983
875.500000 28 5.291503 28.000000 5.291503
876.500000 7 2.645751 7.000000 2.645751
877.500000 -3 0.000000 -3.000000 0.000000
878.500000 5 2.236068 5.000000 2.236068
879.500000 15 3.872983 15.000000 3.872983
880.500000 14 3.741657 14.000000 3.741657
881.500000 19 4.358899 19.000000 4.358899
882.500000 13 3.605551 13.000000 3.605551
883.500000 11 3.316625 11.000000 3.316625
884.500000 9 3.000000 9.000000 3.000000
885.500000 12 3.464102 12.000000 3.464102
886.500000 7 2.645751 7.000000 2.645751
887.500000 7 2.645751 7.000000 2.645751
888.500000 -8 0.000000 -8.000000 0.000000
889.500000 9 3.000000 9.000000 3.000000
890.500000 12 3.464102 12.000000 3.464102
891.500000 15 3.872983 15.000000 3.872983
892.500000 -2 0.000000 -2.000000 0.000000
893.500000 21 4.582576 21.000000 4.582576
894.500000 12 3.464102 12.000000 3.464102
895.500000 2 1.414214 2.000000 1.414214
896.500000 14 3.741657 14.000000 3.741657
897.500000 13 3.605551 13.000000 3.605551
898.500000 4 2.000000 4.000000 2.000000
899.500000 1 1.000000 1.000000 1.000000
900.500000 20 4.472136 20.000000 4.472136
901.500000 32 5.656854 32.000000 5.656854
902.500000 18 4.242641 18.000000 4.242641
903.500000 11 3.316625 11.000000 3.316625
904.500000 5 2.236068 5.000000 2.236068
905.500000 12 3.464102 12.000000 3.464102
906.500000 25 5.000000 25.000000 5.000000
907.500000 6 2.449490 6.000000 2.449490
908.500000 7 2.645751 7.000000 2.645751
909.500000 7 2.645751 7.000000 2.645751
910.500000 26 5.099020 26.000000 5.099020
911.500000 12 3.464102 12.000000 3.464102
912.500000 16 4.000000 16.000000 4.000000
913.500000 18 4.242641 18.000000 4.242641
914.500000 4 2.000000 4.000000 2.000000
915.500000 -14 0.000000 -14.000000 0.000000
916.500000 -3 0.000000 -3.000000 0.000000
917.500000 12 3.464102 12.000000 3.464102
918.500000 0 0.000000 0.000000 0.000000
919.500000 13 3.605551 13.000000 3.605551
920.500000 20 4.472136 20.000000 4.472136
921.500000 14 3.741657 14.000000 3.741657
922.500000 16 4.000000 16.000000 4.000000
923.500000 31 5.567764 31.000000 5.567764
924.500000 23 4.795832 23.000000 4.795832
925.500000 25 5.000000 25.000000 5.000000
926.500000 17 4.123106 17.000000 4.123106
927.500000 17 4.123106 17.000000 4.123106
928.500000 15 3.872983 15.000000 3.872983
929.500000 8 2.828427 8.000000 2.828427
930.500000 15 3.872983 15.000000 3.872983
931.500000 5 2.236068 5.000000 2.236068
932.500000 22 4.690416 22.000000 4.690416
933.500000 7 2.645751 7.000000 2.645751
934.500000 21 4.582576 21.000000 4.582576
935.500000 10 3.162278 10.000000 3.162278
936.500000 7 2.645751 7.000000 2.645751
937.500000 13 3.605551 13.000000 3.605551
938.500000 12 3.464102 12.000000 3.464102
939.500000 14 3.741657 14.000000 3.741657
940.500000 -4 0.000000 -4.000000 0.000000
941.500000 8 2.828427 8.000000 2.828427
942.500000 32 5.656854 32.000000 5.656854
943.500000 3 1.732051 3.000000 1.732051
944.500000 14 3.741657 14.000000 3.741657
945.500000 12 3.464102 12.000000 3.464102
946.500000 19 4.358899 19.000000 4.358899
947.500000 10 3.162278 10.000000 3.162278
948.500000 0 0.000000 0.000000 0.000000
949.500000 -3 0.000000 -3.000000 0.000000
950.500000 12 3.464102 12.000000 3.464102
951.500000 2 1.414214 2.000000 1.414214
952.500000 18 4.242641 18.000000 4.242641
953.500000 10 3.162278 10.000000 3.162278
954.500000 10 3.162278 10.000000 3.162278
955.500000 14 3.741657 14.000000 3.741657
956.500000 7 2.645751 7.000000 2.645751
957.500000 5 2.236068 5.000000 2.236068
958.500000 15 3.872983 15.000000 3.872983
959.500000 -2 0.000000 -2.000000 0.000000
960.500000 14 3.741657 14.000000 3.741657
961.500000 17 4.123106 17.000000 4.123106
962.500000 12 3.464102 12.000000 3.464102
963.500000 12 3.464102 12.000000 3.464102
964.500000 34 5.830952 34.000000 5.830952
965.500000 9 3.000000 9.000000 3.000000
966.500000 8 2.828427 8.000000 2.828427
967.500000 10 3.162278 10.000000 3.162278
968.500000 1 1.000000 1.000000 1.000000
969.500000 16 4.000000 16.000000 4.000000
970.500000 14 3.741657 14.000000 3.741657
971.500000 20 4.472136 20.000000 4.472136
972.500000 14 3.741657 14.000000 3.741657
973.500000 0 0.000000 0.000000 0.000000
974.500000 10 3.162278 10.000000 3.162278
975.500000 1 1.000000 1.000000 1.000000
976.500000 11 3.316625 11.000000 3.316625
977.500000 -1 0.000000 -1.000000 0.000000
978.500000 7 2.645751 7.000000 2.645751
979.500000 6 2.449490 6.000000 2.449490
980.500000 12 3.464102 12.000000 3.464102
981.500000 22 4.690416 22.000000 4.690416
982.500000 9 3.000000 9.000000 3.000000
983.500000 4 2.000000 4.000000 2.000000
984.500000 -1 0.000000 -1.000000 0.000000
985.500000 15 3.872983 15.000000 3.872983
986.500000 18 4.242641 18.000000 4.242641
987.500000 1 1.000000 1.000000 1.000000
988.500000 12 3.464102 12.000000 3.464102
989.500000 10 3.162278 10.000000 3.162278
990.500000 13 3.605551 13.000000 3.605551
991.500000 9 3.000000 9.000000 3.000000
992.500000 9 3.000000 9.000000 3.000000
993.500000 15 3.872983 15.000000 3.872983
994.500000 24 4.898979 24.000000 4.898979
995.500000 12 3.464102 12.000000 3.464102
996.500000 12 3.464102 12.000000 3.464102
997.500000 9 3.000000 9.000000 3.000000
998.500000 3 1.732051 3.000000 1.732051
999.500000 -1 0.000000 -1.000000 0.000000
1000.500000 3 1.732051 3.000000 1.732051
1001.500000 18 4.242641 18.000000 4.242641
1002.500000 10 3.162278 10.000000 3.162278
1003.500000 17 4.123106 17.000000 4.123106
1004.500000 11 3.316625 11.000000 3.316625
1005.500000 22 4.690416 22.000000 4.690416
1006.500000 4 2.000000 4.000000 2.000000
1007.500000 12 3.464102 12.000000 3.464102
1008.500000 5 2.236068 5.000000 2.236068
1009.500000 13 3.605551 13.000000 3.605551
1010.500000 11 3.316625 11.000000 3.316625
1011.500000 15 3.872983 15.000000 3.872983
1012.500000 10 3.162278 10.000000 3.162278
1013.500000 9 3.000000 9.000000 3.000000
1014.500000 13 3.605551 13.000000 3.605551
1015.500000 5 2.236068 5.000000 2.236068
1016.500000 3 1.732051 3.000000 1.732051
1017.500000 3 1.732051 3.000000 1.732051
1018.500000 3 1.732051 3.000000 1.732051
1019.500000 -2 0.000000 -2.000000 0.000000
1020.500000 -1 0.000000 -1.000000 0.000000
1021.500000 20 4.472136 20.000000 4.472136
1022.500000 16 4.000000 16.000000 4.000000
1023.500000 -1 0.000000 -1.000000 0.000000
