# name, dx, fmax, fmax_err, norm_value, norm_vale_err
# outD_54Mn 1 5101 71.42128534267638 1 0
# bin_center, freq, freq_err, norm_freq, norm_freq_err
0.500000 0 0.000000 0.000000 0.000000
1.500000 0 0.000000 0.000000 0.000000
2.500000 0 0.000000 0.000000 0.000000
3.500000 0 0.000000 0.000000 0.000000
4.500000 0 0.000000 0.000000 0.000000
5.500000 0 0.000000 0.000000 0.000000
6.500000 17 4.123106 17.000000 4.123106
7.500000 284 16.852300 284.000000 16.852300
8.500000 1247 35.312887 1247.000000 35.312887
9.500000 2037 45.133136 2037.000000 45.133136
10.500000 2936 54.184869 2936.000000 54.184869
11.500000 3701 60.835845 3701.000000 60.835845
12.500000 3615 60.124870 3615.000000 60.124870
13.500000 3493 59.101607 3493.000000 59.101607
14.500000 3447 58.711157 3447.000000 58.711157
15.500000 3571 59.757845 3571.000000 59.757845
16.500000 3561 59.674115 3561.000000 59.674115
17.500000 3534 59.447456 3534.000000 59.447456
18.500000 3541 59.506302 3541.000000 59.506302
19.500000 3578 59.816386 3578.000000 59.816386
20.500000 3571 59.757845 3571.000000 59.757845
21.500000 3503 59.186147 3503.000000 59.186147
22.500000 3553 59.607047 3553.000000 59.607047
23.500000 3383 58.163562 3383.000000 58.163562
24.500000 3648 60.398675 3648.000000 60.398675
25.500000 3601 60.008333 3601.000000 60.008333
26.500000 3705 60.868711 3705.000000 60.868711
27.500000 3572 59.766211 3572.000000 59.766211
28.500000 3528 59.396970 3528.000000 59.396970
29.500000 3576 59.799666 3576.000000 59.799666
30.500000 3565 59.707621 3565.000000 59.707621
31.500000 3573 59.774577 3573.000000 59.774577
32.500000 3575 59.791304 3575.000000 59.791304
33.500000 3498 59.143892 3498.000000 59.143892
34.500000 3562 59.682493 3562.000000 59.682493
35.500000 3671 60.588778 3671.000000 60.588778
36.500000 3613 60.108236 3613.000000 60.108236
37.500000 3576 59.799666 3576.000000 59.799666
38.500000 3581 59.841457 3581.000000 59.841457
39.500000 3647 60.390397 3647.000000 60.390397
40.500000 3653 60.440053 3653.000000 60.440053
41.500000 3674 60.613530 3674.000000 60.613530
42.500000 3578 59.816386 3578.000000 59.816386
43.500000 3585 59.874870 3585.000000 59.874870
44.500000 3491 59.084685 3491.000000 59.084685
45.500000 3578 59.816386 3578.000000 59.816386
46.500000 3544 59.531504 3544.000000 59.531504
47.500000 3499 59.152346 3499.000000 59.152346
48.500000 3497 59.135438 3497.000000 59.135438
49.500000 3649 60.406953 3649.000000 60.406953
50.500000 3467 58.881236 3467.000000 58.881236
51.500000 3612 60.099917 3612.000000 60.099917
52.500000 3471 58.915193 3471.000000 58.915193
53.500000 3674 60.613530 3674.000000 60.613530
54.500000 3614 60.116553 3614.000000 60.116553
55.500000 3649 60.406953 3649.000000 60.406953
56.500000 3588 59.899917 3588.000000 59.899917
57.500000 3580 59.833101 3580.000000 59.833101
58.500000 3617 60.141500 3617.000000 60.141500
59.500000 3738 61.139185 3738.000000 61.139185
60.500000 3688 60.728906 3688.000000 60.728906
61.500000 3738 61.139185 3738.000000 61.139185
62.500000 3708 60.893349 3708.000000 60.893349
63.500000 3669 60.572271 3669.000000 60.572271
64.500000 3649 60.406953 3649.000000 60.406953
65.500000 3750 61.237244 3750.000000 61.237244
66.500000 3688 60.728906 3688.000000 60.728906
67.500000 3798 61.627916 3798.000000 61.627916
68.500000 3756 61.286214 3756.000000 61.286214
69.500000 3661 60.506198 3661.000000 60.506198
70.500000 3728 61.057350 3728.000000 61.057350
71.500000 3783 61.506097 3783.000000 61.506097
72.500000 3693 60.770058 3693.000000 60.770058
73.500000 3773 61.424751 3773.000000 61.424751
74.500000 3852 62.064483 3852.000000 62.064483
75.500000 3918 62.593929 3918.000000 62.593929
76.500000 3819 61.798058 3819.000000 61.798058
77.500000 3786 61.530480 3786.000000 61.530480
78.500000 3872 62.225397 3872.000000 62.225397
79.500000 3763 61.343296 3763.000000 61.343296
80.500000 3840 61.967734 3840.000000 61.967734
81.500000 3885 62.329768 3885.000000 62.329768
82.500000 3851 62.056426 3851.000000 62.056426
83.500000 3911 62.537988 3911.000000 62.537988
84.500000 4025 63.442888 4025.000000 63.442888
85.500000 3812 61.741396 3812.000000 61.741396
86.500000 3998 63.229740 3998.000000 63.229740
87.500000 3948 62.833112 3948.000000 62.833112
88.500000 3949 62.841069 3949.000000 62.841069
89.500000 4040 63.560994 4040.000000 63.560994
90.500000 3980 63.087241 3980.000000 63.087241
91.500000 4001 63.253458 4001.000000 63.253458
92.500000 4026 63.450768 4026.000000 63.450768
93.500000 4108 64.093681 4108.000000 64.093681
94.500000 4055 63.678882 4055.000000 63.678882
95.500000 4124 64.218377 4124.000000 64.218377
96.500000 4091 63.960926 4091.000000 63.960926
97.500000 4157 64.474801 4157.000000 64.474801
98.500000 4166 64.544558 4166.000000 64.544558
99.500000 4294 65.528620 4294.000000 65.528620
100.500000 4356 66.000000 4356.000000 66.000000
101.500000 4185 64.691576 4185.000000 64.691576
102.500000 4383 66.204229 4383.000000 66.204229
103.500000 4426 66.528190 4426.000000 66.528190
104.500000 4343 65.901442 4343.000000 65.901442
105.500000 4529 67.297845 4529.000000 67.297845
106.500000 4528 67.290415 4528.000000 67.290415
107.500000 4483 66.955209 4483.000000 66.955209
108.500000 4538 67.364679 4538.000000 67.364679
109.500000 4457 66.760767 4457.000000 66.760767
110.500000 4457 66.760767 4457.000000 66.760767
111.500000 4562 67.542579 4562.000000 67.542579
112.500000 4558 67.512962 4558.000000 67.512962
113.500000 4839 69.562921 4839.000000 69.562921
114.500000 4717 68.680419 4717.000000 68.680419
115.500000 4806 69.325320 4806.000000 69.325320
116.500000 4609 67.889616 4609.000000 67.889616
117.500000 4831 69.505395 4831.000000 69.505395
118.500000 4754 68.949257 4754.000000 68.949257
119.500000 4822 69.440622 4822.000000 69.440622
120.500000 4941 70.292247 4941.000000 70.292247
121.500000 5070 71.203932 5070.000000 71.203932
122.500000 4984 70.597450 4984.000000 70.597450
123.500000 4966 70.469852 4966.000000 70.469852
124.500000 4870 69.785385 4870.000000 69.785385
125.500000 4904 70.028566 4904.000000 70.028566
126.500000 5079 71.267103 5079.000000 71.267103
127.500000 5101 71.421285 5101.000000 71.421285
128.500000 5049 71.056316 5049.000000 71.056316
129.500000 5089 71.337227 5089.000000 71.337227
130.500000 4997 70.689462 4997.000000 70.689462
131.500000 4906 70.042844 4906.000000 70.042844
132.500000 4950 70.356236 4950.000000 70.356236
133.500000 4953 70.377553 4953.000000 70.377553
134.500000 5080 71.274119 5080.000000 71.274119
135.500000 4828 69.483811 4828.000000 69.483811
136.500000 5002 70.724819 5002.000000 70.724819
137.500000 4905 70.035705 4905.000000 70.035705
138.500000 4958 70.413067 4958.000000 70.413067
139.500000 4915 70.107061 4915.000000 70.107061
140.500000 4912 70.085662 4912.000000 70.085662
141.500000 4931 70.221079 4931.000000 70.221079
142.500000 4739 68.840395 4739.000000 68.840395
143.500000 4843 69.591666 4843.000000 69.591666
144.500000 4943 70.306472 4943.000000 70.306472
145.500000 4716 68.673139 4716.000000 68.673139
146.500000 4684 68.439755 4684.000000 68.439755
147.500000 4744 68.876701 4744.000000 68.876701
148.500000 4691 68.490875 4691.000000 68.490875
149.500000 4793 69.231496 4793.000000 69.231496
150.500000 4612 67.911707 4612.000000 67.911707
151.500000 4655 68.227560 4655.000000 68.227560
152.500000 4484 66.962676 4484.000000 66.962676
153.500000 4643 68.139563 4643.000000 68.139563
154.500000 4551 67.461100 4551.000000 67.461100
155.500000 4634 68.073490 4634.000000 68.073490
156.500000 4511 67.163978 4511.000000 67.163978
157.500000 4510 67.156534 4510.000000 67.156534
158.500000 4531 67.312703 4531.000000 67.312703
159.500000 4507 67.134194 4507.000000 67.134194
160.500000 4335 65.840717 4335.000000 65.840717
161.500000 4275 65.383484 4275.000000 65.383484
162.500000 4365 66.068147 4365.000000 66.068147
163.500000 4243 65.138314 4243.000000 65.138314
164.500000 4163 64.521314 4163.000000 64.521314
165.500000 4210 64.884513 4210.000000 64.884513
166.500000 4200 64.807407 4200.000000 64.807407
167.500000 4308 65.635356 4308.000000 65.635356
168.500000 4123 64.210591 4123.000000 64.210591
169.500000 4134 64.296190 4134.000000 64.296190
170.500000 4100 64.031242 4100.000000 64.031242
171.500000 4146 64.389440 4146.000000 64.389440
172.500000 4095 63.992187 4095.000000 63.992187
173.500000 4016 63.371918 4016.000000 63.371918
174.500000 4009 63.316664 4009.000000 63.316664
175.500000 3974 63.039670 3974.000000 63.039670
176.500000 3939 62.761453 3939.000000 62.761453
177.500000 3860 62.128898 3860.000000 62.128898
178.500000 3906 62.498000 3906.000000 62.498000
179.500000 3947 62.825154 3947.000000 62.825154
180.500000 3820 61.806149 3820.000000 61.806149
181.500000 3828 61.870833 3828.000000 61.870833
182.500000 3819 61.798058 3819.000000 61.798058
183.500000 3811 61.733297 3811.000000 61.733297
184.500000 3763 61.343296 3763.000000 61.343296
185.500000 3752 61.253571 3752.000000 61.253571
186.500000 3779 61.473572 3779.000000 61.473572
187.500000 3762 61.335145 3762.000000 61.335145
188.500000 3842 61.983869 3842.000000 61.983869
189.500000 3716 60.959003 3716.000000 60.959003
190.500000 3692 60.761830 3692.000000 60.761830
191.500000 3682 60.679486 3682.000000 60.679486
192.500000 3685 60.704201 3685.000000 60.704201
193.500000 3690 60.745370 3690.000000 60.745370
194.500000 3685 60.704201 3685.000000 60.704201
195.500000 3602 60.016664 3602.000000 60.016664
196.500000 3480 58.991525 3480.000000 58.991525
197.500000 3546 59.548300 3546.000000 59.548300
198.500000 3450 58.736701 3450.000000 58.736701
199.500000 3479 58.983048 3479.000000 58.983048
200.500000 3409 58.386642 3409.000000 58.386642
201.500000 3610 60.083276 3610.000000 60.083276
202.500000 3591 59.924953 3591.000000 59.924953
203.500000 3357 57.939624 3357.000000 57.939624
204.500000 3479 58.983048 3479.000000 58.983048
205.500000 3463 58.847260 3463.000000 58.847260
206.500000 3486 59.042358 3486.000000 59.042358
207.500000 3496 59.126982 3496.000000 59.126982
208.500000 3402 58.326666 3402.000000 58.326666
209.500000 3330 57.706152 3330.000000 57.706152
210.500000 3453 58.762233 3453.000000 58.762233
211.500000 3450 58.736701 3450.000000 58.736701
212.500000 3404 58.343809 3404.000000 58.343809
213.500000 3302 57.463032 3302.000000 57.463032
214.500000 3406 58.360946 3406.000000 58.360946
215.500000 3301 57.454330 3301.000000 57.454330
216.500000 3245 56.964901 3245.000000 56.964901
217.500000 3302 57.463032 3302.000000 57.463032
218.500000 3352 57.896459 3352.000000 57.896459
219.500000 3257 57.070132 3257.000000 57.070132
220.500000 3209 56.648036 3209.000000 56.648036
221.500000 3234 56.868269 3234.000000 56.868269
222.500000 3218 56.727418 3218.000000 56.727418
223.500000 3297 57.419509 3297.000000 57.419509
224.500000 3304 57.480431 3304.000000 57.480431
225.500000 3247 56.982453 3247.000000 56.982453
226.500000 3209 56.648036 3209.000000 56.648036
227.500000 3288 57.341085 3288.000000 57.341085
228.500000 3212 56.674509 3212.000000 56.674509
229.500000 3223 56.771472 3223.000000 56.771472
230.500000 3058 55.299186 3058.000000 55.299186
231.500000 3235 56.877060 3235.000000 56.877060
232.500000 3160 56.213877 3160.000000 56.213877
233.500000 3187 56.453521 3187.000000 56.453521
234.500000 3246 56.973678 3246.000000 56.973678
235.500000 3192 56.497788 3192.000000 56.497788
236.500000 3170 56.302753 3170.000000 56.302753
237.500000 3138 56.017854 3138.000000 56.017854
238.500000 3137 56.008928 3137.000000 56.008928
239.500000 3134 55.982140 3134.000000 55.982140
240.500000 3168 56.284989 3168.000000 56.284989
241.500000 3023 54.981815 3023.000000 54.981815
242.500000 3111 55.776339 3111.000000 55.776339
243.500000 3213 56.683331 3213.000000 56.683331
244.500000 2986 54.644304 2986.000000 54.644304
245.500000 3044 55.172457 3044.000000 55.172457
246.500000 3032 55.063600 3032.000000 55.063600
247.500000 3037 55.108983 3037.000000 55.108983
248.500000 3135 55.991071 3135.000000 55.991071
249.500000 3091 55.596762 3091.000000 55.596762
250.500000 3072 55.425626 3072.000000 55.425626
251.500000 3050 55.226805 3050.000000 55.226805
252.500000 3164 56.249444 3164.000000 56.249444
253.500000 2992 54.699177 2992.000000 54.699177
254.500000 3098 55.659680 3098.000000 55.659680
255.500000 3008 54.845237 3008.000000 54.845237
256.500000 3039 55.127126 3039.000000 55.127126
257.500000 3074 55.443665 3074.000000 55.443665
258.500000 2968 54.479354 2968.000000 54.479354
259.500000 3030 55.045436 3030.000000 55.045436
260.500000 2964 54.442630 2964.000000 54.442630
261.500000 2996 54.735729 2996.000000 54.735729
262.500000 3015 54.909016 3015.000000 54.909016
263.500000 2967 54.470175 2967.000000 54.470175
264.500000 3060 55.317267 3060.000000 55.317267
265.500000 2899 53.842363 2899.000000 53.842363
266.500000 3055 55.272054 3055.000000 55.272054
267.500000 2993 54.708317 2993.000000 54.708317
268.500000 2948 54.295488 2948.000000 54.295488
269.500000 2968 54.479354 2968.000000 54.479354
270.500000 3004 54.808758 3004.000000 54.808758
271.500000 2909 53.935146 2909.000000 53.935146
272.500000 2997 54.744863 2997.000000 54.744863
273.500000 2976 54.552727 2976.000000 54.552727
274.500000 2920 54.037024 2920.000000 54.037024
275.500000 2927 54.101756 2927.000000 54.101756
276.500000 2948 54.295488 2948.000000 54.295488
277.500000 2947 54.286278 2947.000000 54.286278
278.500000 2911 53.953684 2911.000000 53.953684
279.500000 2978 54.571055 2978.000000 54.571055
280.500000 2852 53.404120 2852.000000 53.404120
281.500000 2957 54.378304 2957.000000 54.378304
282.500000 2903 53.879495 2903.000000 53.879495
283.500000 2962 54.424259 2962.000000 54.424259
284.500000 3019 54.945427 3019.000000 54.945427
285.500000 2879 53.656314 2879.000000 53.656314
286.500000 3039 55.127126 3039.000000 55.127126
287.500000 2934 54.166410 2934.000000 54.166410
288.500000 2849 53.376025 2849.000000 53.376025
289.500000 2889 53.749419 2889.000000 53.749419
290.500000 2889 53.749419 2889.000000 53.749419
291.500000 3065 55.362442 3065.000000 55.362442
292.500000 2968 54.479354 2968.000000 54.479354
293.500000 2893 53.786615 2893.000000 53.786615
294.500000 2895 53.805204 2895.000000 53.805204
295.500000 2914 53.981478 2914.000000 53.981478
296.500000 2976 54.552727 2976.000000 54.552727
297.500000 3074 55.443665 3074.000000 55.443665
298.500000 3008 54.845237 3008.000000 54.845237
299.500000 2995 54.726593 2995.000000 54.726593
300.500000 2847 53.357286 2847.000000 53.357286
301.500000 2891 53.768020 2891.000000 53.768020
302.500000 3008 54.845237 3008.000000 54.845237
303.500000 2906 53.907328 2906.000000 53.907328
304.500000 2974 54.534393 2974.000000 54.534393
305.500000 2933 54.157179 2933.000000 54.157179
306.500000 2924 54.074023 2924.000000 54.074023
307.500000 2926 54.092513 2926.000000 54.092513
308.500000 2959 54.396691 2959.000000 54.396691
309.500000 2873 53.600373 2873.000000 53.600373
310.500000 2972 54.516053 2972.000000 54.516053
311.500000 2885 53.712196 2885.000000 53.712196
312.500000 3005 54.817880 3005.000000 54.817880
313.500000 2942 54.240206 2942.000000 54.240206
314.500000 2976 54.552727 2976.000000 54.552727
315.500000 2979 54.580216 2979.000000 54.580216
316.500000 2923 54.064776 2923.000000 54.064776
317.500000 2950 54.313902 2950.000000 54.313902
318.500000 2942 54.240206 2942.000000 54.240206
319.500000 3005 54.817880 3005.000000 54.817880
320.500000 2904 53.888774 2904.000000 53.888774
321.500000 2881 53.674948 2881.000000 53.674948
322.500000 2928 54.110997 2928.000000 54.110997
323.500000 2867 53.544374 2867.000000 53.544374
324.500000 2984 54.626001 2984.000000 54.626001
325.500000 3021 54.963624 3021.000000 54.963624
326.500000 3008 54.845237 3008.000000 54.845237
327.500000 2980 54.589376 2980.000000 54.589376
328.500000 2971 54.506880 2971.000000 54.506880
329.500000 2917 54.009258 2917.000000 54.009258
330.500000 2969 54.488531 2969.000000 54.488531
331.500000 3003 54.799635 3003.000000 54.799635
332.500000 2844 53.329167 2844.000000 53.329167
333.500000 2993 54.708317 2993.000000 54.708317
334.500000 2909 53.935146 2909.000000 53.935146
335.500000 3062 55.335341 3062.000000 55.335341
336.500000 2986 54.644304 2986.000000 54.644304
337.500000 2928 54.110997 2928.000000 54.110997
338.500000 2939 54.212545 2939.000000 54.212545
339.500000 2971 54.506880 2971.000000 54.506880
340.500000 2972 54.516053 2972.000000 54.516053
341.500000 2971 54.506880 2971.000000 54.506880
342.500000 2971 54.506880 2971.000000 54.506880
343.500000 2920 54.037024 2920.000000 54.037024
344.500000 3065 55.362442 3065.000000 55.362442
345.500000 2952 54.332311 2952.000000 54.332311
346.500000 2936 54.184869 2936.000000 54.184869
347.500000 2872 53.591044 2872.000000 53.591044
348.500000 2977 54.561891 2977.000000 54.561891
349.500000 3035 55.090834 3035.000000 55.090834
350.500000 2926 54.092513 2926.000000 54.092513
351.500000 2941 54.230987 2941.000000 54.230987
352.500000 2799 52.905576 2799.000000 52.905576
353.500000 2899 53.842363 2899.000000 53.842363
354.500000 2929 54.120237 2929.000000 54.120237
355.500000 2986 54.644304 2986.000000 54.644304
356.500000 3008 54.845237 3008.000000 54.845237
357.500000 3102 55.695601 3102.000000 55.695601
358.500000 3070 55.407581 3070.000000 55.407581
359.500000 2906 53.907328 2906.000000 53.907328
360.500000 2998 54.753995 2998.000000 54.753995
361.500000 2904 53.888774 2904.000000 53.888774
362.500000 2969 54.488531 2969.000000 54.488531
363.500000 3067 55.380502 3067.000000 55.380502
364.500000 2965 54.451814 2965.000000 54.451814
365.500000 3007 54.836119 3007.000000 54.836119
366.500000 3008 54.845237 3008.000000 54.845237
367.500000 2941 54.230987 2941.000000 54.230987
368.500000 2997 54.744863 2997.000000 54.744863
369.500000 2957 54.378304 2957.000000 54.378304
370.500000 2911 53.953684 2911.000000 53.953684
371.500000 3022 54.972721 3022.000000 54.972721
372.500000 2986 54.644304 2986.000000 54.644304
373.500000 3019 54.945427 3019.000000 54.945427
374.500000 2877 53.637673 2877.000000 53.637673
375.500000 3009 54.854353 3009.000000 54.854353
376.500000 3020 54.954527 3020.000000 54.954527
377.500000 2959 54.396691 2959.000000 54.396691
378.500000 3029 55.036352 3029.000000 55.036352
379.500000 2906 53.907328 2906.000000 53.907328
380.500000 2875 53.619026 2875.000000 53.619026
381.500000 2928 54.110997 2928.000000 54.110997
382.500000 2889 53.749419 2889.000000 53.749419
383.500000 2888 53.740115 2888.000000 53.740115
384.500000 2954 54.350713 2954.000000 54.350713
385.500000 2859 53.469618 2859.000000 53.469618
386.500000 2902 53.870214 2902.000000 53.870214
387.500000 2899 53.842363 2899.000000 53.842363
388.500000 2958 54.387499 2958.000000 54.387499
389.500000 2846 53.347915 2846.000000 53.347915
390.500000 2811 53.018865 2811.000000 53.018865
391.500000 2889 53.749419 2889.000000 53.749419
392.500000 2858 53.460266 2858.000000 53.460266
393.500000 2755 52.488094 2755.000000 52.488094
394.500000 2876 53.628351 2876.000000 53.628351
395.500000 2810 53.009433 2810.000000 53.009433
396.500000 2873 53.600373 2873.000000 53.600373
397.500000 2678 51.749396 2678.000000 51.749396
398.500000 2744 52.383203 2744.000000 52.383203
399.500000 2776 52.687759 2776.000000 52.687759
400.500000 2691 51.874849 2691.000000 51.874849
401.500000 2679 51.759057 2679.000000 51.759057
402.500000 2714 52.096065 2714.000000 52.096065
403.500000 2682 51.788030 2682.000000 51.788030
404.500000 2678 51.749396 2678.000000 51.749396
405.500000 2591 50.901866 2591.000000 50.901866
406.500000 2635 51.332251 2635.000000 51.332251
407.500000 2642 51.400389 2642.000000 51.400389
408.500000 2546 50.457903 2546.000000 50.457903
409.500000 2601 51.000000 2601.000000 51.000000
410.500000 2540 50.398413 2540.000000 50.398413
411.500000 2452 49.517674 2452.000000 49.517674
412.500000 2471 49.709154 2471.000000 49.709154
413.500000 2525 50.249378 2525.000000 50.249378
414.500000 2432 49.315312 2432.000000 49.315312
415.500000 2535 50.348784 2535.000000 50.348784
416.500000 2453 49.527770 2453.000000 49.527770
417.500000 2341 48.383882 2341.000000 48.383882
418.500000 2301 47.968740 2301.000000 47.968740
419.500000 2304 48.000000 2304.000000 48.000000
420.500000 2220 47.116876 2220.000000 47.116876
421.500000 2316 48.124838 2316.000000 48.124838
422.500000 2329 48.259714 2329.000000 48.259714
423.500000 2279 47.738873 2279.000000 47.738873
424.500000 2274 47.686476 2274.000000 47.686476
425.500000 2206 46.968074 2206.000000 46.968074
426.500000 2121 46.054316 2121.000000 46.054316
427.500000 2128 46.130250 2128.000000 46.130250
428.500000 2176 46.647615 2176.000000 46.647615
429.500000 2084 45.650849 2084.000000 45.650849
430.500000 2123 46.076024 2123.000000 46.076024
431.500000 2100 45.825757 2100.000000 45.825757
432.500000 2128 46.130250 2128.000000 46.130250
433.500000 2071 45.508241 2071.000000 45.508241
434.500000 2026 45.011110 2026.000000 45.011110
435.500000 2021 44.955534 2021.000000 44.955534
436.500000 2023 44.977772 2023.000000 44.977772
437.500000 1903 43.623388 1903.000000 43.623388
438.500000 1955 44.215382 1955.000000 44.215382
439.500000 1994 44.654227 1994.000000 44.654227
440.500000 1859 43.116122 1859.000000 43.116122
441.500000 1888 43.451122 1888.000000 43.451122
442.500000 1813 42.579338 1813.000000 42.579338
443.500000 1908 43.680659 1908.000000 43.680659
444.500000 1740 41.713307 1740.000000 41.713307
445.500000 1840 42.895221 1840.000000 42.895221
446.500000 1787 42.272923 1787.000000 42.272923
447.500000 1854 43.058100 1854.000000 43.058100
448.500000 1803 42.461747 1803.000000 42.461747
449.500000 1742 41.737274 1742.000000 41.737274
450.500000 1795 42.367440 1795.000000 42.367440
451.500000 1725 41.533119 1725.000000 41.533119
452.500000 1755 41.892720 1755.000000 41.892720
453.500000 1724 41.521079 1724.000000 41.521079
454.500000 1757 41.916584 1757.000000 41.916584
455.500000 1754 41.880783 1754.000000 41.880783
456.500000 1647 40.583248 1647.000000 40.583248
457.500000 1694 41.158231 1694.000000 41.158231
458.500000 1731 41.605288 1731.000000 41.605288
459.500000 1700 41.231056 1700.000000 41.231056
460.500000 1698 41.206796 1698.000000 41.206796
461.500000 1656 40.693980 1656.000000 40.693980
462.500000 1636 40.447497 1636.000000 40.447497
463.500000 1716 41.424630 1716.000000 41.424630
464.500000 1718 41.448764 1718.000000 41.448764
465.500000 1654 40.669399 1654.000000 40.669399
466.500000 1618 40.224371 1618.000000 40.224371
467.500000 1658 40.718546 1658.000000 40.718546
468.500000 1644 40.546270 1644.000000 40.546270
469.500000 1660 40.743098 1660.000000 40.743098
470.500000 1621 40.261644 1621.000000 40.261644
471.500000 1634 40.422766 1634.000000 40.422766
472.500000 1696 41.182521 1696.000000 41.182521
473.500000 1635 40.435133 1635.000000 40.435133
474.500000 1769 42.059482 1769.000000 42.059482
475.500000 1601 40.012498 1601.000000 40.012498
476.500000 1776 42.142615 1776.000000 42.142615
477.500000 1737 41.677332 1737.000000 41.677332
478.500000 1670 40.865633 1670.000000 40.865633
479.500000 1793 42.343831 1793.000000 42.343831
480.500000 1783 42.225585 1783.000000 42.225585
481.500000 1828 42.755117 1828.000000 42.755117
482.500000 1846 42.965102 1846.000000 42.965102
483.500000 1759 41.940434 1759.000000 41.940434
484.500000 1763 41.988094 1763.000000 41.988094
485.500000 1759 41.940434 1759.000000 41.940434
486.500000 1866 43.197222 1866.000000 43.197222
487.500000 1943 44.079474 1943.000000 44.079474
488.500000 1933 43.965896 1933.000000 43.965896
489.500000 1931 43.943145 1931.000000 43.943145
490.500000 1993 44.643029 1993.000000 44.643029
491.500000 2055 45.332108 2055.000000 45.332108
492.500000 1993 44.643029 1993.000000 44.643029
493.500000 2019 44.933284 2019.000000 44.933284
494.500000 2081 45.617979 2081.000000 45.617979
495.500000 2119 46.032597 2119.000000 46.032597
496.500000 2087 45.683695 2087.000000 45.683695
497.500000 2215 47.063787 2215.000000 47.063787
498.500000 2171 46.593991 2171.000000 46.593991
499.500000 2217 47.085029 2217.000000 47.085029
500.500000 2296 47.916594 2296.000000 47.916594
501.500000 2236 47.286362 2236.000000 47.286362
502.500000 2320 48.166378 2320.000000 48.166378
503.500000 2377 48.754487 2377.000000 48.754487
504.500000 2393 48.918299 2393.000000 48.918299
505.500000 2406 49.050994 2406.000000 49.050994
506.500000 2438 49.376108 2438.000000 49.376108
507.500000 2574 50.734604 2574.000000 50.734604
508.500000 2584 50.833060 2584.000000 50.833060
509.500000 2561 50.606324 2561.000000 50.606324
510.500000 2536 50.358713 2536.000000 50.358713
511.500000 2645 51.429563 2645.000000 51.429563
512.500000 2678 51.749396 2678.000000 51.749396
513.500000 2709 52.048055 2709.000000 52.048055
514.500000 2581 50.803543 2581.000000 50.803543
515.500000 2742 52.364110 2742.000000 52.364110
516.500000 2578 50.774009 2578.000000 50.774009
517.500000 2803 52.943366 2803.000000 52.943366
518.500000 2791 52.829916 2791.000000 52.829916
519.500000 2819 53.094256 2819.000000 53.094256
520.500000 2878 53.646994 2878.000000 53.646994
521.500000 2942 54.240206 2942.000000 54.240206
522.500000 2978 54.571055 2978.000000 54.571055
523.500000 2853 53.413481 2853.000000 53.413481
524.500000 2939 54.212545 2939.000000 54.212545
525.500000 2878 53.646994 2878.000000 53.646994
526.500000 2940 54.221767 2940.000000 54.221767
527.500000 2988 54.662601 2988.000000 54.662601
528.500000 2902 53.870214 2902.000000 53.870214
529.500000 3058 55.299186 3058.000000 55.299186
530.500000 3017 54.927225 3017.000000 54.927225
531.500000 3094 55.623736 3094.000000 55.623736
532.500000 3080 55.497748 3080.000000 55.497748
533.500000 3172 56.320511 3172.000000 56.320511
534.500000 3031 55.054518 3031.000000 55.054518
535.500000 3040 55.136195 3040.000000 55.136195
536.500000 3104 55.713553 3104.000000 55.713553
537.500000 3016 54.918121 3016.000000 54.918121
538.500000 3056 55.281100 3056.000000 55.281100
539.500000 3019 54.945427 3019.000000 54.945427
540.500000 3014 54.899909 3014.000000 54.899909
541.500000 3047 55.199638 3047.000000 55.199638
542.500000 3024 54.990908 3024.000000 54.990908
543.500000 3007 54.836119 3007.000000 54.836119
544.500000 2997 54.744863 2997.000000 54.744863
545.500000 2931 54.138711 2931.000000 54.138711
546.500000 3055 55.272054 3055.000000 55.272054
547.500000 3013 54.890801 3013.000000 54.890801
548.500000 3122 55.874860 3122.000000 55.874860
549.500000 3008 54.845237 3008.000000 54.845237
550.500000 3035 55.090834 3035.000000 55.090834
551.500000 2924 54.074023 2924.000000 54.074023
552.500000 2902 53.870214 2902.000000 53.870214
553.500000 2828 53.178943 2828.000000 53.178943
554.500000 2882 53.684262 2882.000000 53.684262
555.500000 2839 53.282267 2839.000000 53.282267
556.500000 2967 54.470175 2967.000000 54.470175
557.500000 2766 52.592775 2766.000000 52.592775
558.500000 2675 51.720402 2675.000000 51.720402
559.500000 2833 53.225934 2833.000000 53.225934
560.500000 2742 52.364110 2742.000000 52.364110
561.500000 2644 51.419841 2644.000000 51.419841
562.500000 2667 51.643005 2667.000000 51.643005
563.500000 2599 50.980388 2599.000000 50.980388
564.500000 2650 51.478151 2650.000000 51.478151
565.500000 2572 50.714889 2572.000000 50.714889
566.500000 2582 50.813384 2582.000000 50.813384
567.500000 2549 50.487622 2549.000000 50.487622
568.500000 2471 49.709154 2471.000000 49.709154
569.500000 2559 50.586559 2559.000000 50.586559
570.500000 2428 49.274740 2428.000000 49.274740
571.500000 2422 49.213819 2422.000000 49.213819
572.500000 2404 49.030603 2404.000000 49.030603
573.500000 2411 49.101935 2411.000000 49.101935
574.500000 2323 48.197510 2323.000000 48.197510
575.500000 2240 47.328638 2240.000000 47.328638
576.500000 2177 46.658333 2177.000000 46.658333
577.500000 2356 48.538644 2356.000000 48.538644
578.500000 2278 47.728398 2278.000000 47.728398
579.500000 2145 46.314145 2145.000000 46.314145
580.500000 2153 46.400431 2153.000000 46.400431
581.500000 2025 45.000000 2025.000000 45.000000
582.500000 2033 45.088801 2033.000000 45.088801
583.500000 2065 45.442271 2065.000000 45.442271
584.500000 2195 46.850827 2195.000000 46.850827
585.500000 2035 45.110974 2035.000000 45.110974
586.500000 1982 44.519659 1982.000000 44.519659
587.500000 1888 43.451122 1888.000000 43.451122
588.500000 2058 45.365185 2058.000000 45.365185
589.500000 1870 43.243497 1870.000000 43.243497
590.500000 1854 43.058100 1854.000000 43.058100
591.500000 1890 43.474130 1890.000000 43.474130
592.500000 1868 43.220366 1868.000000 43.220366
593.500000 1878 43.335897 1878.000000 43.335897
594.500000 1829 42.766810 1829.000000 42.766810
595.500000 1768 42.047592 1768.000000 42.047592
596.500000 1755 41.892720 1755.000000 41.892720
597.500000 1800 42.426407 1800.000000 42.426407
598.500000 1718 41.448764 1718.000000 41.448764
599.500000 1702 41.255303 1702.000000 41.255303
600.500000 1690 41.109610 1690.000000 41.109610
601.500000 1669 40.853396 1669.000000 40.853396
602.500000 1690 41.109610 1690.000000 41.109610
603.500000 1660 40.743098 1660.000000 40.743098
604.500000 1645 40.558600 1645.000000 40.558600
605.500000 1552 39.395431 1552.000000 39.395431
606.500000 1567 39.585351 1567.000000 39.585351
607.500000 1529 39.102430 1529.000000 39.102430
608.500000 1511 38.871583 1511.000000 38.871583
609.500000 1571 39.635842 1571.000000 39.635842
610.500000 1428 37.788887 1428.000000 37.788887
611.500000 1466 38.288379 1466.000000 38.288379
612.500000 1512 38.884444 1512.000000 38.884444
613.500000 1487 38.561639 1487.000000 38.561639
614.500000 1478 38.444766 1478.000000 38.444766
615.500000 1424 37.735925 1424.000000 37.735925
616.500000 1416 37.629775 1416.000000 37.629775
617.500000 1368 36.986484 1368.000000 36.986484
618.500000 1338 36.578682 1338.000000 36.578682
619.500000 1378 37.121422 1378.000000 37.121422
620.500000 1321 36.345564 1321.000000 36.345564
621.500000 1282 35.805028 1282.000000 35.805028
622.500000 1289 35.902646 1289.000000 35.902646
623.500000 1343 36.646964 1343.000000 36.646964
624.500000 1320 36.331804 1320.000000 36.331804
625.500000 1242 35.242020 1242.000000 35.242020
626.500000 1275 35.707142 1275.000000 35.707142
627.500000 1258 35.468296 1258.000000 35.468296
628.500000 1225 35.000000 1225.000000 35.000000
629.500000 1185 34.423829 1185.000000 34.423829
630.500000 1209 34.770677 1209.000000 34.770677
631.500000 1272 35.665109 1272.000000 35.665109
632.500000 1132 33.645208 1132.000000 33.645208
633.500000 1175 34.278273 1175.000000 34.278273
634.500000 1134 33.674916 1134.000000 33.674916
635.500000 1179 34.336569 1179.000000 34.336569
636.500000 1131 33.630343 1131.000000 33.630343
637.500000 1143 33.808283 1143.000000 33.808283
638.500000 1039 32.233523 1039.000000 32.233523
639.500000 1102 33.196385 1102.000000 33.196385
640.500000 1126 33.555923 1126.000000 33.555923
641.500000 1025 32.015621 1025.000000 32.015621
642.500000 1047 32.357379 1047.000000 32.357379
643.500000 1026 32.031235 1026.000000 32.031235
644.500000 1028 32.062439 1028.000000 32.062439
645.500000 1022 31.968735 1022.000000 31.968735
646.500000 988 31.432467 988.000000 31.432467
647.500000 971 31.160873 971.000000 31.160873
648.500000 1023 31.984371 1023.000000 31.984371
649.500000 967 31.096624 967.000000 31.096624
650.500000 933 30.545049 933.000000 30.545049
651.500000 911 30.182777 911.000000 30.182777
652.500000 908 30.133038 908.000000 30.133038
653.500000 914 30.232433 914.000000 30.232433
654.500000 888 29.799329 888.000000 29.799329
655.500000 879 29.647934 879.000000 29.647934
656.500000 836 28.913665 836.000000 28.913665
657.500000 859 29.308702 859.000000 29.308702
658.500000 863 29.376862 863.000000 29.376862
659.500000 910 30.166206 910.000000 30.166206
660.500000 851 29.171904 851.000000 29.171904
661.500000 873 29.546573 873.000000 29.546573
662.500000 848 29.120440 848.000000 29.120440
663.500000 845 29.068884 845.000000 29.068884
664.500000 761 27.586228 761.000000 27.586228
665.500000 757 27.513633 757.000000 27.513633
666.500000 757 27.513633 757.000000 27.513633
667.500000 762 27.604347 762.000000 27.604347
668.500000 731 27.037012 731.000000 27.037012
669.500000 731 27.037012 731.000000 27.037012
670.500000 727 26.962938 727.000000 26.962938
671.500000 717 26.776856 717.000000 26.776856
672.500000 709 26.627054 709.000000 26.627054
673.500000 684 26.153394 684.000000 26.153394
674.500000 700 26.457513 700.000000 26.457513
675.500000 683 26.134269 683.000000 26.134269
676.500000 651 25.514702 651.000000 25.514702
677.500000 666 25.806976 666.000000 25.806976
678.500000 691 26.286879 691.000000 26.286879
679.500000 712 26.683328 712.000000 26.683328
680.500000 595 24.392622 595.000000 24.392622
681.500000 644 25.377155 644.000000 25.377155
682.500000 642 25.337719 642.000000 25.337719
683.500000 623 24.959968 623.000000 24.959968
684.500000 635 25.199206 635.000000 25.199206
685.500000 641 25.317978 641.000000 25.317978
686.500000 619 24.879711 619.000000 24.879711
687.500000 638 25.258662 638.000000 25.258662
688.500000 612 24.738634 612.000000 24.738634
689.500000 589 24.269322 589.000000 24.269322
690.500000 542 23.280893 542.000000 23.280893
691.500000 549 23.430749 549.000000 23.430749
692.500000 600 24.494897 600.000000 24.494897
693.500000 576 24.000000 576.000000 24.000000
694.500000 603 24.556058 603.000000 24.556058
695.500000 600 24.494897 600.000000 24.494897
696.500000 544 23.323808 544.000000 23.323808
697.500000 502 22.405357 502.000000 22.405357
698.500000 504 22.449944 504.000000 22.449944
699.500000 538 23.194827 538.000000 23.194827
700.500000 480 21.908902 480.000000 21.908902
701.500000 482 21.954498 482.000000 21.954498
702.500000 550 23.452079 550.000000 23.452079
703.500000 557 23.600847 557.000000 23.600847
704.500000 467 21.610183 467.000000 21.610183
705.500000 475 21.794495 475.000000 21.794495
706.500000 499 22.338308 499.000000 22.338308
707.500000 504 22.449944 504.000000 22.449944
708.500000 502 22.405357 502.000000 22.405357
709.500000 507 22.516660 507.000000 22.516660
710.500000 508 22.538855 508.000000 22.538855
711.500000 509 22.561028 509.000000 22.561028
712.500000 495 22.248595 495.000000 22.248595
713.500000 450 21.213203 450.000000 21.213203
714.500000 460 21.447611 460.000000 21.447611
715.500000 488 22.090722 488.000000 22.090722
716.500000 494 22.226111 494.000000 22.226111
717.500000 463 21.517435 463.000000 21.517435
718.500000 484 22.000000 484.000000 22.000000
719.500000 477 21.840330 477.000000 21.840330
720.500000 472 21.725561 472.000000 21.725561
721.500000 466 21.587033 466.000000 21.587033
722.500000 455 21.330729 455.000000 21.330729
723.500000 415 20.371549 415.000000 20.371549
724.500000 465 21.563859 465.000000 21.563859
725.500000 442 21.023796 442.000000 21.023796
726.500000 496 22.271057 496.000000 22.271057
727.500000 412 20.297783 412.000000 20.297783
728.500000 444 21.071308 444.000000 21.071308
729.500000 405 20.124612 405.000000 20.124612
730.500000 450 21.213203 450.000000 21.213203
731.500000 464 21.540659 464.000000 21.540659
732.500000 455 21.330729 455.000000 21.330729
733.500000 442 21.023796 442.000000 21.023796
734.500000 450 21.213203 450.000000 21.213203
735.500000 440 20.976177 440.000000 20.976177
736.500000 449 21.189620 449.000000 21.189620
737.500000 418 20.445048 418.000000 20.445048
738.500000 382 19.544820 382.000000 19.544820
739.500000 386 19.646883 386.000000 19.646883
740.500000 455 21.330729 455.000000 21.330729
741.500000 394 19.849433 394.000000 19.849433
742.500000 407 20.174241 407.000000 20.174241
743.500000 408 20.199010 408.000000 20.199010
744.500000 458 21.400935 458.000000 21.400935
745.500000 376 19.390719 376.000000 19.390719
746.500000 464 21.540659 464.000000 21.540659
747.500000 449 21.189620 449.000000 21.189620
748.500000 399 19.974984 399.000000 19.974984
749.500000 393 19.824228 393.000000 19.824228
750.500000 435 20.856654 435.000000 20.856654
751.500000 428 20.688161 428.000000 20.688161
752.500000 430 20.736441 430.000000 20.736441
753.500000 434 20.832667 434.000000 20.832667
754.500000 426 20.639767 426.000000 20.639767
755.500000 435 20.856654 435.000000 20.856654
756.500000 390 19.748418 390.000000 19.748418
757.500000 411 20.273135 411.000000 20.273135
758.500000 434 20.832667 434.000000 20.832667
759.500000 371 19.261360 371.000000 19.261360
760.500000 342 18.493242 342.000000 18.493242
761.500000 400 20.000000 400.000000 20.000000
762.500000 388 19.697716 388.000000 19.697716
763.500000 447 21.142375 447.000000 21.142375
764.500000 403 20.074860 403.000000 20.074860
765.500000 377 19.416488 377.000000 19.416488
766.500000 421 20.518285 421.000000 20.518285
767.500000 388 19.697716 388.000000 19.697716
768.500000 368 19.183326 368.000000 19.183326
769.500000 381 19.519221 381.000000 19.519221
770.500000 397 19.924859 397.000000 19.924859
771.500000 396 19.899749 396.000000 19.899749
772.500000 399 19.974984 399.000000 19.974984
773.500000 432 20.784610 432.000000 20.784610
774.500000 364 19.078784 364.000000 19.078784
775.500000 406 20.149442 406.000000 20.149442
776.500000 400 20.000000 400.000000 20.000000
777.500000 355 18.841444 355.000000 18.841444
778.500000 371 19.261360 371.000000 19.261360
779.500000 389 19.723083 389.000000 19.723083
780.500000 390 19.748418 390.000000 19.748418
781.500000 402 20.049938 402.000000 20.049938
782.500000 362 19.026298 362.000000 19.026298
783.500000 397 19.924859 397.000000 19.924859
784.500000 348 18.654758 348.000000 18.654758
785.500000 399 19.974984 399.000000 19.974984
786.500000 368 19.183326 368.000000 19.183326
787.500000 363 19.052559 363.000000 19.052559
788.500000 336 18.330303 336.000000 18.330303
789.500000 410 20.248457 410.000000 20.248457
790.500000 365 19.104973 365.000000 19.104973
791.500000 381 19.519221 381.000000 19.519221
792.500000 344 18.547237 344.000000 18.547237
793.500000 372 19.287302 372.000000 19.287302
794.500000 352 18.761663 352.000000 18.761663
795.500000 406 20.149442 406.000000 20.149442
796.500000 347 18.627936 347.000000 18.627936
797.500000 337 18.357560 337.000000 18.357560
798.500000 344 18.547237 344.000000 18.547237
799.500000 350 18.708287 350.000000 18.708287
800.500000 336 18.330303 336.000000 18.330303
801.500000 344 18.547237 344.000000 18.547237
802.500000 343 18.520259 343.000000 18.520259
803.500000 389 19.723083 389.000000 19.723083
804.500000 351 18.734994 351.000000 18.734994
805.500000 352 18.761663 352.000000 18.761663
806.500000 377 19.416488 377.000000 19.416488
807.500000 390 19.748418 390.000000 19.748418
808.500000 337 18.357560 337.000000 18.357560
809.500000 300 17.320508 300.000000 17.320508
810.500000 338 18.384776 338.000000 18.384776
811.500000 345 18.574176 345.000000 18.574176
812.500000 327 18.083141 327.000000 18.083141
813.500000 359 18.947295 359.000000 18.947295
814.500000 398 19.949937 398.000000 19.949937
815.500000 301 17.349352 301.000000 17.349352
816.500000 352 18.761663 352.000000 18.761663
817.500000 362 19.026298 362.000000 19.026298
818.500000 378 19.442222 378.000000 19.442222
819.500000 361 19.000000 361.000000 19.000000
820.500000 374 19.339080 374.000000 19.339080
821.500000 374 19.339080 374.000000 19.339080
822.500000 342 18.493242 342.000000 18.493242
823.500000 344 18.547237 344.000000 18.547237
824.500000 356 18.867962 356.000000 18.867962
825.500000 338 18.384776 338.000000 18.384776
826.500000 364 19.078784 364.000000 19.078784
827.500000 360 18.973666 360.000000 18.973666
828.500000 319 17.860571 319.000000 17.860571
829.500000 357 18.894444 357.000000 18.894444
830.500000 389 19.723083 389.000000 19.723083
831.500000 324 18.000000 324.000000 18.000000
832.500000 326 18.055470 326.000000 18.055470
833.500000 327 18.083141 327.000000 18.083141
834.500000 332 18.220867 332.000000 18.220867
835.500000 309 17.578396 309.000000 17.578396
836.500000 346 18.601075 346.000000 18.601075
837.500000 325 18.027756 325.000000 18.027756
838.500000 322 17.944358 322.000000 17.944358
839.500000 342 18.493242 342.000000 18.493242
840.500000 306 17.492856 306.000000 17.492856
841.500000 306 17.492856 306.000000 17.492856
842.500000 328 18.110770 328.000000 18.110770
843.500000 341 18.466185 341.000000 18.466185
844.500000 313 17.691806 313.000000 17.691806
845.500000 341 18.466185 341.000000 18.466185
846.500000 351 18.734994 351.000000 18.734994
847.500000 320 17.888544 320.000000 17.888544
848.500000 339 18.411953 339.000000 18.411953
849.500000 357 18.894444 357.000000 18.894444
850.500000 329 18.138357 329.000000 18.138357
851.500000 315 17.748239 315.000000 17.748239
852.500000 309 17.578396 309.000000 17.578396
853.500000 343 18.520259 343.000000 18.520259
854.500000 346 18.601075 346.000000 18.601075
855.500000 332 18.220867 332.000000 18.220867
856.500000 329 18.138357 329.000000 18.138357
857.500000 336 18.330303 336.000000 18.330303
858.500000 300 17.320508 300.000000 17.320508
859.500000 347 18.627936 347.000000 18.627936
860.500000 317 17.804494 317.000000 17.804494
861.500000 316 17.776389 316.000000 17.776389
862.500000 354 18.814888 354.000000 18.814888
863.500000 361 19.000000 361.000000 19.000000
864.500000 318 17.832555 318.000000 17.832555
865.500000 308 17.549929 308.000000 17.549929
866.500000 294 17.146428 294.000000 17.146428
867.500000 314 17.720045 314.000000 17.720045
868.500000 328 18.110770 328.000000 18.110770
869.500000 294 17.146428 294.000000 17.146428
870.500000 339 18.411953 339.000000 18.411953
871.500000 321 17.916473 321.000000 17.916473
872.500000 302 17.378147 302.000000 17.378147
873.500000 290 17.029386 290.000000 17.029386
874.500000 317 17.804494 317.000000 17.804494
875.500000 296 17.204651 296.000000 17.204651
876.500000 301 17.349352 301.000000 17.349352
877.500000 302 17.378147 302.000000 17.378147
878.500000 285 16.881943 285.000000 16.881943
879.500000 278 16.673332 278.000000 16.673332
880.500000 283 16.822604 283.000000 16.822604
881.500000 304 17.435596 304.000000 17.435596
882.500000 283 16.822604 283.000000 16.822604
883.500000 285 16.881943 285.000000 16.881943
884.500000 307 17.521415 307.000000 17.521415
885.500000 319 17.860571 319.000000 17.860571
886.500000 294 17.146428 294.000000 17.146428
887.500000 281 16.763055 281.000000 16.763055
888.500000 271 16.462078 271.000000 16.462078
889.500000 283 16.822604 283.000000 16.822604
890.500000 260 16.124515 260.000000 16.124515
891.500000 325 18.027756 325.000000 18.027756
892.500000 289 17.000000 289.000000 17.000000
893.500000 307 17.521415 307.000000 17.521415
894.500000 305 17.464249 305.000000 17.464249
895.500000 262 16.186414 262.000000 16.186414
896.500000 301 17.349352 301.000000 17.349352
897.500000 296 17.204651 296.000000 17.204651
898.500000 280 16.733201 280.000000 16.733201
899.500000 281 16.763055 281.000000 16.763055
900.500000 282 16.792856 282.000000 16.792856
901.500000 304 17.435596 304.000000 17.435596
902.500000 299 17.291616 299.000000 17.291616
903.500000 283 16.822604 283.000000 16.822604
904.500000 291 17.058722 291.000000 17.058722
905.500000 301 17.349352 301.000000 17.349352
906.500000 259 16.093477 259.000000 16.093477
907.500000 268 16.370706 268.000000 16.370706
908.500000 270 16.431677 270.000000 16.431677
909.500000 259 16.093477 259.000000 16.093477
910.500000 277 16.643317 277.000000 16.643317
911.500000 293 17.117243 293.000000 17.117243
912.500000 283 16.822604 283.000000 16.822604
913.500000 282 16.792856 282.000000 16.792856
914.500000 270 16.431677 270.000000 16.431677
915.500000 249 15.779734 249.000000 15.779734
916.500000 245 15.652476 245.000000 15.652476
917.500000 294 17.146428 294.000000 17.146428
918.500000 264 16.248077 264.000000 16.248077
919.500000 264 16.248077 264.000000 16.248077
920.500000 272 16.492423 272.000000 16.492423
921.500000 255 15.968719 255.000000 15.968719
922.500000 245 15.652476 245.000000 15.652476
923.500000 268 16.370706 268.000000 16.370706
924.500000 283 16.822604 283.000000 16.822604
925.500000 245 15.652476 245.000000 15.652476
926.500000 251 15.842980 251.000000 15.842980
927.500000 253 15.905974 253.000000 15.905974
928.500000 260 16.124515 260.000000 16.124515
929.500000 255 15.968719 255.000000 15.968719
930.500000 279 16.703293 279.000000 16.703293
931.500000 268 16.370706 268.000000 16.370706
932.500000 264 16.248077 264.000000 16.248077
933.500000 277 16.643317 277.000000 16.643317
934.500000 242 15.556349 242.000000 15.556349
935.500000 234 15.297059 234.000000 15.297059
936.500000 239 15.459625 239.000000 15.459625
937.500000 249 15.779734 249.000000 15.779734
938.500000 249 15.779734 249.000000 15.779734
939.500000 237 15.394804 237.000000 15.394804
940.500000 270 16.431677 270.000000 16.431677
941.500000 246 15.684387 246.000000 15.684387
942.500000 247 15.716234 247.000000 15.716234
943.500000 257 16.031220 257.000000 16.031220
944.500000 245 15.652476 245.000000 15.652476
945.500000 269 16.401219 269.000000 16.401219
946.500000 242 15.556349 242.000000 15.556349
947.500000 242 15.556349 242.000000 15.556349
948.500000 252 15.874508 252.000000 15.874508
949.500000 241 15.524175 241.000000 15.524175
950.500000 252 15.874508 252.000000 15.874508
951.500000 214 14.628739 214.000000 14.628739
952.500000 262 16.186414 262.000000 16.186414
953.500000 247 15.716234 247.000000 15.716234
954.500000 236 15.362291 236.000000 15.362291
955.500000 251 15.842980 251.000000 15.842980
956.500000 231 15.198684 231.000000 15.198684
957.500000 227 15.066519 227.000000 15.066519
958.500000 239 15.459625 239.000000 15.459625
959.500000 230 15.165751 230.000000 15.165751
960.500000 246 15.684387 246.000000 15.684387
961.500000 231 15.198684 231.000000 15.198684
962.500000 228 15.099669 228.000000 15.099669
963.500000 218 14.764823 218.000000 14.764823
964.500000 282 16.792856 282.000000 16.792856
965.500000 237 15.394804 237.000000 15.394804
966.500000 237 15.394804 237.000000 15.394804
967.500000 227 15.066519 227.000000 15.066519
968.500000 226 15.033296 226.000000 15.033296
969.500000 227 15.066519 227.000000 15.066519
970.500000 248 15.748016 248.000000 15.748016
971.500000 218 14.764823 218.000000 14.764823
972.500000 235 15.329710 235.000000 15.329710
973.500000 238 15.427249 238.000000 15.427249
974.500000 230 15.165751 230.000000 15.165751
975.500000 194 13.928388 194.000000 13.928388
976.500000 201 14.177447 201.000000 14.177447
977.500000 218 14.764823 218.000000 14.764823
978.500000 222 14.899664 222.000000 14.899664
979.500000 228 15.099669 228.000000 15.099669
980.500000 213 14.594520 213.000000 14.594520
981.500000 224 14.966630 224.000000 14.966630
982.500000 213 14.594520 213.000000 14.594520
983.500000 211 14.525839 211.000000 14.525839
984.500000 225 15.000000 225.000000 15.000000
985.500000 218 14.764823 218.000000 14.764823
986.500000 235 15.329710 235.000000 15.329710
987.500000 208 14.422205 208.000000 14.422205
988.500000 211 14.525839 211.000000 14.525839
989.500000 201 14.177447 201.000000 14.177447
990.500000 214 14.628739 214.000000 14.628739
991.500000 227 15.066519 227.000000 15.066519
992.500000 201 14.177447 201.000000 14.177447
993.500000 195 13.964240 195.000000 13.964240
994.500000 226 15.033296 226.000000 15.033296
995.500000 204 14.282857 204.000000 14.282857
996.500000 211 14.525839 211.000000 14.525839
997.500000 208 14.422205 208.000000 14.422205
998.500000 191 13.820275 191.000000 13.820275
999.500000 185 13.601471 185.000000 13.601471
1000.500000 191 13.820275 191.000000 13.820275
1001.500000 201 14.177447 201.000000 14.177447
1002.500000 203 14.247807 203.000000 14.247807
1003.500000 211 14.525839 211.000000 14.525839
1004.500000 198 14.071247 198.000000 14.071247
1005.500000 186 13.638182 186.000000 13.638182
1006.500000 197 14.035669 197.000000 14.035669
1007.500000 243 15.588457 243.000000 15.588457
1008.500000 209 14.456832 209.000000 14.456832
1009.500000 199 14.106736 199.000000 14.106736
1010.500000 207 14.387495 207.000000 14.387495
1011.500000 225 15.000000 225.000000 15.000000
1012.500000 190 13.784049 190.000000 13.784049
1013.500000 207 14.387495 207.000000 14.387495
1014.500000 223 14.933185 223.000000 14.933185
1015.500000 210 14.491377 210.000000 14.491377
1016.500000 184 13.564660 184.000000 13.564660
1017.500000 182 13.490738 182.000000 13.490738
1018.500000 222 14.899664 222.000000 14.899664
1019.500000 178 13.341664 178.000000 13.341664
1020.500000 192 13.856406 192.000000 13.856406
1021.500000 196 14.000000 196.000000 14.000000
1022.500000 198 14.071247 198.000000 14.071247
1023.500000 180 13.416408 180.000000 13.416408
