# name, dx, fmax, fmax_err, norm_value, norm_vale_err
# outD_88Y 1 2444 49.4368283772331 1 0
# bin_center, freq, freq_err, norm_freq, norm_freq_err
0.500000 0 0.000000 0.000000 0.000000
1.500000 0 0.000000 0.000000 0.000000
2.500000 0 0.000000 0.000000 0.000000
3.500000 0 0.000000 0.000000 0.000000
4.500000 0 0.000000 0.000000 0.000000
5.500000 0 0.000000 0.000000 0.000000
6.500000 4 2.000000 4.000000 2.000000
7.500000 46 6.782330 46.000000 6.782330
8.500000 340 18.439089 340.000000 18.439089
9.500000 949 30.805844 949.000000 30.805844
10.500000 1423 37.722672 1423.000000 37.722672
11.500000 1896 43.543082 1896.000000 43.543082
12.500000 2022 44.966654 2022.000000 44.966654
13.500000 2005 44.777226 2005.000000 44.777226
14.500000 1928 43.908997 1928.000000 43.908997
15.500000 1994 44.654227 1994.000000 44.654227
16.500000 1977 44.463468 1977.000000 44.463468
17.500000 2055 45.332108 2055.000000 45.332108
18.500000 1985 44.553339 1985.000000 44.553339
19.500000 1893 43.508620 1893.000000 43.508620
20.500000 1902 43.611925 1902.000000 43.611925
21.500000 1935 43.988635 1935.000000 43.988635
22.500000 1894 43.520110 1894.000000 43.520110
23.500000 1939 44.034078 1939.000000 44.034078
24.500000 1950 44.158804 1950.000000 44.158804
25.500000 1928 43.908997 1928.000000 43.908997
26.500000 1957 44.237993 1957.000000 44.237993
27.500000 1945 44.102154 1945.000000 44.102154
28.500000 1847 42.976738 1847.000000 42.976738
29.500000 1893 43.508620 1893.000000 43.508620
30.500000 1944 44.090815 1944.000000 44.090815
31.500000 1928 43.908997 1928.000000 43.908997
32.500000 1948 44.136153 1948.000000 44.136153
33.500000 1932 43.954522 1932.000000 43.954522
34.500000 2009 44.821870 2009.000000 44.821870
35.500000 1941 44.056782 1941.000000 44.056782
36.500000 1993 44.643029 1993.000000 44.643029
37.500000 1918 43.794977 1918.000000 43.794977
38.500000 1938 44.022721 1938.000000 44.022721
39.500000 1843 42.930176 1843.000000 42.930176
40.500000 1917 43.783559 1917.000000 43.783559
41.500000 1846 42.965102 1846.000000 42.965102
42.500000 1873 43.278170 1873.000000 43.278170
43.500000 1975 44.440972 1975.000000 44.440972
44.500000 1865 43.185646 1865.000000 43.185646
45.500000 1890 43.474130 1890.000000 43.474130
46.500000 1904 43.634848 1904.000000 43.634848
47.500000 1810 42.544095 1810.000000 42.544095
48.500000 1916 43.772137 1916.000000 43.772137
49.500000 1956 44.226689 1956.000000 44.226689
50.500000 1907 43.669211 1907.000000 43.669211
51.500000 1954 44.204072 1954.000000 44.204072
52.500000 1857 43.092923 1857.000000 43.092923
53.500000 1943 44.079474 1943.000000 44.079474
54.500000 1881 43.370497 1881.000000 43.370497
55.500000 1831 42.790186 1831.000000 42.790186
56.500000 1849 43.000000 1849.000000 43.000000
57.500000 1861 43.139309 1861.000000 43.139309
58.500000 1834 42.825226 1834.000000 42.825226
59.500000 1801 42.438190 1801.000000 42.438190
60.500000 1839 42.883563 1839.000000 42.883563
61.500000 1885 43.416587 1885.000000 43.416587
62.500000 1870 43.243497 1870.000000 43.243497
63.500000 1938 44.022721 1938.000000 44.022721
64.500000 1819 42.649736 1819.000000 42.649736
65.500000 1785 42.249260 1785.000000 42.249260
66.500000 1942 44.068129 1942.000000 44.068129
67.500000 1975 44.440972 1975.000000 44.440972
68.500000 2063 45.420260 2063.000000 45.420260
69.500000 1872 43.266615 1872.000000 43.266615
70.500000 2011 44.844175 2011.000000 44.844175
71.500000 1880 43.358967 1880.000000 43.358967
72.500000 1940 44.045431 1940.000000 44.045431
73.500000 1861 43.139309 1861.000000 43.139309
74.500000 1945 44.102154 1945.000000 44.102154
75.500000 1921 43.829214 1921.000000 43.829214
76.500000 1970 44.384682 1970.000000 44.384682
77.500000 1877 43.324358 1877.000000 43.324358
78.500000 1943 44.079474 1943.000000 44.079474
79.500000 1909 43.692105 1909.000000 43.692105
80.500000 1931 43.943145 1931.000000 43.943145
81.500000 1912 43.726422 1912.000000 43.726422
82.500000 1911 43.714986 1911.000000 43.714986
83.500000 1874 43.289722 1874.000000 43.289722
84.500000 1978 44.474712 1978.000000 44.474712
85.500000 2025 45.000000 2025.000000 45.000000
86.500000 1994 44.654227 1994.000000 44.654227
87.500000 1966 44.339599 1966.000000 44.339599
88.500000 1858 43.104524 1858.000000 43.104524
89.500000 2007 44.799554 2007.000000 44.799554
90.500000 2033 45.088801 2033.000000 45.088801
91.500000 1979 44.485953 1979.000000 44.485953
92.500000 1941 44.056782 1941.000000 44.056782
93.500000 2036 45.122057 2036.000000 45.122057
94.500000 1956 44.226689 1956.000000 44.226689
95.500000 2055 45.332108 2055.000000 45.332108
96.500000 1993 44.643029 1993.000000 44.643029
97.500000 1973 44.418465 1973.000000 44.418465
98.500000 2062 45.409250 2062.000000 45.409250
99.500000 2139 46.249324 2139.000000 46.249324
100.500000 2027 45.022217 2027.000000 45.022217
101.500000 2076 45.563143 2076.000000 45.563143
102.500000 2054 45.321077 2054.000000 45.321077
103.500000 2076 45.563143 2076.000000 45.563143
104.500000 2074 45.541190 2074.000000 45.541190
105.500000 2122 46.065171 2122.000000 46.065171
106.500000 2190 46.797436 2190.000000 46.797436
107.500000 2096 45.782093 2096.000000 45.782093
108.500000 2134 46.195238 2134.000000 46.195238
109.500000 2139 46.249324 2139.000000 46.249324
110.500000 2112 45.956501 2112.000000 45.956501
111.500000 2137 46.227697 2137.000000 46.227697
112.500000 2201 46.914816 2201.000000 46.914816
113.500000 2138 46.238512 2138.000000 46.238512
114.500000 2221 47.127487 2221.000000 47.127487
115.500000 2209 47.000000 2209.000000 47.000000
116.500000 2214 47.053161 2214.000000 47.053161
117.500000 2214 47.053161 2214.000000 47.053161
118.500000 2269 47.634021 2269.000000 47.634021
119.500000 2130 46.151923 2130.000000 46.151923
120.500000 2205 46.957428 2205.000000 46.957428
121.500000 2235 47.275787 2235.000000 47.275787
122.500000 2246 47.391982 2246.000000 47.391982
123.500000 2240 47.328638 2240.000000 47.328638
124.500000 2334 48.311489 2334.000000 48.311489
125.500000 2343 48.404545 2343.000000 48.404545
126.500000 2251 47.444705 2251.000000 47.444705
127.500000 2272 47.665501 2272.000000 47.665501
128.500000 2268 47.623524 2268.000000 47.623524
129.500000 2204 46.946778 2204.000000 46.946778
130.500000 2254 47.476310 2254.000000 47.476310
131.500000 2342 48.394215 2342.000000 48.394215
132.500000 2226 47.180504 2226.000000 47.180504
133.500000 2414 49.132474 2414.000000 49.132474
134.500000 2286 47.812132 2286.000000 47.812132
135.500000 2325 48.218254 2325.000000 48.218254
136.500000 2259 47.528939 2259.000000 47.528939
137.500000 2219 47.106263 2219.000000 47.106263
138.500000 2300 47.958315 2300.000000 47.958315
139.500000 2299 47.947888 2299.000000 47.947888
140.500000 2314 48.104054 2314.000000 48.104054
141.500000 2363 48.610698 2363.000000 48.610698
142.500000 2444 49.436828 2444.000000 49.436828
143.500000 2305 48.010416 2305.000000 48.010416
144.500000 2361 48.590122 2361.000000 48.590122
145.500000 2367 48.651824 2367.000000 48.651824
146.500000 2314 48.104054 2314.000000 48.104054
147.500000 2217 47.085029 2217.000000 47.085029
148.500000 2262 47.560488 2262.000000 47.560488
149.500000 2270 47.644517 2270.000000 47.644517
150.500000 2319 48.155997 2319.000000 48.155997
151.500000 2253 47.465777 2253.000000 47.465777
152.500000 2297 47.927028 2297.000000 47.927028
153.500000 2212 47.031904 2212.000000 47.031904
154.500000 2205 46.957428 2205.000000 46.957428
155.500000 2250 47.434165 2250.000000 47.434165
156.500000 2177 46.658333 2177.000000 46.658333
157.500000 2157 46.443514 2157.000000 46.443514
158.500000 2282 47.770284 2282.000000 47.770284
159.500000 2273 47.675990 2273.000000 47.675990
160.500000 2174 46.626173 2174.000000 46.626173
161.500000 2114 45.978256 2114.000000 45.978256
162.500000 2117 46.010868 2117.000000 46.010868
163.500000 2193 46.829478 2193.000000 46.829478
164.500000 2119 46.032597 2119.000000 46.032597
165.500000 2079 45.596052 2079.000000 45.596052
166.500000 2034 45.099889 2034.000000 45.099889
167.500000 2160 46.475800 2160.000000 46.475800
168.500000 1982 44.519659 1982.000000 44.519659
169.500000 2134 46.195238 2134.000000 46.195238
170.500000 1976 44.452222 1976.000000 44.452222
171.500000 2082 45.628938 2082.000000 45.628938
172.500000 2084 45.650849 2084.000000 45.650849
173.500000 1984 44.542115 1984.000000 44.542115
174.500000 2110 45.934736 2110.000000 45.934736
175.500000 2075 45.552168 2075.000000 45.552168
176.500000 1996 44.676616 1996.000000 44.676616
177.500000 1919 43.806392 1919.000000 43.806392
178.500000 2023 44.977772 2023.000000 44.977772
179.500000 2131 46.162756 2131.000000 46.162756
180.500000 1955 44.215382 1955.000000 44.215382
181.500000 2001 44.732538 2001.000000 44.732538
182.500000 2029 45.044423 2029.000000 45.044423
183.500000 2082 45.628938 2082.000000 45.628938
184.500000 1896 43.543082 1896.000000 43.543082
185.500000 1932 43.954522 1932.000000 43.954522
186.500000 1957 44.237993 1957.000000 44.237993
187.500000 1819 42.649736 1819.000000 42.649736
188.500000 1916 43.772137 1916.000000 43.772137
189.500000 1832 42.801869 1832.000000 42.801869
190.500000 1907 43.669211 1907.000000 43.669211
191.500000 1816 42.614552 1816.000000 42.614552
192.500000 1895 43.531598 1895.000000 43.531598
193.500000 1831 42.790186 1831.000000 42.790186
194.500000 1811 42.555846 1811.000000 42.555846
195.500000 1836 42.848571 1836.000000 42.848571
196.500000 1835 42.836900 1835.000000 42.836900
197.500000 1857 43.092923 1857.000000 43.092923
198.500000 1830 42.778499 1830.000000 42.778499
199.500000 1796 42.379240 1796.000000 42.379240
200.500000 1875 43.301270 1875.000000 43.301270
201.500000 1762 41.976184 1762.000000 41.976184
202.500000 1729 41.581246 1729.000000 41.581246
203.500000 1751 41.844952 1751.000000 41.844952
204.500000 1787 42.272923 1787.000000 42.272923
205.500000 1738 41.689327 1738.000000 41.689327
206.500000 1822 42.684892 1822.000000 42.684892
207.500000 1688 41.085277 1688.000000 41.085277
208.500000 1746 41.785165 1746.000000 41.785165
209.500000 1731 41.605288 1731.000000 41.605288
210.500000 1760 41.952354 1760.000000 41.952354
211.500000 1702 41.255303 1702.000000 41.255303
212.500000 1631 40.385641 1631.000000 40.385641
213.500000 1651 40.632499 1651.000000 40.632499
214.500000 1709 41.340053 1709.000000 41.340053
215.500000 1691 41.121770 1691.000000 41.121770
216.500000 1774 42.118879 1774.000000 42.118879
217.500000 1734 41.641326 1734.000000 41.641326
218.500000 1680 40.987803 1680.000000 40.987803
219.500000 1619 40.236799 1619.000000 40.236799
220.500000 1720 41.472883 1720.000000 41.472883
221.500000 1660 40.743098 1660.000000 40.743098
222.500000 1657 40.706265 1657.000000 40.706265
223.500000 1569 39.610605 1569.000000 39.610605
224.500000 1587 39.837169 1587.000000 39.837169
225.500000 1673 40.902323 1673.000000 40.902323
226.500000 1705 41.291646 1705.000000 41.291646
227.500000 1689 41.097445 1689.000000 41.097445
228.500000 1623 40.286474 1623.000000 40.286474
229.500000 1628 40.348482 1628.000000 40.348482
230.500000 1625 40.311289 1625.000000 40.311289
231.500000 1561 39.509493 1561.000000 39.509493
232.500000 1507 38.820098 1507.000000 38.820098
233.500000 1571 39.635842 1571.000000 39.635842
234.500000 1560 39.496835 1560.000000 39.496835
235.500000 1580 39.749214 1580.000000 39.749214
236.500000 1599 39.987498 1599.000000 39.987498
237.500000 1605 40.062451 1605.000000 40.062451
238.500000 1619 40.236799 1619.000000 40.236799
239.500000 1448 38.052595 1448.000000 38.052595
240.500000 1535 39.179076 1535.000000 39.179076
241.500000 1602 40.024992 1602.000000 40.024992
242.500000 1518 38.961519 1518.000000 38.961519
243.500000 1553 39.408121 1553.000000 39.408121
244.500000 1541 39.255573 1541.000000 39.255573
245.500000 1477 38.431758 1477.000000 38.431758
246.500000 1529 39.102430 1529.000000 39.102430
247.500000 1548 39.344631 1548.000000 39.344631
248.500000 1439 37.934153 1439.000000 37.934153
249.500000 1556 39.446166 1556.000000 39.446166
250.500000 1548 39.344631 1548.000000 39.344631
251.500000 1555 39.433488 1555.000000 39.433488
252.500000 1530 39.115214 1530.000000 39.115214
253.500000 1523 39.025633 1523.000000 39.025633
254.500000 1486 38.548671 1486.000000 38.548671
255.500000 1528 39.089641 1528.000000 39.089641
256.500000 1524 39.038443 1524.000000 39.038443
257.500000 1472 38.366652 1472.000000 38.366652
258.500000 1487 38.561639 1487.000000 38.561639
259.500000 1482 38.496753 1482.000000 38.496753
260.500000 1584 39.799497 1584.000000 39.799497
261.500000 1474 38.392708 1474.000000 38.392708
262.500000 1492 38.626416 1492.000000 38.626416
263.500000 1376 37.094474 1376.000000 37.094474
264.500000 1546 39.319207 1546.000000 39.319207
265.500000 1584 39.799497 1584.000000 39.799497
266.500000 1479 38.457769 1479.000000 38.457769
267.500000 1423 37.722672 1423.000000 37.722672
268.500000 1412 37.576588 1412.000000 37.576588
269.500000 1464 38.262253 1464.000000 38.262253
270.500000 1475 38.405729 1475.000000 38.405729
271.500000 1402 37.443290 1402.000000 37.443290
272.500000 1435 37.881394 1435.000000 37.881394
273.500000 1445 38.013156 1445.000000 38.013156
274.500000 1448 38.052595 1448.000000 38.052595
275.500000 1380 37.148351 1380.000000 37.148351
276.500000 1461 38.223030 1461.000000 38.223030
277.500000 1422 37.709415 1422.000000 37.709415
278.500000 1422 37.709415 1422.000000 37.709415
279.500000 1462 38.236109 1462.000000 38.236109
280.500000 1362 36.905284 1362.000000 36.905284
281.500000 1404 37.469988 1404.000000 37.469988
282.500000 1487 38.561639 1487.000000 38.561639
283.500000 1425 37.749172 1425.000000 37.749172
284.500000 1393 37.322915 1393.000000 37.322915
285.500000 1463 38.249183 1463.000000 38.249183
286.500000 1431 37.828561 1431.000000 37.828561
287.500000 1428 37.788887 1428.000000 37.788887
288.500000 1411 37.563280 1411.000000 37.563280
289.500000 1468 38.314488 1468.000000 38.314488
290.500000 1438 37.920970 1438.000000 37.920970
291.500000 1376 37.094474 1376.000000 37.094474
292.500000 1494 38.652296 1494.000000 38.652296
293.500000 1451 38.091994 1451.000000 38.091994
294.500000 1461 38.223030 1461.000000 38.223030
295.500000 1323 36.373067 1323.000000 36.373067
296.500000 1427 37.775654 1427.000000 37.775654
297.500000 1557 39.458839 1557.000000 39.458839
298.500000 1421 37.696154 1421.000000 37.696154
299.500000 1477 38.431758 1477.000000 38.431758
300.500000 1423 37.722672 1423.000000 37.722672
301.500000 1389 37.269290 1389.000000 37.269290
302.500000 1459 38.196859 1459.000000 38.196859
303.500000 1354 36.796739 1354.000000 36.796739
304.500000 1477 38.431758 1477.000000 38.431758
305.500000 1434 37.868192 1434.000000 37.868192
306.500000 1443 37.986840 1443.000000 37.986840
307.500000 1433 37.854986 1433.000000 37.854986
308.500000 1369 37.000000 1369.000000 37.000000
309.500000 1415 37.616486 1415.000000 37.616486
310.500000 1443 37.986840 1443.000000 37.986840
311.500000 1374 37.067506 1374.000000 37.067506
312.500000 1426 37.762415 1426.000000 37.762415
313.500000 1371 37.027017 1371.000000 37.027017
314.500000 1393 37.322915 1393.000000 37.322915
315.500000 1396 37.363083 1396.000000 37.363083
316.500000 1430 37.815341 1430.000000 37.815341
317.500000 1405 37.483330 1405.000000 37.483330
318.500000 1336 36.551334 1336.000000 36.551334
319.500000 1386 37.229021 1386.000000 37.229021
320.500000 1337 36.565011 1337.000000 36.565011
321.500000 1432 37.841776 1432.000000 37.841776
322.500000 1353 36.783148 1353.000000 36.783148
323.500000 1415 37.616486 1415.000000 37.616486
324.500000 1413 37.589892 1413.000000 37.589892
325.500000 1411 37.563280 1411.000000 37.563280
326.500000 1361 36.891733 1361.000000 36.891733
327.500000 1364 36.932371 1364.000000 36.932371
328.500000 1380 37.148351 1380.000000 37.148351
329.500000 1371 37.027017 1371.000000 37.027017
330.500000 1372 37.040518 1372.000000 37.040518
331.500000 1386 37.229021 1386.000000 37.229021
332.500000 1421 37.696154 1421.000000 37.696154
333.500000 1400 37.416574 1400.000000 37.416574
334.500000 1388 37.255872 1388.000000 37.255872
335.500000 1477 38.431758 1477.000000 38.431758
336.500000 1417 37.643060 1417.000000 37.643060
337.500000 1429 37.802116 1429.000000 37.802116
338.500000 1426 37.762415 1426.000000 37.762415
339.500000 1362 36.905284 1362.000000 36.905284
340.500000 1417 37.643060 1417.000000 37.643060
341.500000 1398 37.389838 1398.000000 37.389838
342.500000 1346 36.687873 1346.000000 36.687873
343.500000 1426 37.762415 1426.000000 37.762415
344.500000 1382 37.175261 1382.000000 37.175261
345.500000 1386 37.229021 1386.000000 37.229021
346.500000 1345 36.674242 1345.000000 36.674242
347.500000 1388 37.255872 1388.000000 37.255872
348.500000 1360 36.878178 1360.000000 36.878178
349.500000 1416 37.629775 1416.000000 37.629775
350.500000 1362 36.905284 1362.000000 36.905284
351.500000 1392 37.309516 1392.000000 37.309516
352.500000 1335 36.537652 1335.000000 36.537652
353.500000 1390 37.282704 1390.000000 37.282704
354.500000 1296 36.000000 1296.000000 36.000000
355.500000 1407 37.509999 1407.000000 37.509999
356.500000 1356 36.823905 1356.000000 36.823905
357.500000 1377 37.107951 1377.000000 37.107951
358.500000 1337 36.565011 1337.000000 36.565011
359.500000 1328 36.441734 1328.000000 36.441734
360.500000 1389 37.269290 1389.000000 37.269290
361.500000 1385 37.215588 1385.000000 37.215588
362.500000 1378 37.121422 1378.000000 37.121422
363.500000 1422 37.709415 1422.000000 37.709415
364.500000 1371 37.027017 1371.000000 37.027017
365.500000 1424 37.735925 1424.000000 37.735925
366.500000 1338 36.578682 1338.000000 36.578682
367.500000 1426 37.762415 1426.000000 37.762415
368.500000 1409 37.536649 1409.000000 37.536649
369.500000 1306 36.138622 1306.000000 36.138622
370.500000 1315 36.262929 1315.000000 36.262929
371.500000 1355 36.810325 1355.000000 36.810325
372.500000 1392 37.309516 1392.000000 37.309516
373.500000 1383 37.188708 1383.000000 37.188708
374.500000 1386 37.229021 1386.000000 37.229021
375.500000 1340 36.606010 1340.000000 36.606010
376.500000 1385 37.215588 1385.000000 37.215588
377.500000 1340 36.606010 1340.000000 36.606010
378.500000 1410 37.549967 1410.000000 37.549967
379.500000 1409 37.536649 1409.000000 37.536649
380.500000 1411 37.563280 1411.000000 37.563280
381.500000 1317 36.290495 1317.000000 36.290495
382.500000 1423 37.722672 1423.000000 37.722672
383.500000 1321 36.345564 1321.000000 36.345564
384.500000 1398 37.389838 1398.000000 37.389838
385.500000 1258 35.468296 1258.000000 35.468296
386.500000 1304 36.110940 1304.000000 36.110940
387.500000 1408 37.523326 1408.000000 37.523326
388.500000 1394 37.336309 1394.000000 37.336309
389.500000 1440 37.947332 1440.000000 37.947332
390.500000 1422 37.709415 1422.000000 37.709415
391.500000 1336 36.551334 1336.000000 36.551334
392.500000 1364 36.932371 1364.000000 36.932371
393.500000 1415 37.616486 1415.000000 37.616486
394.500000 1413 37.589892 1413.000000 37.589892
395.500000 1357 36.837481 1357.000000 36.837481
396.500000 1382 37.175261 1382.000000 37.175261
397.500000 1330 36.469165 1330.000000 36.469165
398.500000 1338 36.578682 1338.000000 36.578682
399.500000 1315 36.262929 1315.000000 36.262929
400.500000 1355 36.810325 1355.000000 36.810325
401.500000 1377 37.107951 1377.000000 37.107951
402.500000 1390 37.282704 1390.000000 37.282704
403.500000 1334 36.523965 1334.000000 36.523965
404.500000 1294 35.972211 1294.000000 35.972211
405.500000 1424 37.735925 1424.000000 37.735925
406.500000 1393 37.322915 1393.000000 37.322915
407.500000 1326 36.414283 1326.000000 36.414283
408.500000 1365 36.945906 1365.000000 36.945906
409.500000 1375 37.080992 1375.000000 37.080992
410.500000 1348 36.715120 1348.000000 36.715120
411.500000 1322 36.359318 1322.000000 36.359318
412.500000 1370 37.013511 1370.000000 37.013511
413.500000 1362 36.905284 1362.000000 36.905284
414.500000 1385 37.215588 1385.000000 37.215588
415.500000 1284 35.832946 1284.000000 35.832946
416.500000 1337 36.565011 1337.000000 36.565011
417.500000 1334 36.523965 1334.000000 36.523965
418.500000 1366 36.959437 1366.000000 36.959437
419.500000 1419 37.669616 1419.000000 37.669616
420.500000 1284 35.832946 1284.000000 35.832946
421.500000 1329 36.455452 1329.000000 36.455452
422.500000 1328 36.441734 1328.000000 36.441734
423.500000 1334 36.523965 1334.000000 36.523965
424.500000 1337 36.565011 1337.000000 36.565011
425.500000 1285 35.846897 1285.000000 35.846897
426.500000 1297 36.013886 1297.000000 36.013886
427.500000 1308 36.166283 1308.000000 36.166283
428.500000 1292 35.944402 1292.000000 35.944402
429.500000 1372 37.040518 1372.000000 37.040518
430.500000 1314 36.249138 1314.000000 36.249138
431.500000 1250 35.355339 1250.000000 35.355339
432.500000 1247 35.312887 1247.000000 35.312887
433.500000 1238 35.185224 1238.000000 35.185224
434.500000 1312 36.221541 1312.000000 36.221541
435.500000 1303 36.097091 1303.000000 36.097091
436.500000 1340 36.606010 1340.000000 36.606010
437.500000 1201 34.655447 1201.000000 34.655447
438.500000 1198 34.612137 1198.000000 34.612137
439.500000 1280 35.777088 1280.000000 35.777088
440.500000 1246 35.298725 1246.000000 35.298725
441.500000 1186 34.438351 1186.000000 34.438351
442.500000 1227 35.028560 1227.000000 35.028560
443.500000 1225 35.000000 1225.000000 35.000000
444.500000 1290 35.916570 1290.000000 35.916570
445.500000 1335 36.537652 1335.000000 36.537652
446.500000 1189 34.481879 1189.000000 34.481879
447.500000 1271 35.651087 1271.000000 35.651087
448.500000 1184 34.409301 1184.000000 34.409301
449.500000 1190 34.496377 1190.000000 34.496377
450.500000 1256 35.440090 1256.000000 35.440090
451.500000 1195 34.568772 1195.000000 34.568772
452.500000 1180 34.351128 1180.000000 34.351128
453.500000 1244 35.270384 1244.000000 35.270384
454.500000 1145 33.837849 1145.000000 33.837849
455.500000 1163 34.102786 1163.000000 34.102786
456.500000 1162 34.088121 1162.000000 34.088121
457.500000 1160 34.058773 1160.000000 34.058773
458.500000 1052 32.434549 1052.000000 32.434549
459.500000 1162 34.088121 1162.000000 34.088121
460.500000 1154 33.970576 1154.000000 33.970576
461.500000 1119 33.451457 1119.000000 33.451457
462.500000 1080 32.863353 1080.000000 32.863353
463.500000 1143 33.808283 1143.000000 33.808283
464.500000 1122 33.496268 1122.000000 33.496268
465.500000 1081 32.878564 1081.000000 32.878564
466.500000 1023 31.984371 1023.000000 31.984371
467.500000 1046 32.341923 1046.000000 32.341923
468.500000 1014 31.843367 1014.000000 31.843367
469.500000 1075 32.787193 1075.000000 32.787193
470.500000 1101 33.181320 1101.000000 33.181320
471.500000 980 31.304952 980.000000 31.304952
472.500000 1039 32.233523 1039.000000 32.233523
473.500000 1009 31.764760 1009.000000 31.764760
474.500000 1024 32.000000 1024.000000 32.000000
475.500000 1004 31.685959 1004.000000 31.685959
476.500000 1018 31.906112 1018.000000 31.906112
477.500000 1063 32.603681 1063.000000 32.603681
478.500000 1086 32.954514 1086.000000 32.954514
479.500000 997 31.575307 997.000000 31.575307
480.500000 929 30.479501 929.000000 30.479501
481.500000 1031 32.109189 1031.000000 32.109189
482.500000 992 31.496031 992.000000 31.496031
483.500000 1023 31.984371 1023.000000 31.984371
484.500000 1007 31.733263 1007.000000 31.733263
485.500000 1021 31.953091 1021.000000 31.953091
486.500000 1034 32.155870 1034.000000 32.155870
487.500000 1005 31.701735 1005.000000 31.701735
488.500000 1055 32.480764 1055.000000 32.480764
489.500000 955 30.903074 955.000000 30.903074
490.500000 954 30.886890 954.000000 30.886890
491.500000 980 31.304952 980.000000 31.304952
492.500000 924 30.397368 924.000000 30.397368
493.500000 985 31.384710 985.000000 31.384710
494.500000 1001 31.638584 1001.000000 31.638584
495.500000 964 31.048349 964.000000 31.048349
496.500000 1010 31.780497 1010.000000 31.780497
497.500000 978 31.272992 978.000000 31.272992
498.500000 997 31.575307 997.000000 31.575307
499.500000 1015 31.859065 1015.000000 31.859065
500.500000 1036 32.186954 1036.000000 32.186954
501.500000 969 31.128765 969.000000 31.128765
502.500000 978 31.272992 978.000000 31.272992
503.500000 987 31.416556 987.000000 31.416556
504.500000 1019 31.921779 1019.000000 31.921779
505.500000 946 30.757113 946.000000 30.757113
506.500000 1034 32.155870 1034.000000 32.155870
507.500000 1006 31.717503 1006.000000 31.717503
508.500000 1031 32.109189 1031.000000 32.109189
509.500000 981 31.320920 981.000000 31.320920
510.500000 962 31.016125 962.000000 31.016125
511.500000 1037 32.202484 1037.000000 32.202484
512.500000 1010 31.780497 1010.000000 31.780497
513.500000 1024 32.000000 1024.000000 32.000000
514.500000 999 31.606961 999.000000 31.606961
515.500000 936 30.594117 936.000000 30.594117
516.500000 1051 32.419130 1051.000000 32.419130
517.500000 982 31.336879 982.000000 31.336879
518.500000 1066 32.649655 1066.000000 32.649655
519.500000 934 30.561414 934.000000 30.561414
520.500000 1051 32.419130 1051.000000 32.419130
521.500000 1052 32.434549 1052.000000 32.434549
522.500000 1029 32.078030 1029.000000 32.078030
523.500000 1048 32.372828 1048.000000 32.372828
524.500000 1109 33.301652 1109.000000 33.301652
525.500000 1066 32.649655 1066.000000 32.649655
526.500000 1107 33.271610 1107.000000 33.271610
527.500000 1100 33.166248 1100.000000 33.166248
528.500000 1121 33.481338 1121.000000 33.481338
529.500000 1162 34.088121 1162.000000 34.088121
530.500000 1104 33.226495 1104.000000 33.226495
531.500000 1080 32.863353 1080.000000 32.863353
532.500000 1115 33.391616 1115.000000 33.391616
533.500000 1136 33.704599 1136.000000 33.704599
534.500000 1149 33.896903 1149.000000 33.896903
535.500000 1114 33.376639 1114.000000 33.376639
536.500000 1145 33.837849 1145.000000 33.837849
537.500000 1212 34.813790 1212.000000 34.813790
538.500000 1194 34.554305 1194.000000 34.554305
539.500000 1181 34.365681 1181.000000 34.365681
540.500000 1178 34.322005 1178.000000 34.322005
541.500000 1230 35.071356 1230.000000 35.071356
542.500000 1245 35.284558 1245.000000 35.284558
543.500000 1243 35.256205 1243.000000 35.256205
544.500000 1237 35.171011 1237.000000 35.171011
545.500000 1216 34.871192 1216.000000 34.871192
546.500000 1237 35.171011 1237.000000 35.171011
547.500000 1234 35.128336 1234.000000 35.128336
548.500000 1271 35.651087 1271.000000 35.651087
549.500000 1195 34.568772 1195.000000 34.568772
550.500000 1220 34.928498 1220.000000 34.928498
551.500000 1212 34.813790 1212.000000 34.813790
552.500000 1332 36.496575 1332.000000 36.496575
553.500000 1272 35.665109 1272.000000 35.665109
554.500000 1284 35.832946 1284.000000 35.832946
555.500000 1322 36.359318 1322.000000 36.359318
556.500000 1300 36.055513 1300.000000 36.055513
557.500000 1228 35.042831 1228.000000 35.042831
558.500000 1319 36.318040 1319.000000 36.318040
559.500000 1378 37.121422 1378.000000 37.121422
560.500000 1268 35.608988 1268.000000 35.608988
561.500000 1296 36.000000 1296.000000 36.000000
562.500000 1321 36.345564 1321.000000 36.345564
563.500000 1420 37.682887 1420.000000 37.682887
564.500000 1333 36.510273 1333.000000 36.510273
565.500000 1284 35.832946 1284.000000 35.832946
566.500000 1320 36.331804 1320.000000 36.331804
567.500000 1312 36.221541 1312.000000 36.221541
568.500000 1278 35.749126 1278.000000 35.749126
569.500000 1311 36.207734 1311.000000 36.207734
570.500000 1321 36.345564 1321.000000 36.345564
571.500000 1391 37.296112 1391.000000 37.296112
572.500000 1330 36.469165 1330.000000 36.469165
573.500000 1402 37.443290 1402.000000 37.443290
574.500000 1308 36.166283 1308.000000 36.166283
575.500000 1381 37.161808 1381.000000 37.161808
576.500000 1332 36.496575 1332.000000 36.496575
577.500000 1288 35.888717 1288.000000 35.888717
578.500000 1342 36.633318 1342.000000 36.633318
579.500000 1327 36.428011 1327.000000 36.428011
580.500000 1333 36.510273 1333.000000 36.510273
581.500000 1339 36.592349 1339.000000 36.592349
582.500000 1341 36.619667 1341.000000 36.619667
583.500000 1306 36.138622 1306.000000 36.138622
584.500000 1255 35.425979 1255.000000 35.425979
585.500000 1262 35.524639 1262.000000 35.524639
586.500000 1297 36.013886 1297.000000 36.013886
587.500000 1300 36.055513 1300.000000 36.055513
588.500000 1271 35.651087 1271.000000 35.651087
589.500000 1362 36.905284 1362.000000 36.905284
590.500000 1345 36.674242 1345.000000 36.674242
591.500000 1281 35.791060 1281.000000 35.791060
592.500000 1273 35.679126 1273.000000 35.679126
593.500000 1272 35.665109 1272.000000 35.665109
594.500000 1269 35.623026 1269.000000 35.623026
595.500000 1236 35.156792 1236.000000 35.156792
596.500000 1182 34.380227 1182.000000 34.380227
597.500000 1244 35.270384 1244.000000 35.270384
598.500000 1247 35.312887 1247.000000 35.312887
599.500000 1220 34.928498 1220.000000 34.928498
600.500000 1195 34.568772 1195.000000 34.568772
601.500000 1222 34.957117 1222.000000 34.957117
602.500000 1170 34.205263 1170.000000 34.205263
603.500000 1114 33.376639 1114.000000 33.376639
604.500000 1136 33.704599 1136.000000 33.704599
605.500000 1174 34.263683 1174.000000 34.263683
606.500000 1147 33.867388 1147.000000 33.867388
607.500000 1158 34.029399 1158.000000 34.029399
608.500000 1112 33.346664 1112.000000 33.346664
609.500000 1110 33.316662 1110.000000 33.316662
610.500000 1086 32.954514 1086.000000 32.954514
611.500000 1071 32.726136 1071.000000 32.726136
612.500000 1102 33.196385 1102.000000 33.196385
613.500000 1082 32.893768 1082.000000 32.893768
614.500000 1035 32.171416 1035.000000 32.171416
615.500000 1036 32.186954 1036.000000 32.186954
616.500000 1070 32.710854 1070.000000 32.710854
617.500000 1034 32.155870 1034.000000 32.155870
618.500000 1161 34.073450 1161.000000 34.073450
619.500000 1041 32.264532 1041.000000 32.264532
620.500000 1026 32.031235 1026.000000 32.031235
621.500000 1015 31.859065 1015.000000 31.859065
622.500000 973 31.192948 973.000000 31.192948
623.500000 1025 32.015621 1025.000000 32.015621
624.500000 1026 32.031235 1026.000000 32.031235
625.500000 992 31.496031 992.000000 31.496031
626.500000 1030 32.093613 1030.000000 32.093613
627.500000 970 31.144823 970.000000 31.144823
628.500000 926 30.430248 926.000000 30.430248
629.500000 932 30.528675 932.000000 30.528675
630.500000 961 31.000000 961.000000 31.000000
631.500000 994 31.527766 994.000000 31.527766
632.500000 884 29.732137 884.000000 29.732137
633.500000 877 29.614186 877.000000 29.614186
634.500000 987 31.416556 987.000000 31.416556
635.500000 972 31.176915 972.000000 31.176915
636.500000 888 29.799329 888.000000 29.799329
637.500000 897 29.949958 897.000000 29.949958
638.500000 907 30.116441 907.000000 30.116441
639.500000 897 29.949958 897.000000 29.949958
640.500000 928 30.463092 928.000000 30.463092
641.500000 869 29.478806 869.000000 29.478806
642.500000 857 29.274562 857.000000 29.274562
643.500000 833 28.861739 833.000000 28.861739
644.500000 819 28.618176 819.000000 28.618176
645.500000 852 29.189039 852.000000 29.189039
646.500000 840 28.982753 840.000000 28.982753
647.500000 881 29.681644 881.000000 29.681644
648.500000 832 28.844410 832.000000 28.844410
649.500000 830 28.809721 830.000000 28.809721
650.500000 893 29.883106 893.000000 29.883106
651.500000 848 29.120440 848.000000 29.120440
652.500000 842 29.017236 842.000000 29.017236
653.500000 847 29.103264 847.000000 29.103264
654.500000 812 28.495614 812.000000 28.495614
655.500000 789 28.089144 789.000000 28.089144
656.500000 834 28.879058 834.000000 28.879058
657.500000 750 27.386128 750.000000 27.386128
658.500000 795 28.195744 795.000000 28.195744
659.500000 799 28.266588 799.000000 28.266588
660.500000 749 27.367864 749.000000 27.367864
661.500000 737 27.147744 737.000000 27.147744
662.500000 799 28.266588 799.000000 28.266588
663.500000 850 29.154759 850.000000 29.154759
664.500000 778 27.892651 778.000000 27.892651
665.500000 741 27.221315 741.000000 27.221315
666.500000 749 27.367864 749.000000 27.367864
667.500000 760 27.568098 760.000000 27.568098
668.500000 795 28.195744 795.000000 28.195744
669.500000 801 28.301943 801.000000 28.301943
670.500000 725 26.925824 725.000000 26.925824
671.500000 748 27.349589 748.000000 27.349589
672.500000 705 26.551836 705.000000 26.551836
673.500000 792 28.142495 792.000000 28.142495
674.500000 714 26.720778 714.000000 26.720778
675.500000 690 26.267851 690.000000 26.267851
676.500000 708 26.608269 708.000000 26.608269
677.500000 736 27.129320 736.000000 27.129320
678.500000 744 27.276363 744.000000 27.276363
679.500000 762 27.604347 762.000000 27.604347
680.500000 680 26.076810 680.000000 26.076810
681.500000 705 26.551836 705.000000 26.551836
682.500000 692 26.305893 692.000000 26.305893
683.500000 652 25.534291 652.000000 25.534291
684.500000 708 26.608269 708.000000 26.608269
685.500000 724 26.907248 724.000000 26.907248
686.500000 692 26.305893 692.000000 26.305893
687.500000 701 26.476405 701.000000 26.476405
688.500000 712 26.683328 712.000000 26.683328
689.500000 668 25.845696 668.000000 25.845696
690.500000 691 26.286879 691.000000 26.286879
691.500000 695 26.362853 695.000000 26.362853
692.500000 716 26.758176 716.000000 26.758176
693.500000 668 25.845696 668.000000 25.845696
694.500000 676 26.000000 676.000000 26.000000
695.500000 630 25.099801 630.000000 25.099801
696.500000 634 25.179357 634.000000 25.179357
697.500000 650 25.495098 650.000000 25.495098
698.500000 630 25.099801 630.000000 25.099801
699.500000 669 25.865034 669.000000 25.865034
700.500000 651 25.514702 651.000000 25.514702
701.500000 637 25.238859 637.000000 25.238859
702.500000 663 25.748786 663.000000 25.748786
703.500000 615 24.799194 615.000000 24.799194
704.500000 593 24.351591 593.000000 24.351591
705.500000 671 25.903668 671.000000 25.903668
706.500000 652 25.534291 652.000000 25.534291
707.500000 609 24.677925 609.000000 24.677925
708.500000 639 25.278449 639.000000 25.278449
709.500000 605 24.596748 605.000000 24.596748
710.500000 606 24.617067 606.000000 24.617067
711.500000 613 24.758837 613.000000 24.758837
712.500000 611 24.718414 611.000000 24.718414
713.500000 618 24.859606 618.000000 24.859606
714.500000 586 24.207437 586.000000 24.207437
715.500000 595 24.392622 595.000000 24.392622
716.500000 620 24.899799 620.000000 24.899799
717.500000 580 24.083189 580.000000 24.083189
718.500000 594 24.372115 594.000000 24.372115
719.500000 580 24.083189 580.000000 24.083189
720.500000 572 23.916521 572.000000 23.916521
721.500000 591 24.310492 591.000000 24.310492
722.500000 559 23.643181 559.000000 23.643181
723.500000 590 24.289916 590.000000 24.289916
724.500000 575 23.979158 575.000000 23.979158
725.500000 598 24.454039 598.000000 24.454039
726.500000 556 23.579652 556.000000 23.579652
727.500000 599 24.474477 599.000000 24.474477
728.500000 586 24.207437 586.000000 24.207437
729.500000 540 23.237900 540.000000 23.237900
730.500000 590 24.289916 590.000000 24.289916
731.500000 572 23.916521 572.000000 23.916521
732.500000 540 23.237900 540.000000 23.237900
733.500000 569 23.853721 569.000000 23.853721
734.500000 523 22.869193 523.000000 22.869193
735.500000 583 24.145393 583.000000 24.145393
736.500000 559 23.643181 559.000000 23.643181
737.500000 577 24.020824 577.000000 24.020824
738.500000 532 23.065125 532.000000 23.065125
739.500000 523 22.869193 523.000000 22.869193
740.500000 535 23.130067 535.000000 23.130067
741.500000 576 24.000000 576.000000 24.000000
742.500000 518 22.759613 518.000000 22.759613
743.500000 523 22.869193 523.000000 22.869193
744.500000 549 23.430749 549.000000 23.430749
745.500000 556 23.579652 556.000000 23.579652
746.500000 520 22.803509 520.000000 22.803509
747.500000 520 22.803509 520.000000 22.803509
748.500000 539 23.216374 539.000000 23.216374
749.500000 494 22.226111 494.000000 22.226111
750.500000 513 22.649503 513.000000 22.649503
751.500000 533 23.086793 533.000000 23.086793
752.500000 505 22.472205 505.000000 22.472205
753.500000 546 23.366643 546.000000 23.366643
754.500000 503 22.427661 503.000000 22.427661
755.500000 553 23.515952 553.000000 23.515952
756.500000 541 23.259407 541.000000 23.259407
757.500000 546 23.366643 546.000000 23.366643
758.500000 508 22.538855 508.000000 22.538855
759.500000 536 23.151674 536.000000 23.151674
760.500000 543 23.302360 543.000000 23.302360
761.500000 524 22.891046 524.000000 22.891046
762.500000 527 22.956481 527.000000 22.956481
763.500000 565 23.769729 565.000000 23.769729
764.500000 527 22.956481 527.000000 22.956481
765.500000 494 22.226111 494.000000 22.226111
766.500000 515 22.693611 515.000000 22.693611
767.500000 551 23.473389 551.000000 23.473389
768.500000 510 22.583180 510.000000 22.583180
769.500000 545 23.345235 545.000000 23.345235
770.500000 508 22.538855 508.000000 22.538855
771.500000 557 23.600847 557.000000 23.600847
772.500000 480 21.908902 480.000000 21.908902
773.500000 541 23.259407 541.000000 23.259407
774.500000 519 22.781571 519.000000 22.781571
775.500000 533 23.086793 533.000000 23.086793
776.500000 558 23.622024 558.000000 23.622024
777.500000 563 23.727621 563.000000 23.727621
778.500000 514 22.671568 514.000000 22.671568
779.500000 488 22.090722 488.000000 22.090722
780.500000 497 22.293497 497.000000 22.293497
781.500000 554 23.537205 554.000000 23.537205
782.500000 489 22.113344 489.000000 22.113344
783.500000 509 22.561028 509.000000 22.561028
784.500000 509 22.561028 509.000000 22.561028
785.500000 526 22.934690 526.000000 22.934690
786.500000 536 23.151674 536.000000 23.151674
787.500000 573 23.937418 573.000000 23.937418
788.500000 510 22.583180 510.000000 22.583180
789.500000 507 22.516660 507.000000 22.516660
790.500000 499 22.338308 499.000000 22.338308
791.500000 536 23.151674 536.000000 23.151674
792.500000 488 22.090722 488.000000 22.090722
793.500000 530 23.021729 530.000000 23.021729
794.500000 509 22.561028 509.000000 22.561028
795.500000 534 23.108440 534.000000 23.108440
796.500000 539 23.216374 539.000000 23.216374
797.500000 534 23.108440 534.000000 23.108440
798.500000 488 22.090722 488.000000 22.090722
799.500000 523 22.869193 523.000000 22.869193
800.500000 474 21.771541 474.000000 21.771541
801.500000 496 22.271057 496.000000 22.271057
802.500000 512 22.627417 512.000000 22.627417
803.500000 563 23.727621 563.000000 23.727621
804.500000 532 23.065125 532.000000 23.065125
805.500000 591 24.310492 591.000000 24.310492
806.500000 569 23.853721 569.000000 23.853721
807.500000 508 22.538855 508.000000 22.538855
808.500000 506 22.494444 506.000000 22.494444
809.500000 522 22.847319 522.000000 22.847319
810.500000 548 23.409400 548.000000 23.409400
811.500000 552 23.494680 552.000000 23.494680
812.500000 499 22.338308 499.000000 22.338308
813.500000 536 23.151674 536.000000 23.151674
814.500000 511 22.605309 511.000000 22.605309
815.500000 523 22.869193 523.000000 22.869193
816.500000 522 22.847319 522.000000 22.847319
817.500000 533 23.086793 533.000000 23.086793
818.500000 513 22.649503 513.000000 22.649503
819.500000 567 23.811762 567.000000 23.811762
820.500000 521 22.825424 521.000000 22.825424
821.500000 524 22.891046 524.000000 22.891046
822.500000 568 23.832751 568.000000 23.832751
823.500000 492 22.181073 492.000000 22.181073
824.500000 502 22.405357 502.000000 22.405357
825.500000 483 21.977261 483.000000 21.977261
826.500000 510 22.583180 510.000000 22.583180
827.500000 527 22.956481 527.000000 22.956481
828.500000 515 22.693611 515.000000 22.693611
829.500000 522 22.847319 522.000000 22.847319
830.500000 521 22.825424 521.000000 22.825424
831.500000 509 22.561028 509.000000 22.561028
832.500000 535 23.130067 535.000000 23.130067
833.500000 500 22.360680 500.000000 22.360680
834.500000 529 23.000000 529.000000 23.000000
835.500000 540 23.237900 540.000000 23.237900
836.500000 526 22.934690 526.000000 22.934690
837.500000 542 23.280893 542.000000 23.280893
838.500000 524 22.891046 524.000000 22.891046
839.500000 498 22.315914 498.000000 22.315914
840.500000 477 21.840330 477.000000 21.840330
841.500000 484 22.000000 484.000000 22.000000
842.500000 489 22.113344 489.000000 22.113344
843.500000 502 22.405357 502.000000 22.405357
844.500000 525 22.912878 525.000000 22.912878
845.500000 465 21.563859 465.000000 21.563859
846.500000 494 22.226111 494.000000 22.226111
847.500000 500 22.360680 500.000000 22.360680
848.500000 556 23.579652 556.000000 23.579652
849.500000 531 23.043437 531.000000 23.043437
850.500000 502 22.405357 502.000000 22.405357
851.500000 512 22.627417 512.000000 22.627417
852.500000 485 22.022716 485.000000 22.022716
853.500000 489 22.113344 489.000000 22.113344
854.500000 525 22.912878 525.000000 22.912878
855.500000 536 23.151674 536.000000 23.151674
856.500000 501 22.383029 501.000000 22.383029
857.500000 527 22.956481 527.000000 22.956481
858.500000 512 22.627417 512.000000 22.627417
859.500000 520 22.803509 520.000000 22.803509
860.500000 559 23.643181 559.000000 23.643181
861.500000 492 22.181073 492.000000 22.181073
862.500000 513 22.649503 513.000000 22.649503
863.500000 568 23.832751 568.000000 23.832751
864.500000 524 22.891046 524.000000 22.891046
865.500000 518 22.759613 518.000000 22.759613
866.500000 528 22.978251 528.000000 22.978251
867.500000 551 23.473389 551.000000 23.473389
868.500000 533 23.086793 533.000000 23.086793
869.500000 506 22.494444 506.000000 22.494444
870.500000 505 22.472205 505.000000 22.472205
871.500000 531 23.043437 531.000000 23.043437
872.500000 505 22.472205 505.000000 22.472205
873.500000 475 21.794495 475.000000 21.794495
874.500000 522 22.847319 522.000000 22.847319
875.500000 523 22.869193 523.000000 22.869193
876.500000 494 22.226111 494.000000 22.226111
877.500000 534 23.108440 534.000000 23.108440
878.500000 487 22.068076 487.000000 22.068076
879.500000 494 22.226111 494.000000 22.226111
880.500000 523 22.869193 523.000000 22.869193
881.500000 513 22.649503 513.000000 22.649503
882.500000 515 22.693611 515.000000 22.693611
883.500000 533 23.086793 533.000000 23.086793
884.500000 537 23.173260 537.000000 23.173260
885.500000 548 23.409400 548.000000 23.409400
886.500000 544 23.323808 544.000000 23.323808
887.500000 497 22.293497 497.000000 22.293497
888.500000 509 22.561028 509.000000 22.561028
889.500000 497 22.293497 497.000000 22.293497
890.500000 496 22.271057 496.000000 22.271057
891.500000 487 22.068076 487.000000 22.068076
892.500000 506 22.494444 506.000000 22.494444
893.500000 530 23.021729 530.000000 23.021729
894.500000 523 22.869193 523.000000 22.869193
895.500000 549 23.430749 549.000000 23.430749
896.500000 498 22.315914 498.000000 22.315914
897.500000 546 23.366643 546.000000 23.366643
898.500000 554 23.537205 554.000000 23.537205
899.500000 524 22.891046 524.000000 22.891046
900.500000 524 22.891046 524.000000 22.891046
901.500000 495 22.248595 495.000000 22.248595
902.500000 494 22.226111 494.000000 22.226111
903.500000 500 22.360680 500.000000 22.360680
904.500000 533 23.086793 533.000000 23.086793
905.500000 515 22.693611 515.000000 22.693611
906.500000 517 22.737634 517.000000 22.737634
907.500000 519 22.781571 519.000000 22.781571
908.500000 516 22.715633 516.000000 22.715633
909.500000 531 23.043437 531.000000 23.043437
910.500000 534 23.108440 534.000000 23.108440
911.500000 499 22.338308 499.000000 22.338308
912.500000 564 23.748684 564.000000 23.748684
913.500000 525 22.912878 525.000000 22.912878
914.500000 522 22.847319 522.000000 22.847319
915.500000 518 22.759613 518.000000 22.759613
916.500000 551 23.473389 551.000000 23.473389
917.500000 560 23.664319 560.000000 23.664319
918.500000 499 22.338308 499.000000 22.338308
919.500000 503 22.427661 503.000000 22.427661
920.500000 560 23.664319 560.000000 23.664319
921.500000 531 23.043437 531.000000 23.043437
922.500000 531 23.043437 531.000000 23.043437
923.500000 520 22.803509 520.000000 22.803509
924.500000 485 22.022716 485.000000 22.022716
925.500000 486 22.045408 486.000000 22.045408
926.500000 467 21.610183 467.000000 21.610183
927.500000 528 22.978251 528.000000 22.978251
928.500000 566 23.790755 566.000000 23.790755
929.500000 484 22.000000 484.000000 22.000000
930.500000 486 22.045408 486.000000 22.045408
931.500000 487 22.068076 487.000000 22.068076
932.500000 522 22.847319 522.000000 22.847319
933.500000 520 22.803509 520.000000 22.803509
934.500000 522 22.847319 522.000000 22.847319
935.500000 485 22.022716 485.000000 22.022716
936.500000 506 22.494444 506.000000 22.494444
937.500000 506 22.494444 506.000000 22.494444
938.500000 528 22.978251 528.000000 22.978251
939.500000 459 21.424285 459.000000 21.424285
940.500000 519 22.781571 519.000000 22.781571
941.500000 491 22.158520 491.000000 22.158520
942.500000 519 22.781571 519.000000 22.781571
943.500000 504 22.449944 504.000000 22.449944
944.500000 469 21.656408 469.000000 21.656408
945.500000 491 22.158520 491.000000 22.158520
946.500000 524 22.891046 524.000000 22.891046
947.500000 501 22.383029 501.000000 22.383029
948.500000 527 22.956481 527.000000 22.956481
949.500000 510 22.583180 510.000000 22.583180
950.500000 498 22.315914 498.000000 22.315914
951.500000 498 22.315914 498.000000 22.315914
952.500000 473 21.748563 473.000000 21.748563
953.500000 513 22.649503 513.000000 22.649503
954.500000 513 22.649503 513.000000 22.649503
955.500000 468 21.633308 468.000000 21.633308
956.500000 518 22.759613 518.000000 22.759613
957.500000 497 22.293497 497.000000 22.293497
958.500000 492 22.181073 492.000000 22.181073
959.500000 481 21.931712 481.000000 21.931712
960.500000 505 22.472205 505.000000 22.472205
961.500000 480 21.908902 480.000000 21.908902
962.500000 449 21.189620 449.000000 21.189620
963.500000 473 21.748563 473.000000 21.748563
964.500000 435 20.856654 435.000000 20.856654
965.500000 454 21.307276 454.000000 21.307276
966.500000 463 21.517435 463.000000 21.517435
967.500000 496 22.271057 496.000000 22.271057
968.500000 470 21.679483 470.000000 21.679483
969.500000 473 21.748563 473.000000 21.748563
970.500000 472 21.725561 472.000000 21.725561
971.500000 503 22.427661 503.000000 22.427661
972.500000 471 21.702534 471.000000 21.702534
973.500000 470 21.679483 470.000000 21.679483
974.500000 492 22.181073 492.000000 22.181073
975.500000 450 21.213203 450.000000 21.213203
976.500000 475 21.794495 475.000000 21.794495
977.500000 460 21.447611 460.000000 21.447611
978.500000 461 21.470911 461.000000 21.470911
979.500000 459 21.424285 459.000000 21.424285
980.500000 439 20.952327 439.000000 20.952327
981.500000 437 20.904545 437.000000 20.904545
982.500000 451 21.236761 451.000000 21.236761
983.500000 438 20.928450 438.000000 20.928450
984.500000 435 20.856654 435.000000 20.856654
985.500000 440 20.976177 440.000000 20.976177
986.500000 484 22.000000 484.000000 22.000000
987.500000 466 21.587033 466.000000 21.587033
988.500000 444 21.071308 444.000000 21.071308
989.500000 423 20.566964 423.000000 20.566964
990.500000 457 21.377558 457.000000 21.377558
991.500000 451 21.236761 451.000000 21.236761
992.500000 419 20.469489 419.000000 20.469489
993.500000 432 20.784610 432.000000 20.784610
994.500000 426 20.639767 426.000000 20.639767
995.500000 409 20.223748 409.000000 20.223748
996.500000 453 21.283797 453.000000 21.283797
997.500000 445 21.095023 445.000000 21.095023
998.500000 422 20.542639 422.000000 20.542639
999.500000 449 21.189620 449.000000 21.189620
1000.500000 410 20.248457 410.000000 20.248457
1001.500000 468 21.633308 468.000000 21.633308
1002.500000 407 20.174241 407.000000 20.174241
1003.500000 436 20.880613 436.000000 20.880613
1004.500000 426 20.639767 426.000000 20.639767
1005.500000 411 20.273135 411.000000 20.273135
1006.500000 357 18.894444 357.000000 18.894444
1007.500000 410 20.248457 410.000000 20.248457
1008.500000 433 20.808652 433.000000 20.808652
1009.500000 403 20.074860 403.000000 20.074860
1010.500000 384 19.595918 384.000000 19.595918
1011.500000 380 19.493589 380.000000 19.493589
1012.500000 394 19.849433 394.000000 19.849433
1013.500000 415 20.371549 415.000000 20.371549
1014.500000 384 19.595918 384.000000 19.595918
1015.500000 406 20.149442 406.000000 20.149442
1016.500000 390 19.748418 390.000000 19.748418
1017.500000 378 19.442222 378.000000 19.442222
1018.500000 395 19.874607 395.000000 19.874607
1019.500000 393 19.824228 393.000000 19.824228
1020.500000 386 19.646883 386.000000 19.646883
1021.500000 397 19.924859 397.000000 19.924859
1022.500000 366 19.131126 366.000000 19.131126
1023.500000 391 19.773720 391.000000 19.773720
