# name, dx, fmax, fmax_err, norm_value, norm_vale_err
# outD_bkgd 1 317 17.804493814764857 1 0
# bin_center, freq, freq_err, norm_freq, norm_freq_err
0.500000 0 0.000000 0.000000 0.000000
1.500000 0 0.000000 0.000000 0.000000
2.500000 0 0.000000 0.000000 0.000000
3.500000 0 0.000000 0.000000 0.000000
4.500000 0 0.000000 0.000000 0.000000
5.500000 0 0.000000 0.000000 0.000000
6.500000 1 1.000000 1.000000 1.000000
7.500000 1 1.000000 1.000000 1.000000
8.500000 15 3.872983 15.000000 3.872983
9.500000 25 5.000000 25.000000 5.000000
10.500000 23 4.795832 23.000000 4.795832
11.500000 32 5.656854 32.000000 5.656854
12.500000 44 6.633250 44.000000 6.633250
13.500000 30 5.477226 30.000000 5.477226
14.500000 39 6.244998 39.000000 6.244998
15.500000 35 5.916080 35.000000 5.916080
16.500000 30 5.477226 30.000000 5.477226
17.500000 42 6.480741 42.000000 6.480741
18.500000 41 6.403124 41.000000 6.403124
19.500000 32 5.656854 32.000000 5.656854
20.500000 33 5.744563 33.000000 5.744563
21.500000 46 6.782330 46.000000 6.782330
22.500000 39 6.244998 39.000000 6.244998
23.500000 62 7.874008 62.000000 7.874008
24.500000 54 7.348469 54.000000 7.348469
25.500000 51 7.141428 51.000000 7.141428
26.500000 51 7.141428 51.000000 7.141428
27.500000 51 7.141428 51.000000 7.141428
28.500000 65 8.062258 65.000000 8.062258
29.500000 60 7.745967 60.000000 7.745967
30.500000 53 7.280110 53.000000 7.280110
31.500000 87 9.327379 87.000000 9.327379
32.500000 57 7.549834 57.000000 7.549834
33.500000 75 8.660254 75.000000 8.660254
34.500000 83 9.110434 83.000000 9.110434
35.500000 94 9.695360 94.000000 9.695360
36.500000 81 9.000000 81.000000 9.000000
37.500000 93 9.643651 93.000000 9.643651
38.500000 76 8.717798 76.000000 8.717798
39.500000 112 10.583005 112.000000 10.583005
40.500000 109 10.440307 109.000000 10.440307
41.500000 111 10.535654 111.000000 10.535654
42.500000 95 9.746794 95.000000 9.746794
43.500000 89 9.433981 89.000000 9.433981
44.500000 91 9.539392 91.000000 9.539392
45.500000 121 11.000000 121.000000 11.000000
46.500000 122 11.045361 122.000000 11.045361
47.500000 148 12.165525 148.000000 12.165525
48.500000 109 10.440307 109.000000 10.440307
49.500000 130 11.401754 130.000000 11.401754
50.500000 138 11.747340 138.000000 11.747340
51.500000 152 12.328828 152.000000 12.328828
52.500000 145 12.041595 145.000000 12.041595
53.500000 117 10.816654 117.000000 10.816654
54.500000 140 11.832160 140.000000 11.832160
55.500000 156 12.489996 156.000000 12.489996
56.500000 146 12.083046 146.000000 12.083046
57.500000 150 12.247449 150.000000 12.247449
58.500000 144 12.000000 144.000000 12.000000
59.500000 171 13.076697 171.000000 13.076697
60.500000 173 13.152946 173.000000 13.152946
61.500000 162 12.727922 162.000000 12.727922
62.500000 160 12.649111 160.000000 12.649111
63.500000 146 12.083046 146.000000 12.083046
64.500000 157 12.529964 157.000000 12.529964
65.500000 137 11.704700 137.000000 11.704700
66.500000 134 11.575837 134.000000 11.575837
67.500000 141 11.874342 141.000000 11.874342
68.500000 153 12.369317 153.000000 12.369317
69.500000 185 13.601471 185.000000 13.601471
70.500000 176 13.266499 176.000000 13.266499
71.500000 157 12.529964 157.000000 12.529964
72.500000 136 11.661904 136.000000 11.661904
73.500000 164 12.806248 164.000000 12.806248
74.500000 165 12.845233 165.000000 12.845233
75.500000 144 12.000000 144.000000 12.000000
76.500000 165 12.845233 165.000000 12.845233
77.500000 152 12.328828 152.000000 12.328828
78.500000 168 12.961481 168.000000 12.961481
79.500000 159 12.609520 159.000000 12.609520
80.500000 145 12.041595 145.000000 12.041595
81.500000 158 12.569805 158.000000 12.569805
82.500000 156 12.489996 156.000000 12.489996
83.500000 170 13.038405 170.000000 13.038405
84.500000 149 12.206556 149.000000 12.206556
85.500000 163 12.767145 163.000000 12.767145
86.500000 154 12.409674 154.000000 12.409674
87.500000 134 11.575837 134.000000 11.575837
88.500000 171 13.076697 171.000000 13.076697
89.500000 137 11.704700 137.000000 11.704700
90.500000 141 11.874342 141.000000 11.874342
91.500000 153 12.369317 153.000000 12.369317
92.500000 156 12.489996 156.000000 12.489996
93.500000 156 12.489996 156.000000 12.489996
94.500000 161 12.688578 161.000000 12.688578
95.500000 161 12.688578 161.000000 12.688578
96.500000 161 12.688578 161.000000 12.688578
97.500000 152 12.328828 152.000000 12.328828
98.500000 138 11.747340 138.000000 11.747340
99.500000 123 11.090537 123.000000 11.090537
100.500000 146 12.083046 146.000000 12.083046
101.500000 148 12.165525 148.000000 12.165525
102.500000 138 11.747340 138.000000 11.747340
103.500000 151 12.288206 151.000000 12.288206
104.500000 166 12.884099 166.000000 12.884099
105.500000 162 12.727922 162.000000 12.727922
106.500000 141 11.874342 141.000000 11.874342
107.500000 153 12.369317 153.000000 12.369317
108.500000 168 12.961481 168.000000 12.961481
109.500000 151 12.288206 151.000000 12.288206
110.500000 155 12.449900 155.000000 12.449900
111.500000 164 12.806248 164.000000 12.806248
112.500000 170 13.038405 170.000000 13.038405
113.500000 165 12.845233 165.000000 12.845233
114.500000 136 11.661904 136.000000 11.661904
115.500000 162 12.727922 162.000000 12.727922
116.500000 147 12.124356 147.000000 12.124356
117.500000 147 12.124356 147.000000 12.124356
118.500000 147 12.124356 147.000000 12.124356
119.500000 148 12.165525 148.000000 12.165525
120.500000 159 12.609520 159.000000 12.609520
121.500000 157 12.529964 157.000000 12.529964
122.500000 159 12.609520 159.000000 12.609520
123.500000 163 12.767145 163.000000 12.767145
124.500000 161 12.688578 161.000000 12.688578
125.500000 159 12.609520 159.000000 12.609520
126.500000 156 12.489996 156.000000 12.489996
127.500000 144 12.000000 144.000000 12.000000
128.500000 164 12.806248 164.000000 12.806248
129.500000 155 12.449900 155.000000 12.449900
130.500000 152 12.328828 152.000000 12.328828
131.500000 156 12.489996 156.000000 12.489996
132.500000 184 13.564660 184.000000 13.564660
133.500000 149 12.206556 149.000000 12.206556
134.500000 156 12.489996 156.000000 12.489996
135.500000 176 13.266499 176.000000 13.266499
136.500000 165 12.845233 165.000000 12.845233
137.500000 171 13.076697 171.000000 13.076697
138.500000 157 12.529964 157.000000 12.529964
139.500000 160 12.649111 160.000000 12.649111
140.500000 147 12.124356 147.000000 12.124356
141.500000 163 12.767145 163.000000 12.767145
142.500000 144 12.000000 144.000000 12.000000
143.500000 168 12.961481 168.000000 12.961481
144.500000 169 13.000000 169.000000 13.000000
145.500000 175 13.228757 175.000000 13.228757
146.500000 173 13.152946 173.000000 13.152946
147.500000 162 12.727922 162.000000 12.727922
148.500000 171 13.076697 171.000000 13.076697
149.500000 165 12.845233 165.000000 12.845233
150.500000 197 14.035669 197.000000 14.035669
151.500000 191 13.820275 191.000000 13.820275
152.500000 189 13.747727 189.000000 13.747727
153.500000 153 12.369317 153.000000 12.369317
154.500000 167 12.922848 167.000000 12.922848
155.500000 158 12.569805 158.000000 12.569805
156.500000 180 13.416408 180.000000 13.416408
157.500000 190 13.784049 190.000000 13.784049
158.500000 181 13.453624 181.000000 13.453624
159.500000 164 12.806248 164.000000 12.806248
160.500000 200 14.142136 200.000000 14.142136
161.500000 188 13.711309 188.000000 13.711309
162.500000 202 14.212670 202.000000 14.212670
163.500000 188 13.711309 188.000000 13.711309
164.500000 217 14.730920 217.000000 14.730920
165.500000 189 13.747727 189.000000 13.747727
166.500000 212 14.560220 212.000000 14.560220
167.500000 174 13.190906 174.000000 13.190906
168.500000 198 14.071247 198.000000 14.071247
169.500000 195 13.964240 195.000000 13.964240
170.500000 222 14.899664 222.000000 14.899664
171.500000 179 13.379088 179.000000 13.379088
172.500000 196 14.000000 196.000000 14.000000
173.500000 230 15.165751 230.000000 15.165751
174.500000 174 13.190906 174.000000 13.190906
175.500000 215 14.662878 215.000000 14.662878
176.500000 199 14.106736 199.000000 14.106736
177.500000 222 14.899664 222.000000 14.899664
178.500000 221 14.866069 221.000000 14.866069
179.500000 185 13.601471 185.000000 13.601471
180.500000 220 14.832397 220.000000 14.832397
181.500000 222 14.899664 222.000000 14.899664
182.500000 209 14.456832 209.000000 14.456832
183.500000 206 14.352700 206.000000 14.352700
184.500000 259 16.093477 259.000000 16.093477
185.500000 227 15.066519 227.000000 15.066519
186.500000 212 14.560220 212.000000 14.560220
187.500000 240 15.491933 240.000000 15.491933
188.500000 227 15.066519 227.000000 15.066519
189.500000 251 15.842980 251.000000 15.842980
190.500000 231 15.198684 231.000000 15.198684
191.500000 254 15.937377 254.000000 15.937377
192.500000 229 15.132746 229.000000 15.132746
193.500000 231 15.198684 231.000000 15.198684
194.500000 229 15.132746 229.000000 15.132746
195.500000 244 15.620499 244.000000 15.620499
196.500000 248 15.748016 248.000000 15.748016
197.500000 230 15.165751 230.000000 15.165751
198.500000 254 15.937377 254.000000 15.937377
199.500000 252 15.874508 252.000000 15.874508
200.500000 269 16.401219 269.000000 16.401219
201.500000 240 15.491933 240.000000 15.491933
202.500000 235 15.329710 235.000000 15.329710
203.500000 269 16.401219 269.000000 16.401219
204.500000 248 15.748016 248.000000 15.748016
205.500000 243 15.588457 243.000000 15.588457
206.500000 236 15.362291 236.000000 15.362291
207.500000 237 15.394804 237.000000 15.394804
208.500000 244 15.620499 244.000000 15.620499
209.500000 252 15.874508 252.000000 15.874508
210.500000 246 15.684387 246.000000 15.684387
211.500000 246 15.684387 246.000000 15.684387
212.500000 256 16.000000 256.000000 16.000000
213.500000 255 15.968719 255.000000 15.968719
214.500000 227 15.066519 227.000000 15.066519
215.500000 257 16.031220 257.000000 16.031220
216.500000 219 14.798649 219.000000 14.798649
217.500000 235 15.329710 235.000000 15.329710
218.500000 254 15.937377 254.000000 15.937377
219.500000 254 15.937377 254.000000 15.937377
220.500000 250 15.811388 250.000000 15.811388
221.500000 269 16.401219 269.000000 16.401219
222.500000 261 16.155494 261.000000 16.155494
223.500000 294 17.146428 294.000000 17.146428
224.500000 254 15.937377 254.000000 15.937377
225.500000 257 16.031220 257.000000 16.031220
226.500000 239 15.459625 239.000000 15.459625
227.500000 239 15.459625 239.000000 15.459625
228.500000 241 15.524175 241.000000 15.524175
229.500000 253 15.905974 253.000000 15.905974
230.500000 273 16.522712 273.000000 16.522712
231.500000 256 16.000000 256.000000 16.000000
232.500000 269 16.401219 269.000000 16.401219
233.500000 229 15.132746 229.000000 15.132746
234.500000 269 16.401219 269.000000 16.401219
235.500000 262 16.186414 262.000000 16.186414
236.500000 256 16.000000 256.000000 16.000000
237.500000 267 16.340135 267.000000 16.340135
238.500000 234 15.297059 234.000000 15.297059
239.500000 317 17.804494 317.000000 17.804494
240.500000 250 15.811388 250.000000 15.811388
241.500000 235 15.329710 235.000000 15.329710
242.500000 245 15.652476 245.000000 15.652476
243.500000 238 15.427249 238.000000 15.427249
244.500000 286 16.911535 286.000000 16.911535
245.500000 272 16.492423 272.000000 16.492423
246.500000 236 15.362291 236.000000 15.362291
247.500000 267 16.340135 267.000000 16.340135
248.500000 263 16.217275 263.000000 16.217275
249.500000 218 14.764823 218.000000 14.764823
250.500000 245 15.652476 245.000000 15.652476
251.500000 259 16.093477 259.000000 16.093477
252.500000 240 15.491933 240.000000 15.491933
253.500000 278 16.673332 278.000000 16.673332
254.500000 240 15.491933 240.000000 15.491933
255.500000 262 16.186414 262.000000 16.186414
256.500000 281 16.763055 281.000000 16.763055
257.500000 253 15.905974 253.000000 15.905974
258.500000 235 15.329710 235.000000 15.329710
259.500000 247 15.716234 247.000000 15.716234
260.500000 247 15.716234 247.000000 15.716234
261.500000 245 15.652476 245.000000 15.652476
262.500000 291 17.058722 291.000000 17.058722
263.500000 270 16.431677 270.000000 16.431677
264.500000 229 15.132746 229.000000 15.132746
265.500000 236 15.362291 236.000000 15.362291
266.500000 225 15.000000 225.000000 15.000000
267.500000 255 15.968719 255.000000 15.968719
268.500000 241 15.524175 241.000000 15.524175
269.500000 253 15.905974 253.000000 15.905974
270.500000 278 16.673332 278.000000 16.673332
271.500000 244 15.620499 244.000000 15.620499
272.500000 266 16.309506 266.000000 16.309506
273.500000 227 15.066519 227.000000 15.066519
274.500000 259 16.093477 259.000000 16.093477
275.500000 261 16.155494 261.000000 16.155494
276.500000 266 16.309506 266.000000 16.309506
277.500000 259 16.093477 259.000000 16.093477
278.500000 263 16.217275 263.000000 16.217275
279.500000 247 15.716234 247.000000 15.716234
280.500000 267 16.340135 267.000000 16.340135
281.500000 229 15.132746 229.000000 15.132746
282.500000 250 15.811388 250.000000 15.811388
283.500000 258 16.062378 258.000000 16.062378
284.500000 261 16.155494 261.000000 16.155494
285.500000 237 15.394804 237.000000 15.394804
286.500000 252 15.874508 252.000000 15.874508
287.500000 209 14.456832 209.000000 14.456832
288.500000 234 15.297059 234.000000 15.297059
289.500000 254 15.937377 254.000000 15.937377
290.500000 241 15.524175 241.000000 15.524175
291.500000 226 15.033296 226.000000 15.033296
292.500000 246 15.684387 246.000000 15.684387
293.500000 242 15.556349 242.000000 15.556349
294.500000 207 14.387495 207.000000 14.387495
295.500000 253 15.905974 253.000000 15.905974
296.500000 247 15.716234 247.000000 15.716234
297.500000 213 14.594520 213.000000 14.594520
298.500000 229 15.132746 229.000000 15.132746
299.500000 231 15.198684 231.000000 15.198684
300.500000 241 15.524175 241.000000 15.524175
301.500000 250 15.811388 250.000000 15.811388
302.500000 209 14.456832 209.000000 14.456832
303.500000 236 15.362291 236.000000 15.362291
304.500000 229 15.132746 229.000000 15.132746
305.500000 225 15.000000 225.000000 15.000000
306.500000 216 14.696938 216.000000 14.696938
307.500000 202 14.212670 202.000000 14.212670
308.500000 256 16.000000 256.000000 16.000000
309.500000 232 15.231546 232.000000 15.231546
310.500000 209 14.456832 209.000000 14.456832
311.500000 242 15.556349 242.000000 15.556349
312.500000 239 15.459625 239.000000 15.459625
313.500000 242 15.556349 242.000000 15.556349
314.500000 207 14.387495 207.000000 14.387495
315.500000 227 15.066519 227.000000 15.066519
316.500000 241 15.524175 241.000000 15.524175
317.500000 211 14.525839 211.000000 14.525839
318.500000 233 15.264338 233.000000 15.264338
319.500000 219 14.798649 219.000000 14.798649
320.500000 244 15.620499 244.000000 15.620499
321.500000 240 15.491933 240.000000 15.491933
322.500000 236 15.362291 236.000000 15.362291
323.500000 236 15.362291 236.000000 15.362291
324.500000 209 14.456832 209.000000 14.456832
325.500000 223 14.933185 223.000000 14.933185
326.500000 215 14.662878 215.000000 14.662878
327.500000 224 14.966630 224.000000 14.966630
328.500000 211 14.525839 211.000000 14.525839
329.500000 224 14.966630 224.000000 14.966630
330.500000 222 14.899664 222.000000 14.899664
331.500000 207 14.387495 207.000000 14.387495
332.500000 222 14.899664 222.000000 14.899664
333.500000 233 15.264338 233.000000 15.264338
334.500000 200 14.142136 200.000000 14.142136
335.500000 212 14.560220 212.000000 14.560220
336.500000 200 14.142136 200.000000 14.142136
337.500000 209 14.456832 209.000000 14.456832
338.500000 214 14.628739 214.000000 14.628739
339.500000 221 14.866069 221.000000 14.866069
340.500000 219 14.798649 219.000000 14.798649
341.500000 201 14.177447 201.000000 14.177447
342.500000 221 14.866069 221.000000 14.866069
343.500000 236 15.362291 236.000000 15.362291
344.500000 197 14.035669 197.000000 14.035669
345.500000 201 14.177447 201.000000 14.177447
346.500000 225 15.000000 225.000000 15.000000
347.500000 218 14.764823 218.000000 14.764823
348.500000 211 14.525839 211.000000 14.525839
349.500000 182 13.490738 182.000000 13.490738
350.500000 214 14.628739 214.000000 14.628739
351.500000 201 14.177447 201.000000 14.177447
352.500000 207 14.387495 207.000000 14.387495
353.500000 206 14.352700 206.000000 14.352700
354.500000 208 14.422205 208.000000 14.422205
355.500000 204 14.282857 204.000000 14.282857
356.500000 199 14.106736 199.000000 14.106736
357.500000 179 13.379088 179.000000 13.379088
358.500000 232 15.231546 232.000000 15.231546
359.500000 228 15.099669 228.000000 15.099669
360.500000 207 14.387495 207.000000 14.387495
361.500000 214 14.628739 214.000000 14.628739
362.500000 217 14.730920 217.000000 14.730920
363.500000 163 12.767145 163.000000 12.767145
364.500000 214 14.628739 214.000000 14.628739
365.500000 189 13.747727 189.000000 13.747727
366.500000 205 14.317821 205.000000 14.317821
367.500000 206 14.352700 206.000000 14.352700
368.500000 182 13.490738 182.000000 13.490738
369.500000 222 14.899664 222.000000 14.899664
370.500000 223 14.933185 223.000000 14.933185
371.500000 202 14.212670 202.000000 14.212670
372.500000 187 13.674794 187.000000 13.674794
373.500000 183 13.527749 183.000000 13.527749
374.500000 184 13.564660 184.000000 13.564660
375.500000 219 14.798649 219.000000 14.798649
376.500000 209 14.456832 209.000000 14.456832
377.500000 195 13.964240 195.000000 13.964240
378.500000 217 14.730920 217.000000 14.730920
379.500000 189 13.747727 189.000000 13.747727
380.500000 209 14.456832 209.000000 14.456832
381.500000 189 13.747727 189.000000 13.747727
382.500000 213 14.594520 213.000000 14.594520
383.500000 206 14.352700 206.000000 14.352700
384.500000 206 14.352700 206.000000 14.352700
385.500000 244 15.620499 244.000000 15.620499
386.500000 231 15.198684 231.000000 15.198684
387.500000 221 14.866069 221.000000 14.866069
388.500000 174 13.190906 174.000000 13.190906
389.500000 177 13.304135 177.000000 13.304135
390.500000 182 13.490738 182.000000 13.490738
391.500000 196 14.000000 196.000000 14.000000
392.500000 199 14.106736 199.000000 14.106736
393.500000 204 14.282857 204.000000 14.282857
394.500000 177 13.304135 177.000000 13.304135
395.500000 223 14.933185 223.000000 14.933185
396.500000 219 14.798649 219.000000 14.798649
397.500000 188 13.711309 188.000000 13.711309
398.500000 197 14.035669 197.000000 14.035669
399.500000 169 13.000000 169.000000 13.000000
400.500000 209 14.456832 209.000000 14.456832
401.500000 210 14.491377 210.000000 14.491377
402.500000 198 14.071247 198.000000 14.071247
403.500000 183 13.527749 183.000000 13.527749
404.500000 195 13.964240 195.000000 13.964240
405.500000 214 14.628739 214.000000 14.628739
406.500000 166 12.884099 166.000000 12.884099
407.500000 181 13.453624 181.000000 13.453624
408.500000 177 13.304135 177.000000 13.304135
409.500000 206 14.352700 206.000000 14.352700
410.500000 197 14.035669 197.000000 14.035669
411.500000 179 13.379088 179.000000 13.379088
412.500000 173 13.152946 173.000000 13.152946
413.500000 166 12.884099 166.000000 12.884099
414.500000 190 13.784049 190.000000 13.784049
415.500000 179 13.379088 179.000000 13.379088
416.500000 184 13.564660 184.000000 13.564660
417.500000 171 13.076697 171.000000 13.076697
418.500000 183 13.527749 183.000000 13.527749
419.500000 171 13.076697 171.000000 13.076697
420.500000 188 13.711309 188.000000 13.711309
421.500000 161 12.688578 161.000000 12.688578
422.500000 163 12.767145 163.000000 12.767145
423.500000 171 13.076697 171.000000 13.076697
424.500000 169 13.000000 169.000000 13.000000
425.500000 192 13.856406 192.000000 13.856406
426.500000 168 12.961481 168.000000 12.961481
427.500000 164 12.806248 164.000000 12.806248
428.500000 179 13.379088 179.000000 13.379088
429.500000 195 13.964240 195.000000 13.964240
430.500000 157 12.529964 157.000000 12.529964
431.500000 168 12.961481 168.000000 12.961481
432.500000 165 12.845233 165.000000 12.845233
433.500000 187 13.674794 187.000000 13.674794
434.500000 188 13.711309 188.000000 13.711309
435.500000 156 12.489996 156.000000 12.489996
436.500000 160 12.649111 160.000000 12.649111
437.500000 178 13.341664 178.000000 13.341664
438.500000 168 12.961481 168.000000 12.961481
439.500000 172 13.114877 172.000000 13.114877
440.500000 165 12.845233 165.000000 12.845233
441.500000 172 13.114877 172.000000 13.114877
442.500000 179 13.379088 179.000000 13.379088
443.500000 145 12.041595 145.000000 12.041595
444.500000 188 13.711309 188.000000 13.711309
445.500000 170 13.038405 170.000000 13.038405
446.500000 155 12.449900 155.000000 12.449900
447.500000 151 12.288206 151.000000 12.288206
448.500000 158 12.569805 158.000000 12.569805
449.500000 170 13.038405 170.000000 13.038405
450.500000 155 12.449900 155.000000 12.449900
451.500000 155 12.449900 155.000000 12.449900
452.500000 170 13.038405 170.000000 13.038405
453.500000 152 12.328828 152.000000 12.328828
454.500000 153 12.369317 153.000000 12.369317
455.500000 178 13.341664 178.000000 13.341664
456.500000 167 12.922848 167.000000 12.922848
457.500000 172 13.114877 172.000000 13.114877
458.500000 156 12.489996 156.000000 12.489996
459.500000 158 12.569805 158.000000 12.569805
460.500000 137 11.704700 137.000000 11.704700
461.500000 158 12.569805 158.000000 12.569805
462.500000 161 12.688578 161.000000 12.688578
463.500000 155 12.449900 155.000000 12.449900
464.500000 168 12.961481 168.000000 12.961481
465.500000 145 12.041595 145.000000 12.041595
466.500000 168 12.961481 168.000000 12.961481
467.500000 170 13.038405 170.000000 13.038405
468.500000 166 12.884099 166.000000 12.884099
469.500000 150 12.247449 150.000000 12.247449
470.500000 151 12.288206 151.000000 12.288206
471.500000 147 12.124356 147.000000 12.124356
472.500000 186 13.638182 186.000000 13.638182
473.500000 149 12.206556 149.000000 12.206556
474.500000 138 11.747340 138.000000 11.747340
475.500000 150 12.247449 150.000000 12.247449
476.500000 136 11.661904 136.000000 11.661904
477.500000 134 11.575837 134.000000 11.575837
478.500000 152 12.328828 152.000000 12.328828
479.500000 160 12.649111 160.000000 12.649111
480.500000 166 12.884099 166.000000 12.884099
481.500000 148 12.165525 148.000000 12.165525
482.500000 134 11.575837 134.000000 11.575837
483.500000 139 11.789826 139.000000 11.789826
484.500000 153 12.369317 153.000000 12.369317
485.500000 141 11.874342 141.000000 11.874342
486.500000 140 11.832160 140.000000 11.832160
487.500000 149 12.206556 149.000000 12.206556
488.500000 145 12.041595 145.000000 12.041595
489.500000 139 11.789826 139.000000 11.789826
490.500000 150 12.247449 150.000000 12.247449
491.500000 136 11.661904 136.000000 11.661904
492.500000 130 11.401754 130.000000 11.401754
493.500000 135 11.618950 135.000000 11.618950
494.500000 134 11.575837 134.000000 11.575837
495.500000 161 12.688578 161.000000 12.688578
496.500000 140 11.832160 140.000000 11.832160
497.500000 123 11.090537 123.000000 11.090537
498.500000 127 11.269428 127.000000 11.269428
499.500000 127 11.269428 127.000000 11.269428
500.500000 116 10.770330 116.000000 10.770330
501.500000 127 11.269428 127.000000 11.269428
502.500000 133 11.532563 133.000000 11.532563
503.500000 144 12.000000 144.000000 12.000000
504.500000 127 11.269428 127.000000 11.269428
505.500000 146 12.083046 146.000000 12.083046
506.500000 104 10.198039 104.000000 10.198039
507.500000 109 10.440307 109.000000 10.440307
508.500000 103 10.148892 103.000000 10.148892
509.500000 119 10.908712 119.000000 10.908712
510.500000 127 11.269428 127.000000 11.269428
511.500000 107 10.344080 107.000000 10.344080
512.500000 120 10.954451 120.000000 10.954451
513.500000 93 9.643651 93.000000 9.643651
514.500000 127 11.269428 127.000000 11.269428
515.500000 133 11.532563 133.000000 11.532563
516.500000 117 10.816654 117.000000 10.816654
517.500000 138 11.747340 138.000000 11.747340
518.500000 117 10.816654 117.000000 10.816654
519.500000 113 10.630146 113.000000 10.630146
520.500000 108 10.392305 108.000000 10.392305
521.500000 119 10.908712 119.000000 10.908712
522.500000 121 11.000000 121.000000 11.000000
523.500000 101 10.049876 101.000000 10.049876
524.500000 101 10.049876 101.000000 10.049876
525.500000 112 10.583005 112.000000 10.583005
526.500000 109 10.440307 109.000000 10.440307
527.500000 117 10.816654 117.000000 10.816654
528.500000 116 10.770330 116.000000 10.770330
529.500000 109 10.440307 109.000000 10.440307
530.500000 103 10.148892 103.000000 10.148892
531.500000 99 9.949874 99.000000 9.949874
532.500000 125 11.180340 125.000000 11.180340
533.500000 96 9.797959 96.000000 9.797959
534.500000 109 10.440307 109.000000 10.440307
535.500000 113 10.630146 113.000000 10.630146
536.500000 101 10.049876 101.000000 10.049876
537.500000 96 9.797959 96.000000 9.797959
538.500000 107 10.344080 107.000000 10.344080
539.500000 118 10.862780 118.000000 10.862780
540.500000 110 10.488088 110.000000 10.488088
541.500000 98 9.899495 98.000000 9.899495
542.500000 106 10.295630 106.000000 10.295630
543.500000 120 10.954451 120.000000 10.954451
544.500000 90 9.486833 90.000000 9.486833
545.500000 118 10.862780 118.000000 10.862780
546.500000 115 10.723805 115.000000 10.723805
547.500000 100 10.000000 100.000000 10.000000
548.500000 107 10.344080 107.000000 10.344080
549.500000 113 10.630146 113.000000 10.630146
550.500000 97 9.848858 97.000000 9.848858
551.500000 113 10.630146 113.000000 10.630146
552.500000 91 9.539392 91.000000 9.539392
553.500000 95 9.746794 95.000000 9.746794
554.500000 106 10.295630 106.000000 10.295630
555.500000 93 9.643651 93.000000 9.643651
556.500000 88 9.380832 88.000000 9.380832
557.500000 106 10.295630 106.000000 10.295630
558.500000 101 10.049876 101.000000 10.049876
559.500000 94 9.695360 94.000000 9.695360
560.500000 102 10.099505 102.000000 10.099505
561.500000 101 10.049876 101.000000 10.049876
562.500000 98 9.899495 98.000000 9.899495
563.500000 91 9.539392 91.000000 9.539392
564.500000 93 9.643651 93.000000 9.643651
565.500000 99 9.949874 99.000000 9.949874
566.500000 98 9.899495 98.000000 9.899495
567.500000 95 9.746794 95.000000 9.746794
568.500000 86 9.273618 86.000000 9.273618
569.500000 99 9.949874 99.000000 9.949874
570.500000 90 9.486833 90.000000 9.486833
571.500000 90 9.486833 90.000000 9.486833
572.500000 82 9.055385 82.000000 9.055385
573.500000 78 8.831761 78.000000 8.831761
574.500000 95 9.746794 95.000000 9.746794
575.500000 92 9.591663 92.000000 9.591663
576.500000 113 10.630146 113.000000 10.630146
577.500000 91 9.539392 91.000000 9.539392
578.500000 86 9.273618 86.000000 9.273618
579.500000 85 9.219544 85.000000 9.219544
580.500000 73 8.544004 73.000000 8.544004
581.500000 83 9.110434 83.000000 9.110434
582.500000 88 9.380832 88.000000 9.380832
583.500000 99 9.949874 99.000000 9.949874
584.500000 80 8.944272 80.000000 8.944272
585.500000 102 10.099505 102.000000 10.099505
586.500000 89 9.433981 89.000000 9.433981
587.500000 96 9.797959 96.000000 9.797959
588.500000 66 8.124038 66.000000 8.124038
589.500000 85 9.219544 85.000000 9.219544
590.500000 89 9.433981 89.000000 9.433981
591.500000 81 9.000000 81.000000 9.000000
592.500000 77 8.774964 77.000000 8.774964
593.500000 92 9.591663 92.000000 9.591663
594.500000 81 9.000000 81.000000 9.000000
595.500000 86 9.273618 86.000000 9.273618
596.500000 81 9.000000 81.000000 9.000000
597.500000 76 8.717798 76.000000 8.717798
598.500000 59 7.681146 59.000000 7.681146
599.500000 88 9.380832 88.000000 9.380832
600.500000 91 9.539392 91.000000 9.539392
601.500000 72 8.485281 72.000000 8.485281
602.500000 79 8.888194 79.000000 8.888194
603.500000 70 8.366600 70.000000 8.366600
604.500000 78 8.831761 78.000000 8.831761
605.500000 85 9.219544 85.000000 9.219544
606.500000 85 9.219544 85.000000 9.219544
607.500000 83 9.110434 83.000000 9.110434
608.500000 94 9.695360 94.000000 9.695360
609.500000 81 9.000000 81.000000 9.000000
610.500000 105 10.246951 105.000000 10.246951
611.500000 82 9.055385 82.000000 9.055385
612.500000 63 7.937254 63.000000 7.937254
613.500000 87 9.327379 87.000000 9.327379
614.500000 83 9.110434 83.000000 9.110434
615.500000 73 8.544004 73.000000 8.544004
616.500000 69 8.306624 69.000000 8.306624
617.500000 79 8.888194 79.000000 8.888194
618.500000 63 7.937254 63.000000 7.937254
619.500000 85 9.219544 85.000000 9.219544
620.500000 76 8.717798 76.000000 8.717798
621.500000 71 8.426150 71.000000 8.426150
622.500000 87 9.327379 87.000000 9.327379
623.500000 60 7.745967 60.000000 7.745967
624.500000 61 7.810250 61.000000 7.810250
625.500000 69 8.306624 69.000000 8.306624
626.500000 65 8.062258 65.000000 8.062258
627.500000 73 8.544004 73.000000 8.544004
628.500000 74 8.602325 74.000000 8.602325
629.500000 66 8.124038 66.000000 8.124038
630.500000 58 7.615773 58.000000 7.615773
631.500000 61 7.810250 61.000000 7.810250
632.500000 76 8.717798 76.000000 8.717798
633.500000 72 8.485281 72.000000 8.485281
634.500000 66 8.124038 66.000000 8.124038
635.500000 68 8.246211 68.000000 8.246211
636.500000 62 7.874008 62.000000 7.874008
637.500000 84 9.165151 84.000000 9.165151
638.500000 75 8.660254 75.000000 8.660254
639.500000 64 8.000000 64.000000 8.000000
640.500000 49 7.000000 49.000000 7.000000
641.500000 60 7.745967 60.000000 7.745967
642.500000 55 7.416198 55.000000 7.416198
643.500000 62 7.874008 62.000000 7.874008
644.500000 70 8.366600 70.000000 8.366600
645.500000 68 8.246211 68.000000 8.246211
646.500000 57 7.549834 57.000000 7.549834
647.500000 80 8.944272 80.000000 8.944272
648.500000 66 8.124038 66.000000 8.124038
649.500000 51 7.141428 51.000000 7.141428
650.500000 60 7.745967 60.000000 7.745967
651.500000 66 8.124038 66.000000 8.124038
652.500000 58 7.615773 58.000000 7.615773
653.500000 72 8.485281 72.000000 8.485281
654.500000 74 8.602325 74.000000 8.602325
655.500000 44 6.633250 44.000000 6.633250
656.500000 61 7.810250 61.000000 7.810250
657.500000 58 7.615773 58.000000 7.615773
658.500000 60 7.745967 60.000000 7.745967
659.500000 63 7.937254 63.000000 7.937254
660.500000 51 7.141428 51.000000 7.141428
661.500000 58 7.615773 58.000000 7.615773
662.500000 58 7.615773 58.000000 7.615773
663.500000 53 7.280110 53.000000 7.280110
664.500000 57 7.549834 57.000000 7.549834
665.500000 72 8.485281 72.000000 8.485281
666.500000 62 7.874008 62.000000 7.874008
667.500000 60 7.745967 60.000000 7.745967
668.500000 60 7.745967 60.000000 7.745967
669.500000 60 7.745967 60.000000 7.745967
670.500000 59 7.681146 59.000000 7.681146
671.500000 47 6.855655 47.000000 6.855655
672.500000 66 8.124038 66.000000 8.124038
673.500000 53 7.280110 53.000000 7.280110
674.500000 61 7.810250 61.000000 7.810250
675.500000 56 7.483315 56.000000 7.483315
676.500000 60 7.745967 60.000000 7.745967
677.500000 51 7.141428 51.000000 7.141428
678.500000 53 7.280110 53.000000 7.280110
679.500000 55 7.416198 55.000000 7.416198
680.500000 62 7.874008 62.000000 7.874008
681.500000 59 7.681146 59.000000 7.681146
682.500000 53 7.280110 53.000000 7.280110
683.500000 44 6.633250 44.000000 6.633250
684.500000 56 7.483315 56.000000 7.483315
685.500000 43 6.557439 43.000000 6.557439
686.500000 57 7.549834 57.000000 7.549834
687.500000 45 6.708204 45.000000 6.708204
688.500000 47 6.855655 47.000000 6.855655
689.500000 66 8.124038 66.000000 8.124038
690.500000 60 7.745967 60.000000 7.745967
691.500000 52 7.211103 52.000000 7.211103
692.500000 46 6.782330 46.000000 6.782330
693.500000 51 7.141428 51.000000 7.141428
694.500000 45 6.708204 45.000000 6.708204
695.500000 49 7.000000 49.000000 7.000000
696.500000 52 7.211103 52.000000 7.211103
697.500000 54 7.348469 54.000000 7.348469
698.500000 59 7.681146 59.000000 7.681146
699.500000 52 7.211103 52.000000 7.211103
700.500000 49 7.000000 49.000000 7.000000
701.500000 47 6.855655 47.000000 6.855655
702.500000 36 6.000000 36.000000 6.000000
703.500000 41 6.403124 41.000000 6.403124
704.500000 59 7.681146 59.000000 7.681146
705.500000 51 7.141428 51.000000 7.141428
706.500000 36 6.000000 36.000000 6.000000
707.500000 48 6.928203 48.000000 6.928203
708.500000 46 6.782330 46.000000 6.782330
709.500000 36 6.000000 36.000000 6.000000
710.500000 47 6.855655 47.000000 6.855655
711.500000 36 6.000000 36.000000 6.000000
712.500000 33 5.744563 33.000000 5.744563
713.500000 40 6.324555 40.000000 6.324555
714.500000 59 7.681146 59.000000 7.681146
715.500000 40 6.324555 40.000000 6.324555
716.500000 40 6.324555 40.000000 6.324555
717.500000 53 7.280110 53.000000 7.280110
718.500000 50 7.071068 50.000000 7.071068
719.500000 43 6.557439 43.000000 6.557439
720.500000 53 7.280110 53.000000 7.280110
721.500000 40 6.324555 40.000000 6.324555
722.500000 51 7.141428 51.000000 7.141428
723.500000 61 7.810250 61.000000 7.810250
724.500000 48 6.928203 48.000000 6.928203
725.500000 50 7.071068 50.000000 7.071068
726.500000 42 6.480741 42.000000 6.480741
727.500000 45 6.708204 45.000000 6.708204
728.500000 38 6.164414 38.000000 6.164414
729.500000 54 7.348469 54.000000 7.348469
730.500000 46 6.782330 46.000000 6.782330
731.500000 38 6.164414 38.000000 6.164414
732.500000 41 6.403124 41.000000 6.403124
733.500000 36 6.000000 36.000000 6.000000
734.500000 51 7.141428 51.000000 7.141428
735.500000 45 6.708204 45.000000 6.708204
736.500000 40 6.324555 40.000000 6.324555
737.500000 46 6.782330 46.000000 6.782330
738.500000 57 7.549834 57.000000 7.549834
739.500000 69 8.306624 69.000000 8.306624
740.500000 48 6.928203 48.000000 6.928203
741.500000 35 5.916080 35.000000 5.916080
742.500000 39 6.244998 39.000000 6.244998
743.500000 43 6.557439 43.000000 6.557439
744.500000 39 6.244998 39.000000 6.244998
745.500000 54 7.348469 54.000000 7.348469
746.500000 34 5.830952 34.000000 5.830952
747.500000 41 6.403124 41.000000 6.403124
748.500000 40 6.324555 40.000000 6.324555
749.500000 55 7.416198 55.000000 7.416198
750.500000 40 6.324555 40.000000 6.324555
751.500000 43 6.557439 43.000000 6.557439
752.500000 44 6.633250 44.000000 6.633250
753.500000 41 6.403124 41.000000 6.403124
754.500000 40 6.324555 40.000000 6.324555
755.500000 31 5.567764 31.000000 5.567764
756.500000 39 6.244998 39.000000 6.244998
757.500000 47 6.855655 47.000000 6.855655
758.500000 33 5.744563 33.000000 5.744563
759.500000 47 6.855655 47.000000 6.855655
760.500000 41 6.403124 41.000000 6.403124
761.500000 43 6.557439 43.000000 6.557439
762.500000 37 6.082763 37.000000 6.082763
763.500000 47 6.855655 47.000000 6.855655
764.500000 52 7.211103 52.000000 7.211103
765.500000 47 6.855655 47.000000 6.855655
766.500000 43 6.557439 43.000000 6.557439
767.500000 42 6.480741 42.000000 6.480741
768.500000 52 7.211103 52.000000 7.211103
769.500000 33 5.744563 33.000000 5.744563
770.500000 27 5.196152 27.000000 5.196152
771.500000 40 6.324555 40.000000 6.324555
772.500000 34 5.830952 34.000000 5.830952
773.500000 43 6.557439 43.000000 6.557439
774.500000 40 6.324555 40.000000 6.324555
775.500000 39 6.244998 39.000000 6.244998
776.500000 31 5.567764 31.000000 5.567764
777.500000 48 6.928203 48.000000 6.928203
778.500000 37 6.082763 37.000000 6.082763
779.500000 43 6.557439 43.000000 6.557439
780.500000 40 6.324555 40.000000 6.324555
781.500000 26 5.099020 26.000000 5.099020
782.500000 50 7.071068 50.000000 7.071068
783.500000 38 6.164414 38.000000 6.164414
784.500000 46 6.782330 46.000000 6.782330
785.500000 35 5.916080 35.000000 5.916080
786.500000 37 6.082763 37.000000 6.082763
787.500000 35 5.916080 35.000000 5.916080
788.500000 38 6.164414 38.000000 6.164414
789.500000 34 5.830952 34.000000 5.830952
790.500000 39 6.244998 39.000000 6.244998
791.500000 39 6.244998 39.000000 6.244998
792.500000 29 5.385165 29.000000 5.385165
793.500000 41 6.403124 41.000000 6.403124
794.500000 43 6.557439 43.000000 6.557439
795.500000 44 6.633250 44.000000 6.633250
796.500000 37 6.082763 37.000000 6.082763
797.500000 35 5.916080 35.000000 5.916080
798.500000 35 5.916080 35.000000 5.916080
799.500000 35 5.916080 35.000000 5.916080
800.500000 36 6.000000 36.000000 6.000000
801.500000 37 6.082763 37.000000 6.082763
802.500000 35 5.916080 35.000000 5.916080
803.500000 27 5.196152 27.000000 5.196152
804.500000 27 5.196152 27.000000 5.196152
805.500000 34 5.830952 34.000000 5.830952
806.500000 39 6.244998 39.000000 6.244998
807.500000 32 5.656854 32.000000 5.656854
808.500000 39 6.244998 39.000000 6.244998
809.500000 42 6.480741 42.000000 6.480741
810.500000 27 5.196152 27.000000 5.196152
811.500000 40 6.324555 40.000000 6.324555
812.500000 28 5.291503 28.000000 5.291503
813.500000 36 6.000000 36.000000 6.000000
814.500000 33 5.744563 33.000000 5.744563
815.500000 35 5.916080 35.000000 5.916080
816.500000 35 5.916080 35.000000 5.916080
817.500000 34 5.830952 34.000000 5.830952
818.500000 24 4.898979 24.000000 4.898979
819.500000 35 5.916080 35.000000 5.916080
820.500000 31 5.567764 31.000000 5.567764
821.500000 24 4.898979 24.000000 4.898979
822.500000 23 4.795832 23.000000 4.795832
823.500000 29 5.385165 29.000000 5.385165
824.500000 29 5.385165 29.000000 5.385165
825.500000 33 5.744563 33.000000 5.744563
826.500000 32 5.656854 32.000000 5.656854
827.500000 20 4.472136 20.000000 4.472136
828.500000 30 5.477226 30.000000 5.477226
829.500000 29 5.385165 29.000000 5.385165
830.500000 26 5.099020 26.000000 5.099020
831.500000 26 5.099020 26.000000 5.099020
832.500000 31 5.567764 31.000000 5.567764
833.500000 35 5.916080 35.000000 5.916080
834.500000 20 4.472136 20.000000 4.472136
835.500000 22 4.690416 22.000000 4.690416
836.500000 19 4.358899 19.000000 4.358899
837.500000 31 5.567764 31.000000 5.567764
838.500000 33 5.744563 33.000000 5.744563
839.500000 30 5.477226 30.000000 5.477226
840.500000 38 6.164414 38.000000 6.164414
841.500000 32 5.656854 32.000000 5.656854
842.500000 26 5.099020 26.000000 5.099020
843.500000 31 5.567764 31.000000 5.567764
844.500000 28 5.291503 28.000000 5.291503
845.500000 35 5.916080 35.000000 5.916080
846.500000 26 5.099020 26.000000 5.099020
847.500000 30 5.477226 30.000000 5.477226
848.500000 24 4.898979 24.000000 4.898979
849.500000 32 5.656854 32.000000 5.656854
850.500000 22 4.690416 22.000000 4.690416
851.500000 37 6.082763 37.000000 6.082763
852.500000 26 5.099020 26.000000 5.099020
853.500000 26 5.099020 26.000000 5.099020
854.500000 32 5.656854 32.000000 5.656854
855.500000 26 5.099020 26.000000 5.099020
856.500000 33 5.744563 33.000000 5.744563
857.500000 24 4.898979 24.000000 4.898979
858.500000 24 4.898979 24.000000 4.898979
859.500000 26 5.099020 26.000000 5.099020
860.500000 23 4.795832 23.000000 4.795832
861.500000 27 5.196152 27.000000 5.196152
862.500000 29 5.385165 29.000000 5.385165
863.500000 21 4.582576 21.000000 4.582576
864.500000 26 5.099020 26.000000 5.099020
865.500000 30 5.477226 30.000000 5.477226
866.500000 28 5.291503 28.000000 5.291503
867.500000 27 5.196152 27.000000 5.196152
868.500000 26 5.099020 26.000000 5.099020
869.500000 28 5.291503 28.000000 5.291503
870.500000 26 5.099020 26.000000 5.099020
871.500000 39 6.244998 39.000000 6.244998
872.500000 33 5.744563 33.000000 5.744563
873.500000 26 5.099020 26.000000 5.099020
874.500000 29 5.385165 29.000000 5.385165
875.500000 25 5.000000 25.000000 5.000000
876.500000 26 5.099020 26.000000 5.099020
877.500000 34 5.830952 34.000000 5.830952
878.500000 30 5.477226 30.000000 5.477226
879.500000 30 5.477226 30.000000 5.477226
880.500000 28 5.291503 28.000000 5.291503
881.500000 18 4.242641 18.000000 4.242641
882.500000 33 5.744563 33.000000 5.744563
883.500000 18 4.242641 18.000000 4.242641
884.500000 24 4.898979 24.000000 4.898979
885.500000 29 5.385165 29.000000 5.385165
886.500000 27 5.196152 27.000000 5.196152
887.500000 25 5.000000 25.000000 5.000000
888.500000 30 5.477226 30.000000 5.477226
889.500000 28 5.291503 28.000000 5.291503
890.500000 32 5.656854 32.000000 5.656854
891.500000 26 5.099020 26.000000 5.099020
892.500000 29 5.385165 29.000000 5.385165
893.500000 19 4.358899 19.000000 4.358899
894.500000 24 4.898979 24.000000 4.898979
895.500000 26 5.099020 26.000000 5.099020
896.500000 36 6.000000 36.000000 6.000000
897.500000 28 5.291503 28.000000 5.291503
898.500000 31 5.567764 31.000000 5.567764
899.500000 34 5.830952 34.000000 5.830952
900.500000 26 5.099020 26.000000 5.099020
901.500000 15 3.872983 15.000000 3.872983
902.500000 23 4.795832 23.000000 4.795832
903.500000 23 4.795832 23.000000 4.795832
904.500000 29 5.385165 29.000000 5.385165
905.500000 24 4.898979 24.000000 4.898979
906.500000 25 5.000000 25.000000 5.000000
907.500000 25 5.000000 25.000000 5.000000
908.500000 25 5.000000 25.000000 5.000000
909.500000 26 5.099020 26.000000 5.099020
910.500000 25 5.000000 25.000000 5.000000
911.500000 18 4.242641 18.000000 4.242641
912.500000 22 4.690416 22.000000 4.690416
913.500000 21 4.582576 21.000000 4.582576
914.500000 26 5.099020 26.000000 5.099020
915.500000 41 6.403124 41.000000 6.403124
916.500000 25 5.000000 25.000000 5.000000
917.500000 23 4.795832 23.000000 4.795832
918.500000 26 5.099020 26.000000 5.099020
919.500000 24 4.898979 24.000000 4.898979
920.500000 23 4.795832 23.000000 4.795832
921.500000 25 5.000000 25.000000 5.000000
922.500000 15 3.872983 15.000000 3.872983
923.500000 28 5.291503 28.000000 5.291503
924.500000 25 5.000000 25.000000 5.000000
925.500000 22 4.690416 22.000000 4.690416
926.500000 24 4.898979 24.000000 4.898979
927.500000 17 4.123106 17.000000 4.123106
928.500000 20 4.472136 20.000000 4.472136
929.500000 27 5.196152 27.000000 5.196152
930.500000 14 3.741657 14.000000 3.741657
931.500000 29 5.385165 29.000000 5.385165
932.500000 19 4.358899 19.000000 4.358899
933.500000 23 4.795832 23.000000 4.795832
934.500000 18 4.242641 18.000000 4.242641
935.500000 16 4.000000 16.000000 4.000000
936.500000 25 5.000000 25.000000 5.000000
937.500000 20 4.472136 20.000000 4.472136
938.500000 20 4.472136 20.000000 4.472136
939.500000 20 4.472136 20.000000 4.472136
940.500000 28 5.291503 28.000000 5.291503
941.500000 20 4.472136 20.000000 4.472136
942.500000 24 4.898979 24.000000 4.898979
943.500000 21 4.582576 21.000000 4.582576
944.500000 25 5.000000 25.000000 5.000000
945.500000 20 4.472136 20.000000 4.472136
946.500000 15 3.872983 15.000000 3.872983
947.500000 23 4.795832 23.000000 4.795832
948.500000 31 5.567764 31.000000 5.567764
949.500000 30 5.477226 30.000000 5.477226
950.500000 24 4.898979 24.000000 4.898979
951.500000 28 5.291503 28.000000 5.291503
952.500000 19 4.358899 19.000000 4.358899
953.500000 19 4.358899 19.000000 4.358899
954.500000 18 4.242641 18.000000 4.242641
955.500000 15 3.872983 15.000000 3.872983
956.500000 22 4.690416 22.000000 4.690416
957.500000 22 4.690416 22.000000 4.690416
958.500000 17 4.123106 17.000000 4.123106
959.500000 32 5.656854 32.000000 5.656854
960.500000 19 4.358899 19.000000 4.358899
961.500000 17 4.123106 17.000000 4.123106
962.500000 17 4.123106 17.000000 4.123106
963.500000 15 3.872983 15.000000 3.872983
964.500000 15 3.872983 15.000000 3.872983
965.500000 22 4.690416 22.000000 4.690416
966.500000 17 4.123106 17.000000 4.123106
967.500000 20 4.472136 20.000000 4.472136
968.500000 22 4.690416 22.000000 4.690416
969.500000 25 5.000000 25.000000 5.000000
970.500000 21 4.582576 21.000000 4.582576
971.500000 21 4.582576 21.000000 4.582576
972.500000 18 4.242641 18.000000 4.242641
973.500000 19 4.358899 19.000000 4.358899
974.500000 15 3.872983 15.000000 3.872983
975.500000 25 5.000000 25.000000 5.000000
976.500000 17 4.123106 17.000000 4.123106
977.500000 24 4.898979 24.000000 4.898979
978.500000 23 4.795832 23.000000 4.795832
979.500000 18 4.242641 18.000000 4.242641
980.500000 24 4.898979 24.000000 4.898979
981.500000 17 4.123106 17.000000 4.123106
982.500000 24 4.898979 24.000000 4.898979
983.500000 24 4.898979 24.000000 4.898979
984.500000 21 4.582576 21.000000 4.582576
985.500000 14 3.741657 14.000000 3.741657
986.500000 16 4.000000 16.000000 4.000000
987.500000 18 4.242641 18.000000 4.242641
988.500000 17 4.123106 17.000000 4.123106
989.500000 17 4.123106 17.000000 4.123106
990.500000 14 3.741657 14.000000 3.741657
991.500000 11 3.316625 11.000000 3.316625
992.500000 21 4.582576 21.000000 4.582576
993.500000 16 4.000000 16.000000 4.000000
994.500000 13 3.605551 13.000000 3.605551
995.500000 21 4.582576 21.000000 4.582576
996.500000 16 4.000000 16.000000 4.000000
997.500000 16 4.000000 16.000000 4.000000
998.500000 21 4.582576 21.000000 4.582576
999.500000 21 4.582576 21.000000 4.582576
1000.500000 17 4.123106 17.000000 4.123106
1001.500000 16 4.000000 16.000000 4.000000
1002.500000 19 4.358899 19.000000 4.358899
1003.500000 17 4.123106 17.000000 4.123106
1004.500000 18 4.242641 18.000000 4.242641
1005.500000 17 4.123106 17.000000 4.123106
1006.500000 14 3.741657 14.000000 3.741657
1007.500000 18 4.242641 18.000000 4.242641
1008.500000 18 4.242641 18.000000 4.242641
1009.500000 17 4.123106 17.000000 4.123106
1010.500000 19 4.358899 19.000000 4.358899
1011.500000 15 3.872983 15.000000 3.872983
1012.500000 16 4.000000 16.000000 4.000000
1013.500000 16 4.000000 16.000000 4.000000
1014.500000 14 3.741657 14.000000 3.741657
1015.500000 15 3.872983 15.000000 3.872983
1016.500000 15 3.872983 15.000000 3.872983
1017.500000 19 4.358899 19.000000 4.358899
1018.500000 16 4.000000 16.000000 4.000000
1019.500000 22 4.690416 22.000000 4.690416
1020.500000 18 4.242641 18.000000 4.242641
1021.500000 15 3.872983 15.000000 3.872983
1022.500000 21 4.582576 21.000000 4.582576
1023.500000 18 4.242641 18.000000 4.242641
