# name, dx, fmax, fmax_err, norm_value, norm_vale_err
# outD_22Na 1 50156 223.95535269334377 1 0
# bin_center, freq, freq_err, norm_freq, norm_freq_err
0.500000 0 0.000000 0.000000 0.000000
1.500000 3 1.732051 3.000000 1.732051
2.500000 37 6.082763 37.000000 6.082763
3.500000 154 12.409674 154.000000 12.409674
4.500000 1035 32.171416 1035.000000 32.171416
5.500000 4405 66.370174 4405.000000 66.370174
6.500000 11951 109.320629 11951.000000 109.320629
7.500000 20387 142.783052 20387.000000 142.783052
8.500000 27955 167.197488 27955.000000 167.197488
9.500000 33180 182.153781 33180.000000 182.153781
10.500000 34122 184.721412 34122.000000 184.721412
11.500000 33665 183.480244 33665.000000 183.480244
12.500000 33250 182.345825 33250.000000 182.345825
13.500000 33292 182.460955 33292.000000 182.460955
14.500000 33087 181.898323 33087.000000 181.898323
15.500000 33483 182.983606 33483.000000 182.983606
16.500000 33168 182.120839 33168.000000 182.120839
17.500000 33520 183.084680 33520.000000 183.084680
18.500000 33055 181.810341 33055.000000 181.810341
19.500000 32951 181.524103 32951.000000 181.524103
20.500000 33393 182.737517 33393.000000 182.737517
21.500000 33500 183.030052 33500.000000 183.030052
22.500000 33947 184.247117 33947.000000 184.247117
23.500000 33697 183.567426 33697.000000 183.567426
24.500000 33876 184.054340 33876.000000 184.054340
25.500000 34165 184.837767 34165.000000 184.837767
26.500000 34069 184.577897 34069.000000 184.577897
27.500000 34379 185.415749 34379.000000 185.415749
28.500000 34325 185.270073 34325.000000 185.270073
29.500000 34351 185.340228 34351.000000 185.340228
30.500000 34588 185.978493 34588.000000 185.978493
31.500000 35060 187.243157 35060.000000 187.243157
32.500000 35206 187.632620 35206.000000 187.632620
33.500000 34640 186.118242 34640.000000 186.118242
34.500000 34602 186.016128 34602.000000 186.016128
35.500000 34817 186.593140 34817.000000 186.593140
36.500000 34844 186.665476 34844.000000 186.665476
37.500000 34960 186.975934 34960.000000 186.975934
38.500000 34774 186.477881 34774.000000 186.477881
39.500000 34646 186.134360 34646.000000 186.134360
40.500000 34846 186.670833 34846.000000 186.670833
41.500000 34806 186.563662 34806.000000 186.563662
42.500000 34801 186.550261 34801.000000 186.550261
43.500000 34722 186.338402 34722.000000 186.338402
44.500000 35021 187.138986 35021.000000 187.138986
45.500000 34768 186.461792 34768.000000 186.461792
46.500000 34870 186.735107 34870.000000 186.735107
47.500000 34908 186.836827 34908.000000 186.836827
48.500000 35084 187.307234 35084.000000 187.307234
49.500000 34926 186.884991 34926.000000 186.884991
50.500000 34989 187.053468 34989.000000 187.053468
51.500000 34961 186.978608 34961.000000 186.978608
52.500000 35705 188.957667 35705.000000 188.957667
53.500000 35345 188.002660 35345.000000 188.002660
54.500000 35656 188.827964 35656.000000 188.827964
55.500000 35724 189.007936 35724.000000 189.007936
56.500000 35661 188.841203 35661.000000 188.841203
57.500000 35887 189.438644 35887.000000 189.438644
58.500000 36043 189.849941 36043.000000 189.849941
59.500000 36389 190.759010 36389.000000 190.759010
60.500000 36317 190.570197 36317.000000 190.570197
61.500000 36662 191.473236 36662.000000 191.473236
62.500000 36520 191.102067 36520.000000 191.102067
63.500000 36776 191.770696 36776.000000 191.770696
64.500000 37135 192.704437 37135.000000 192.704437
65.500000 37391 193.367526 37391.000000 193.367526
66.500000 37711 194.193203 37711.000000 194.193203
67.500000 37321 193.186438 37321.000000 193.186438
68.500000 37486 193.613016 37486.000000 193.613016
69.500000 37851 194.553335 37851.000000 194.553335
70.500000 37795 194.409362 37795.000000 194.409362
71.500000 38281 195.655309 38281.000000 195.655309
72.500000 38606 196.484096 38606.000000 196.484096
73.500000 38453 196.094365 38453.000000 196.094365
74.500000 39194 197.974746 39194.000000 197.974746
75.500000 39282 198.196872 39282.000000 198.196872
76.500000 39616 199.037685 39616.000000 199.037685
77.500000 39692 199.228512 39692.000000 199.228512
78.500000 39724 199.308806 39724.000000 199.308806
79.500000 40172 200.429539 40172.000000 200.429539
80.500000 40209 200.521819 40209.000000 200.521819
81.500000 40616 201.534116 40616.000000 201.534116
82.500000 40700 201.742410 40700.000000 201.742410
83.500000 41054 202.617867 41054.000000 202.617867
84.500000 41374 203.405998 41374.000000 203.405998
85.500000 41428 203.538694 41428.000000 203.538694
86.500000 42124 205.241321 42124.000000 205.241321
87.500000 42034 205.021950 42034.000000 205.021950
88.500000 42606 206.412209 42606.000000 206.412209
89.500000 42756 206.775240 42756.000000 206.775240
90.500000 43401 208.329067 43401.000000 208.329067
91.500000 43797 209.277328 43797.000000 209.277328
92.500000 43881 209.477922 43881.000000 209.477922
93.500000 44386 210.679852 44386.000000 210.679852
94.500000 44960 212.037732 44960.000000 212.037732
95.500000 44859 211.799433 44859.000000 211.799433
96.500000 45411 213.098569 45411.000000 213.098569
97.500000 45733 213.852753 45733.000000 213.852753
98.500000 45685 213.740497 45685.000000 213.740497
99.500000 46574 215.810102 46574.000000 215.810102
100.500000 46435 215.487819 46435.000000 215.487819
101.500000 46543 215.738267 46543.000000 215.738267
102.500000 47261 217.395952 47261.000000 217.395952
103.500000 47409 217.736079 47409.000000 217.736079
104.500000 47395 217.703927 47395.000000 217.703927
105.500000 47200 217.255610 47200.000000 217.255610
106.500000 47949 218.972601 47949.000000 218.972601
107.500000 47899 218.858402 47899.000000 218.858402
108.500000 48053 219.209945 48053.000000 219.209945
109.500000 48056 219.216788 48056.000000 219.216788
110.500000 48462 220.140864 48462.000000 220.140864
111.500000 48326 219.831754 48326.000000 219.831754
112.500000 48175 219.488041 48175.000000 219.488041
113.500000 48234 219.622403 48234.000000 219.622403
114.500000 48448 220.109064 48448.000000 220.109064
115.500000 48234 219.622403 48234.000000 219.622403
116.500000 48175 219.488041 48175.000000 219.488041
117.500000 48371 219.934081 48371.000000 219.934081
118.500000 48278 219.722552 48278.000000 219.722552
119.500000 48185 219.510820 48185.000000 219.510820
120.500000 47867 218.785283 47867.000000 218.785283
121.500000 47955 218.986301 47955.000000 218.986301
122.500000 47894 218.846979 47894.000000 218.846979
123.500000 47870 218.792139 47870.000000 218.792139
124.500000 47269 217.414351 47269.000000 217.414351
125.500000 47274 217.425849 47274.000000 217.425849
126.500000 47011 216.820202 47011.000000 216.820202
127.500000 46764 216.249855 46764.000000 216.249855
128.500000 47117 217.064507 47117.000000 217.064507
129.500000 46282 215.132517 46282.000000 215.132517
130.500000 46259 215.079055 46259.000000 215.079055
131.500000 45806 214.023363 45806.000000 214.023363
132.500000 45794 213.995327 45794.000000 213.995327
133.500000 45645 213.646905 45645.000000 213.646905
134.500000 45060 212.273409 45060.000000 212.273409
135.500000 44854 211.787629 44854.000000 211.787629
136.500000 44777 211.605766 44777.000000 211.605766
137.500000 44359 210.615764 44359.000000 210.615764
138.500000 44464 210.864886 44464.000000 210.864886
139.500000 44256 210.371101 44256.000000 210.371101
140.500000 43455 208.458629 43455.000000 208.458629
141.500000 43630 208.877955 43630.000000 208.877955
142.500000 43023 207.419864 43023.000000 207.419864
143.500000 43069 207.530721 43069.000000 207.530721
144.500000 42396 205.902890 42396.000000 205.902890
145.500000 42394 205.898033 42394.000000 205.898033
146.500000 42362 205.820310 42362.000000 205.820310
147.500000 41961 204.843843 41961.000000 204.843843
148.500000 41825 204.511613 41825.000000 204.511613
149.500000 41344 203.332240 41344.000000 203.332240
150.500000 41180 202.928559 41180.000000 202.928559
151.500000 40934 202.321526 40934.000000 202.321526
152.500000 40851 202.116303 40851.000000 202.116303
153.500000 40416 201.037310 40416.000000 201.037310
154.500000 40219 200.546753 40219.000000 200.546753
155.500000 40197 200.491895 40197.000000 200.491895
156.500000 39671 199.175802 39671.000000 199.175802
157.500000 39557 198.889417 39557.000000 198.889417
158.500000 39681 199.200904 39681.000000 199.200904
159.500000 39240 198.090888 39240.000000 198.090888
160.500000 38949 197.355010 38949.000000 197.355010
161.500000 38615 196.506997 38615.000000 196.506997
162.500000 38721 196.776523 38721.000000 196.776523
163.500000 38458 196.107114 38458.000000 196.107114
164.500000 38326 195.770274 38326.000000 195.770274
165.500000 38106 195.207582 38106.000000 195.207582
166.500000 37910 194.704905 37910.000000 194.704905
167.500000 37757 194.311605 37757.000000 194.311605
168.500000 37648 194.030925 37648.000000 194.030925
169.500000 36983 192.309646 36983.000000 192.309646
170.500000 36821 191.887988 36821.000000 191.887988
171.500000 36880 192.041662 36880.000000 192.041662
172.500000 36907 192.111947 36907.000000 192.111947
173.500000 36910 192.119754 36910.000000 192.119754
174.500000 36307 190.543958 36307.000000 190.543958
175.500000 36057 189.886808 36057.000000 189.886808
176.500000 36294 190.509842 36294.000000 190.509842
177.500000 36075 189.934199 36075.000000 189.934199
178.500000 35318 187.930838 35318.000000 187.930838
179.500000 35702 188.949729 35702.000000 188.949729
180.500000 35393 188.130274 35393.000000 188.130274
181.500000 35467 188.326844 35467.000000 188.326844
182.500000 35153 187.491333 35153.000000 187.491333
183.500000 34900 186.815417 34900.000000 186.815417
184.500000 34817 186.593140 34817.000000 186.593140
185.500000 34687 186.244463 34687.000000 186.244463
186.500000 34785 186.507373 34785.000000 186.507373
187.500000 34179 184.875634 34179.000000 184.875634
188.500000 34255 185.081063 34255.000000 185.081063
189.500000 34004 184.401735 34004.000000 184.401735
190.500000 34018 184.439692 34018.000000 184.439692
191.500000 33817 183.893991 33817.000000 183.893991
192.500000 33817 183.893991 33817.000000 183.893991
193.500000 33565 183.207533 33565.000000 183.207533
194.500000 33520 183.084680 33520.000000 183.084680
195.500000 33549 183.163861 33549.000000 183.163861
196.500000 33182 182.159271 33182.000000 182.159271
197.500000 32887 181.347732 32887.000000 181.347732
198.500000 32799 181.104942 32799.000000 181.104942
199.500000 32457 180.158264 32457.000000 180.158264
200.500000 32422 180.061101 32422.000000 180.061101
201.500000 32128 179.242852 32128.000000 179.242852
202.500000 31859 178.490896 31859.000000 178.490896
203.500000 31824 178.392825 31824.000000 178.392825
204.500000 31358 177.081902 31358.000000 177.081902
205.500000 31204 176.646540 31204.000000 176.646540
206.500000 30884 175.738442 30884.000000 175.738442
207.500000 30847 175.633140 30847.000000 175.633140
208.500000 30570 174.842787 30570.000000 174.842787
209.500000 30189 173.749820 30189.000000 173.749820
210.500000 29947 173.052015 29947.000000 173.052015
211.500000 29888 172.881462 29888.000000 172.881462
212.500000 29267 171.076007 29267.000000 171.076007
213.500000 28950 170.146995 28950.000000 170.146995
214.500000 28992 170.270373 28992.000000 170.270373
215.500000 28842 169.829326 28842.000000 169.829326
216.500000 28495 168.804621 28495.000000 168.804621
217.500000 28330 168.315181 28330.000000 168.315181
218.500000 27660 166.312958 27660.000000 166.312958
219.500000 27333 165.326949 27333.000000 165.326949
220.500000 27016 164.365446 27016.000000 164.365446
221.500000 26861 163.893258 26861.000000 163.893258
222.500000 26652 163.254403 26652.000000 163.254403
223.500000 26491 162.760560 26491.000000 162.760560
224.500000 26380 162.419211 26380.000000 162.419211
225.500000 25548 159.837417 25548.000000 159.837417
226.500000 25299 159.056594 25299.000000 159.056594
227.500000 25056 158.290871 25056.000000 158.290871
228.500000 25090 158.398232 25090.000000 158.398232
229.500000 24382 156.147366 24382.000000 156.147366
230.500000 24215 155.611696 24215.000000 155.611696
231.500000 23674 153.863576 23674.000000 153.863576
232.500000 23704 153.961034 23704.000000 153.961034
233.500000 23223 152.390945 23223.000000 152.390945
234.500000 22816 151.049661 22816.000000 151.049661
235.500000 22577 150.256447 22577.000000 150.256447
236.500000 22381 149.602807 22381.000000 149.602807
237.500000 21957 148.178946 21957.000000 148.178946
238.500000 22031 148.428434 22031.000000 148.428434
239.500000 21697 147.299016 21697.000000 147.299016
240.500000 21680 147.241299 21680.000000 147.241299
241.500000 21048 145.079289 21048.000000 145.079289
242.500000 20857 144.419528 20857.000000 144.419528
243.500000 20882 144.506055 20882.000000 144.506055
244.500000 20534 143.296895 20534.000000 143.296895
245.500000 20445 142.986013 20445.000000 142.986013
246.500000 20027 141.516783 20027.000000 141.516783
247.500000 19944 141.223228 19944.000000 141.223228
248.500000 19859 140.921964 19859.000000 140.921964
249.500000 19869 140.957440 19869.000000 140.957440
250.500000 19434 139.405882 19434.000000 139.405882
251.500000 19496 139.628077 19496.000000 139.628077
252.500000 19548 139.814162 19548.000000 139.814162
253.500000 19199 138.560456 19199.000000 138.560456
254.500000 19255 138.762387 19255.000000 138.762387
255.500000 19209 138.596537 19209.000000 138.596537
256.500000 19047 138.010869 19047.000000 138.010869
257.500000 19266 138.802017 19266.000000 138.802017
258.500000 18774 137.018247 18774.000000 137.018247
259.500000 18926 137.571799 18926.000000 137.571799
260.500000 18894 137.455447 18894.000000 137.455447
261.500000 19164 138.434100 19164.000000 138.434100
262.500000 18633 136.502747 18633.000000 136.502747
263.500000 19128 138.304013 19128.000000 138.304013
264.500000 19297 138.913642 19297.000000 138.913642
265.500000 19019 137.909391 19019.000000 137.909391
266.500000 19345 139.086304 19345.000000 139.086304
267.500000 19209 138.596537 19209.000000 138.596537
268.500000 19407 139.309009 19407.000000 139.309009
269.500000 19831 140.822583 19831.000000 140.822583
270.500000 19796 140.698259 19796.000000 140.698259
271.500000 19848 140.882930 19848.000000 140.882930
272.500000 20238 142.260325 20238.000000 142.260325
273.500000 20423 142.909062 20423.000000 142.909062
274.500000 20677 143.794993 20677.000000 143.794993
275.500000 20963 144.786049 20963.000000 144.786049
276.500000 21313 145.989726 21313.000000 145.989726
277.500000 21370 146.184815 21370.000000 146.184815
278.500000 21851 147.820838 21851.000000 147.820838
279.500000 22112 148.701042 22112.000000 148.701042
280.500000 22460 149.866607 22460.000000 149.866607
281.500000 23039 151.786034 23039.000000 151.786034
282.500000 23471 153.202480 23471.000000 153.202480
283.500000 23797 154.262763 23797.000000 154.262763
284.500000 24404 156.217797 24404.000000 156.217797
285.500000 24772 157.391232 24772.000000 157.391232
286.500000 25295 159.044019 25295.000000 159.044019
287.500000 25413 159.414554 25413.000000 159.414554
288.500000 26296 162.160414 26296.000000 162.160414
289.500000 26642 163.223773 26642.000000 163.223773
290.500000 27572 166.048186 27572.000000 166.048186
291.500000 27786 166.691332 27786.000000 166.691332
292.500000 28681 169.354657 28681.000000 169.354657
293.500000 29396 171.452617 29396.000000 171.452617
294.500000 30075 173.421452 30075.000000 173.421452
295.500000 30596 174.917123 30596.000000 174.917123
296.500000 31254 176.788009 31254.000000 176.788009
297.500000 32090 179.136819 32090.000000 179.136819
298.500000 32480 180.222085 32480.000000 180.222085
299.500000 33285 182.441772 33285.000000 182.441772
300.500000 34108 184.683513 34108.000000 184.683513
301.500000 34676 186.214930 34676.000000 186.214930
302.500000 35424 188.212646 35424.000000 188.212646
303.500000 36525 191.115149 36525.000000 191.115149
304.500000 37169 192.792635 37169.000000 192.792635
305.500000 37682 194.118520 37682.000000 194.118520
306.500000 38834 197.063442 38834.000000 197.063442
307.500000 39657 199.140654 39657.000000 199.140654
308.500000 40104 200.259831 40104.000000 200.259831
309.500000 41244 203.086189 41244.000000 203.086189
310.500000 41586 203.926457 41586.000000 203.926457
311.500000 41916 204.733974 41916.000000 204.733974
312.500000 42802 206.886442 42802.000000 206.886442
313.500000 43445 208.434642 43445.000000 208.434642
314.500000 44200 210.237960 44200.000000 210.237960
315.500000 44588 211.158708 44588.000000 211.158708
316.500000 45307 212.854410 45307.000000 212.854410
317.500000 46427 215.469255 46427.000000 215.469255
318.500000 46483 215.599165 46483.000000 215.599165
319.500000 47094 217.011520 47094.000000 217.011520
320.500000 46943 216.663333 46943.000000 216.663333
321.500000 47663 218.318575 47663.000000 218.318575
322.500000 48256 219.672483 48256.000000 219.672483
323.500000 48150 219.431083 48150.000000 219.431083
324.500000 48409 220.020454 48409.000000 220.020454
325.500000 49173 221.749859 49173.000000 221.749859
326.500000 49029 221.424931 49029.000000 221.424931
327.500000 49675 222.878891 49675.000000 222.878891
328.500000 49757 223.062771 49757.000000 223.062771
329.500000 50156 223.955353 50156.000000 223.955353
330.500000 49922 223.432316 49922.000000 223.432316
331.500000 49949 223.492729 49949.000000 223.492729
332.500000 49521 222.533144 49521.000000 222.533144
333.500000 49699 222.932725 49699.000000 222.932725
334.500000 49696 222.925997 49696.000000 222.925997
335.500000 49341 222.128341 49341.000000 222.128341
336.500000 49071 221.519751 49071.000000 221.519751
337.500000 48502 220.231696 48502.000000 220.231696
338.500000 48255 219.670207 48255.000000 219.670207
339.500000 48335 219.852223 48335.000000 219.852223
340.500000 47710 218.426189 47710.000000 218.426189
341.500000 47750 218.517734 47750.000000 218.517734
342.500000 46716 216.138844 46716.000000 216.138844
343.500000 46562 215.782298 46562.000000 215.782298
344.500000 46412 215.434445 46412.000000 215.434445
345.500000 45898 214.238185 45898.000000 214.238185
346.500000 45420 213.119685 45420.000000 213.119685
347.500000 44658 211.324395 44658.000000 211.324395
348.500000 43850 209.403916 43850.000000 209.403916
349.500000 43622 208.858804 43622.000000 208.858804
350.500000 43217 207.886989 43217.000000 207.886989
351.500000 42583 206.356488 42583.000000 206.356488
352.500000 41477 203.659029 41477.000000 203.659029
353.500000 41154 202.864487 41154.000000 202.864487
354.500000 40464 201.156655 40464.000000 201.156655
355.500000 40099 200.247347 40099.000000 200.247347
356.500000 39510 198.771225 39510.000000 198.771225
357.500000 38426 196.025509 38426.000000 196.025509
358.500000 37791 194.399074 37791.000000 194.399074
359.500000 37459 193.543277 37459.000000 193.543277
360.500000 36517 191.094218 36517.000000 191.094218
361.500000 36113 190.034207 36113.000000 190.034207
362.500000 35864 189.377929 35864.000000 189.377929
363.500000 35206 187.632620 35206.000000 187.632620
364.500000 33970 184.309522 33970.000000 184.309522
365.500000 33872 184.043473 33872.000000 184.043473
366.500000 32817 181.154630 32817.000000 181.154630
367.500000 32225 179.513231 32225.000000 179.513231
368.500000 31877 178.541312 31877.000000 178.541312
369.500000 31147 176.485127 31147.000000 176.485127
370.500000 30593 174.908548 30593.000000 174.908548
371.500000 30188 173.746942 30188.000000 173.746942
372.500000 29456 171.627504 29456.000000 171.627504
373.500000 29344 171.300905 29344.000000 171.300905
374.500000 28727 169.490413 28727.000000 169.490413
375.500000 27917 167.083811 27917.000000 167.083811
376.500000 27527 165.912628 27527.000000 165.912628
377.500000 26915 164.057917 26915.000000 164.057917
378.500000 26497 162.778991 26497.000000 162.778991
379.500000 26085 161.508514 26085.000000 161.508514
380.500000 25322 159.128879 25322.000000 159.128879
381.500000 25038 158.234004 25038.000000 158.234004
382.500000 24591 156.815178 24591.000000 156.815178
383.500000 24292 155.858911 24292.000000 155.858911
384.500000 23650 153.785565 23650.000000 153.785565
385.500000 23575 153.541525 23575.000000 153.541525
386.500000 22951 151.495875 22951.000000 151.495875
387.500000 22472 149.906638 22472.000000 149.906638
388.500000 22246 149.150930 22246.000000 149.150930
389.500000 21696 147.295621 21696.000000 147.295621
390.500000 21383 146.229272 21383.000000 146.229272
391.500000 21156 145.451023 21156.000000 145.451023
392.500000 20535 143.300384 20535.000000 143.300384
393.500000 20314 142.527190 20314.000000 142.527190
394.500000 19946 141.230308 19946.000000 141.230308
395.500000 19821 140.787073 19821.000000 140.787073
396.500000 19509 139.674622 19509.000000 139.674622
397.500000 19051 138.025360 19051.000000 138.025360
398.500000 18972 137.738883 18972.000000 137.738883
399.500000 18502 136.022057 18502.000000 136.022057
400.500000 17975 134.070877 17975.000000 134.070877
401.500000 17827 133.517789 17827.000000 133.517789
402.500000 17550 132.476413 17550.000000 132.476413
403.500000 17164 131.011450 17164.000000 131.011450
404.500000 17085 130.709602 17085.000000 130.709602
405.500000 16468 128.327706 16468.000000 128.327706
406.500000 16384 128.000000 16384.000000 128.000000
407.500000 16295 127.651870 16295.000000 127.651870
408.500000 16091 126.850305 16091.000000 126.850305
409.500000 15711 125.343528 15711.000000 125.343528
410.500000 15466 124.362374 15466.000000 124.362374
411.500000 15230 123.409886 15230.000000 123.409886
412.500000 15056 122.702893 15056.000000 122.702893
413.500000 14672 121.128031 14672.000000 121.128031
414.500000 14315 119.645309 14315.000000 119.645309
415.500000 14113 118.798148 14113.000000 118.798148
416.500000 14167 119.025207 14167.000000 119.025207
417.500000 14012 118.372294 14012.000000 118.372294
418.500000 13463 116.030168 13463.000000 116.030168
419.500000 13316 115.394974 13316.000000 115.394974
420.500000 13284 115.256236 13284.000000 115.256236
421.500000 13034 114.166545 13034.000000 114.166545
422.500000 12694 112.667653 12694.000000 112.667653
423.500000 12595 112.227448 12595.000000 112.227448
424.500000 12434 111.507847 12434.000000 111.507847
425.500000 12391 111.314869 12391.000000 111.314869
426.500000 12197 110.440029 12197.000000 110.440029
427.500000 11743 108.365124 11743.000000 108.365124
428.500000 11758 108.434312 11758.000000 108.434312
429.500000 11357 106.569226 11357.000000 106.569226
430.500000 11462 107.060730 11462.000000 107.060730
431.500000 11249 106.061303 11249.000000 106.061303
432.500000 11085 105.285327 11085.000000 105.285327
433.500000 11192 105.792249 11192.000000 105.792249
434.500000 10734 103.605019 10734.000000 103.605019
435.500000 10843 104.129727 10843.000000 104.129727
436.500000 10777 103.812331 10777.000000 103.812331
437.500000 10491 102.425583 10491.000000 102.425583
438.500000 10409 102.024507 10409.000000 102.024507
439.500000 10183 100.910852 10183.000000 100.910852
440.500000 10181 100.900942 10181.000000 100.900942
441.500000 10341 101.690708 10341.000000 101.690708
442.500000 10161 100.801786 10161.000000 100.801786
443.500000 9981 99.904955 9981.000000 99.904955
444.500000 9807 99.030298 9807.000000 99.030298
445.500000 9695 98.463191 9695.000000 98.463191
446.500000 9787 98.929268 9787.000000 98.929268
447.500000 9478 97.355020 9478.000000 97.355020
448.500000 9685 98.412398 9685.000000 98.412398
449.500000 9687 98.422558 9687.000000 98.422558
450.500000 9313 96.503886 9313.000000 96.503886
451.500000 9453 97.226540 9453.000000 97.226540
452.500000 9338 96.633328 9338.000000 96.633328
453.500000 9099 95.388679 9099.000000 95.388679
454.500000 9110 95.446320 9110.000000 95.446320
455.500000 8927 94.482803 8927.000000 94.482803
456.500000 8930 94.498677 8930.000000 94.498677
457.500000 8888 94.276190 8888.000000 94.276190
458.500000 8981 94.768138 8981.000000 94.768138
459.500000 9010 94.921020 9010.000000 94.921020
460.500000 8855 94.101010 8855.000000 94.101010
461.500000 8968 94.699525 8968.000000 94.699525
462.500000 8631 92.903175 8631.000000 92.903175
463.500000 8738 93.477270 8738.000000 93.477270
464.500000 8751 93.546780 8751.000000 93.546780
465.500000 8657 93.043001 8657.000000 93.043001
466.500000 8500 92.195445 8500.000000 92.195445
467.500000 8461 91.983694 8461.000000 91.983694
468.500000 8586 92.660671 8586.000000 92.660671
469.500000 8489 92.135769 8489.000000 92.135769
470.500000 8469 92.027170 8469.000000 92.027170
471.500000 8411 91.711504 8411.000000 91.711504
472.500000 8278 90.983515 8278.000000 90.983515
473.500000 8414 91.727858 8414.000000 91.727858
474.500000 8406 91.684241 8406.000000 91.684241
475.500000 8233 90.735880 8233.000000 90.735880
476.500000 8439 91.864030 8439.000000 91.864030
477.500000 8250 90.829511 8250.000000 90.829511
478.500000 8182 90.454408 8182.000000 90.454408
479.500000 8213 90.625603 8213.000000 90.625603
480.500000 8123 90.127687 8123.000000 90.127687
481.500000 8137 90.205321 8137.000000 90.205321
482.500000 8237 90.757920 8237.000000 90.757920
483.500000 8174 90.410176 8174.000000 90.410176
484.500000 7890 88.825672 7890.000000 88.825672
485.500000 8088 89.933309 8088.000000 89.933309
486.500000 8134 90.188691 8134.000000 90.188691
487.500000 8164 90.354856 8164.000000 90.354856
488.500000 7925 89.022469 7925.000000 89.022469
489.500000 8061 89.783072 8061.000000 89.783072
490.500000 7889 88.820043 7889.000000 88.820043
491.500000 7835 88.515535 7835.000000 88.515535
492.500000 7876 88.746831 7876.000000 88.746831
493.500000 7847 88.583294 7847.000000 88.583294
494.500000 7902 88.893194 7902.000000 88.893194
495.500000 7940 89.106678 7940.000000 89.106678
496.500000 7812 88.385519 7812.000000 88.385519
497.500000 7717 87.846457 7717.000000 87.846457
498.500000 7894 88.848185 7894.000000 88.848185
499.500000 7700 87.749644 7700.000000 87.749644
500.500000 7846 88.577650 7846.000000 88.577650
501.500000 7929 89.044932 7929.000000 89.044932
502.500000 7770 88.147603 7770.000000 88.147603
503.500000 7686 87.669835 7686.000000 87.669835
504.500000 7790 88.260977 7790.000000 88.260977
505.500000 7729 87.914731 7729.000000 87.914731
506.500000 7836 88.521184 7836.000000 88.521184
507.500000 7636 87.384209 7636.000000 87.384209
508.500000 7690 87.692645 7690.000000 87.692645
509.500000 7618 87.281155 7618.000000 87.281155
510.500000 7707 87.789521 7707.000000 87.789521
511.500000 7628 87.338422 7628.000000 87.338422
512.500000 7683 87.652724 7683.000000 87.652724
513.500000 7819 88.425110 7819.000000 88.425110
514.500000 7698 87.738247 7698.000000 87.738247
515.500000 7589 87.114867 7589.000000 87.114867
516.500000 7517 86.700634 7517.000000 86.700634
517.500000 7571 87.011493 7571.000000 87.011493
518.500000 7667 87.561407 7667.000000 87.561407
519.500000 7514 86.683332 7514.000000 86.683332
520.500000 7542 86.844689 7542.000000 86.844689
521.500000 7577 87.045965 7577.000000 87.045965
522.500000 7619 87.286883 7619.000000 87.286883
523.500000 7546 86.867716 7546.000000 86.867716
524.500000 7557 86.931007 7557.000000 86.931007
525.500000 7439 86.249638 7439.000000 86.249638
526.500000 7523 86.735229 7523.000000 86.735229
527.500000 7421 86.145226 7421.000000 86.145226
528.500000 7467 86.411805 7467.000000 86.411805
529.500000 7685 87.664132 7685.000000 87.664132
530.500000 7664 87.544275 7664.000000 87.544275
531.500000 7533 86.792857 7533.000000 86.792857
532.500000 7490 86.544786 7490.000000 86.544786
533.500000 7507 86.642945 7507.000000 86.642945
534.500000 7263 85.223236 7263.000000 85.223236
535.500000 7316 85.533619 7316.000000 85.533619
536.500000 7402 86.034877 7402.000000 86.034877
537.500000 7461 86.377080 7461.000000 86.377080
538.500000 7397 86.005814 7397.000000 86.005814
539.500000 7077 84.124907 7077.000000 84.124907
540.500000 7451 86.319175 7451.000000 86.319175
541.500000 7365 85.819578 7365.000000 85.819578
542.500000 7585 87.091905 7585.000000 87.091905
543.500000 7389 85.959293 7389.000000 85.959293
544.500000 7452 86.324967 7452.000000 86.324967
545.500000 7472 86.440731 7472.000000 86.440731
546.500000 7339 85.667964 7339.000000 85.667964
547.500000 7309 85.492690 7309.000000 85.492690
548.500000 7425 86.168440 7425.000000 86.168440
549.500000 7141 84.504438 7141.000000 84.504438
550.500000 7257 85.188027 7257.000000 85.188027
551.500000 7228 85.017645 7228.000000 85.017645
552.500000 7250 85.146932 7250.000000 85.146932
553.500000 7156 84.593144 7156.000000 84.593144
554.500000 7230 85.029407 7230.000000 85.029407
555.500000 7283 85.340494 7283.000000 85.340494
556.500000 7286 85.358069 7286.000000 85.358069
557.500000 7040 83.904708 7040.000000 83.904708
558.500000 7414 86.104588 7414.000000 86.104588
559.500000 7065 84.053554 7065.000000 84.053554
560.500000 7247 85.129313 7247.000000 85.129313
561.500000 7357 85.772956 7357.000000 85.772956
562.500000 7241 85.094066 7241.000000 85.094066
563.500000 7148 84.545846 7148.000000 84.545846
564.500000 7112 84.332675 7112.000000 84.332675
565.500000 7112 84.332675 7112.000000 84.332675
566.500000 7053 83.982141 7053.000000 83.982141
567.500000 7136 84.474848 7136.000000 84.474848
568.500000 7269 85.258431 7269.000000 85.258431
569.500000 7223 84.988234 7223.000000 84.988234
570.500000 7333 85.632938 7333.000000 85.632938
571.500000 7052 83.976187 7052.000000 83.976187
572.500000 7205 84.882271 7205.000000 84.882271
573.500000 7173 84.693565 7173.000000 84.693565
574.500000 7101 84.267431 7101.000000 84.267431
575.500000 7172 84.687661 7172.000000 84.687661
576.500000 7115 84.350459 7115.000000 84.350459
577.500000 7002 83.677954 7002.000000 83.677954
578.500000 7249 85.141059 7249.000000 85.141059
579.500000 7075 84.113019 7075.000000 84.113019
580.500000 7215 84.941156 7215.000000 84.941156
581.500000 7281 85.328776 7281.000000 85.328776
582.500000 7046 83.940455 7046.000000 83.940455
583.500000 7040 83.904708 7040.000000 83.904708
584.500000 7128 84.427484 7128.000000 84.427484
585.500000 7109 84.314886 7109.000000 84.314886
586.500000 7059 84.017855 7059.000000 84.017855
587.500000 6901 83.072258 6901.000000 83.072258
588.500000 7056 84.000000 7056.000000 84.000000
589.500000 7111 84.326745 7111.000000 84.326745
590.500000 7213 84.929382 7213.000000 84.929382
591.500000 7053 83.982141 7053.000000 83.982141
592.500000 7068 84.071398 7068.000000 84.071398
593.500000 6994 83.630138 6994.000000 83.630138
594.500000 7012 83.737686 7012.000000 83.737686
595.500000 6974 83.510478 6974.000000 83.510478
596.500000 7025 83.815273 7025.000000 83.815273
597.500000 7014 83.749627 7014.000000 83.749627
598.500000 7075 84.113019 7075.000000 84.113019
599.500000 6945 83.336667 6945.000000 83.336667
600.500000 7008 83.713798 7008.000000 83.713798
601.500000 7073 84.101130 7073.000000 84.101130
602.500000 6969 83.480537 6969.000000 83.480537
603.500000 6922 83.198558 6922.000000 83.198558
604.500000 7047 83.946411 7047.000000 83.946411
605.500000 7048 83.952367 7048.000000 83.952367
606.500000 6975 83.516465 6975.000000 83.516465
607.500000 7094 84.225887 7094.000000 84.225887
608.500000 7030 83.845095 7030.000000 83.845095
609.500000 6926 83.222593 6926.000000 83.222593
610.500000 6955 83.396643 6955.000000 83.396643
611.500000 6918 83.174515 6918.000000 83.174515
612.500000 7011 83.731714 7011.000000 83.731714
613.500000 6964 83.450584 6964.000000 83.450584
614.500000 6753 82.176639 6753.000000 82.176639
615.500000 6993 83.624159 6993.000000 83.624159
616.500000 6963 83.444592 6963.000000 83.444592
617.500000 6977 83.528438 6977.000000 83.528438
618.500000 6999 83.660026 6999.000000 83.660026
619.500000 6905 83.096330 6905.000000 83.096330
620.500000 6951 83.372657 6951.000000 83.372657
621.500000 6942 83.318665 6942.000000 83.318665
622.500000 6904 83.090312 6904.000000 83.090312
623.500000 6988 83.594258 6988.000000 83.594258
624.500000 6870 82.885463 6870.000000 82.885463
625.500000 6871 82.891495 6871.000000 82.891495
626.500000 6785 82.371111 6785.000000 82.371111
627.500000 6810 82.522724 6810.000000 82.522724
628.500000 6942 83.318665 6942.000000 83.318665
629.500000 6886 82.981926 6886.000000 82.981926
630.500000 6833 82.661962 6833.000000 82.661962
631.500000 6931 83.252628 6931.000000 83.252628
632.500000 6833 82.661962 6833.000000 82.661962
633.500000 6768 82.267855 6768.000000 82.267855
634.500000 6923 83.204567 6923.000000 83.204567
635.500000 6843 82.722427 6843.000000 82.722427
636.500000 6885 82.975900 6885.000000 82.975900
637.500000 6881 82.951793 6881.000000 82.951793
638.500000 6904 83.090312 6904.000000 83.090312
639.500000 6831 82.649864 6831.000000 82.649864
640.500000 6665 81.639451 6665.000000 81.639451
641.500000 6755 82.188807 6755.000000 82.188807
642.500000 6852 82.776808 6852.000000 82.776808
643.500000 6676 81.706793 6676.000000 81.706793
644.500000 6682 81.743501 6682.000000 81.743501
645.500000 6853 82.782848 6853.000000 82.782848
646.500000 6803 82.480301 6803.000000 82.480301
647.500000 6704 81.877958 6704.000000 81.877958
648.500000 6607 81.283455 6607.000000 81.283455
649.500000 6903 83.084295 6903.000000 83.084295
650.500000 6784 82.365041 6784.000000 82.365041
651.500000 6808 82.510605 6808.000000 82.510605
652.500000 6777 82.322536 6777.000000 82.322536
653.500000 6598 81.228074 6598.000000 81.228074
654.500000 6596 81.215762 6596.000000 81.215762
655.500000 6808 82.510605 6808.000000 82.510605
656.500000 6480 80.498447 6480.000000 80.498447
657.500000 6468 80.423877 6468.000000 80.423877
658.500000 6530 80.808415 6530.000000 80.808415
659.500000 6695 81.822980 6695.000000 81.822980
660.500000 6481 80.504658 6481.000000 80.504658
661.500000 6520 80.746517 6520.000000 80.746517
662.500000 6482 80.510869 6482.000000 80.510869
663.500000 6481 80.504658 6481.000000 80.504658
664.500000 6515 80.715550 6515.000000 80.715550
665.500000 6540 80.870266 6540.000000 80.870266
666.500000 6424 80.149860 6424.000000 80.149860
667.500000 6538 80.857900 6538.000000 80.857900
668.500000 6387 79.918709 6387.000000 79.918709
669.500000 6249 79.050617 6249.000000 79.050617
670.500000 6321 79.504717 6321.000000 79.504717
671.500000 6319 79.492138 6319.000000 79.492138
672.500000 6370 79.812280 6370.000000 79.812280
673.500000 6164 78.511146 6164.000000 78.511146
674.500000 6228 78.917679 6228.000000 78.917679
675.500000 6179 78.606615 6179.000000 78.606615
676.500000 6262 79.132800 6262.000000 79.132800
677.500000 6185 78.644771 6185.000000 78.644771
678.500000 6195 78.708322 6195.000000 78.708322
679.500000 6231 78.936683 6231.000000 78.936683
680.500000 6183 78.632055 6183.000000 78.632055
681.500000 6085 78.006410 6085.000000 78.006410
682.500000 5968 77.252832 5968.000000 77.252832
683.500000 6112 78.179281 6112.000000 78.179281
684.500000 6022 77.601546 6022.000000 77.601546
685.500000 5933 77.025970 5933.000000 77.025970
686.500000 6044 77.743167 6044.000000 77.743167
687.500000 6075 77.942286 6075.000000 77.942286
688.500000 5973 77.285186 5973.000000 77.285186
689.500000 5883 76.700717 5883.000000 76.700717
690.500000 5938 77.058419 5938.000000 77.058419
691.500000 6027 77.633756 6027.000000 77.633756
692.500000 5707 75.544689 5707.000000 75.544689
693.500000 5885 76.713754 5885.000000 76.713754
694.500000 5951 77.142725 5951.000000 77.142725
695.500000 5831 76.360985 5831.000000 76.360985
696.500000 5688 75.418831 5688.000000 75.418831
697.500000 5776 76.000000 5776.000000 76.000000
698.500000 5814 76.249590 5814.000000 76.249590
699.500000 5704 75.524830 5704.000000 75.524830
700.500000 5684 75.392307 5684.000000 75.392307
701.500000 5768 75.947350 5768.000000 75.947350
702.500000 5724 75.657121 5724.000000 75.657121
703.500000 5654 75.193085 5654.000000 75.193085
704.500000 5624 74.993333 5624.000000 74.993333
705.500000 5373 73.300750 5373.000000 73.300750
706.500000 5642 75.113248 5642.000000 75.113248
707.500000 5566 74.605630 5566.000000 74.605630
708.500000 5564 74.592225 5564.000000 74.592225
709.500000 5612 74.913283 5612.000000 74.913283
710.500000 5498 74.148500 5498.000000 74.148500
711.500000 5539 74.424458 5539.000000 74.424458
712.500000 5472 73.972968 5472.000000 73.972968
713.500000 5543 74.451326 5543.000000 74.451326
714.500000 5431 73.695319 5431.000000 73.695319
715.500000 5459 73.885046 5459.000000 73.885046
716.500000 5382 73.362116 5382.000000 73.362116
717.500000 5397 73.464277 5397.000000 73.464277
718.500000 5448 73.810568 5448.000000 73.810568
719.500000 5445 73.790243 5445.000000 73.790243
720.500000 5446 73.797019 5446.000000 73.797019
721.500000 5231 72.325652 5231.000000 72.325652
722.500000 5258 72.512068 5258.000000 72.512068
723.500000 5372 73.293929 5372.000000 73.293929
724.500000 5404 73.511904 5404.000000 73.511904
725.500000 5326 72.979449 5326.000000 72.979449
726.500000 5346 73.116346 5346.000000 73.116346
727.500000 5306 72.842295 5306.000000 72.842295
728.500000 5297 72.780492 5297.000000 72.780492
729.500000 5397 73.464277 5397.000000 73.464277
730.500000 5328 72.993150 5328.000000 72.993150
731.500000 5369 73.273460 5369.000000 73.273460
732.500000 5493 74.114776 5493.000000 74.114776
733.500000 5203 72.131824 5203.000000 72.131824
734.500000 5271 72.601653 5271.000000 72.601653
735.500000 5352 73.157365 5352.000000 73.157365
736.500000 5401 73.491496 5401.000000 73.491496
737.500000 5235 72.353300 5235.000000 72.353300
738.500000 5286 72.704883 5286.000000 72.704883
739.500000 5367 73.259812 5367.000000 73.259812
740.500000 5276 72.636079 5276.000000 72.636079
741.500000 5414 73.579889 5414.000000 73.579889
742.500000 5421 73.627441 5421.000000 73.627441
743.500000 5360 73.212021 5360.000000 73.212021
744.500000 5431 73.695319 5431.000000 73.695319
745.500000 5295 72.766751 5295.000000 72.766751
746.500000 5323 72.958893 5323.000000 72.958893
747.500000 5378 73.334848 5378.000000 73.334848
748.500000 5382 73.362116 5382.000000 73.362116
749.500000 5592 74.779676 5592.000000 74.779676
750.500000 5462 73.905345 5462.000000 73.905345
751.500000 5302 72.814834 5302.000000 72.814834
752.500000 5303 72.821700 5303.000000 72.821700
753.500000 5393 73.437048 5393.000000 73.437048
754.500000 5345 73.109507 5345.000000 73.109507
755.500000 5430 73.688534 5430.000000 73.688534
756.500000 5387 73.396185 5387.000000 73.396185
757.500000 5505 74.195687 5505.000000 74.195687
758.500000 5495 74.128267 5495.000000 74.128267
759.500000 5403 73.505102 5403.000000 73.505102
760.500000 5544 74.458042 5544.000000 74.458042
761.500000 5480 74.027022 5480.000000 74.027022
762.500000 5321 72.945185 5321.000000 72.945185
763.500000 5385 73.382559 5385.000000 73.382559
764.500000 5471 73.966209 5471.000000 73.966209
765.500000 5413 73.573093 5413.000000 73.573093
766.500000 5502 74.175468 5502.000000 74.175468
767.500000 5545 74.464757 5545.000000 74.464757
768.500000 5467 73.939164 5467.000000 73.939164
769.500000 5586 74.739548 5586.000000 74.739548
770.500000 5511 74.236110 5511.000000 74.236110
771.500000 5544 74.458042 5544.000000 74.458042
772.500000 5594 74.793048 5594.000000 74.793048
773.500000 5449 73.817342 5449.000000 73.817342
774.500000 5501 74.168727 5501.000000 74.168727
775.500000 5447 73.803794 5447.000000 73.803794
776.500000 5492 74.108029 5492.000000 74.108029
777.500000 5494 74.121522 5494.000000 74.121522
778.500000 5541 74.437894 5541.000000 74.437894
779.500000 5533 74.384138 5533.000000 74.384138
780.500000 5480 74.027022 5480.000000 74.027022
781.500000 5699 75.491721 5699.000000 75.491721
782.500000 5553 74.518454 5553.000000 74.518454
783.500000 5670 75.299402 5670.000000 75.299402
784.500000 5436 73.729234 5436.000000 73.729234
785.500000 5414 73.579889 5414.000000 73.579889
786.500000 5561 74.572113 5561.000000 74.572113
787.500000 5574 74.659226 5574.000000 74.659226
788.500000 5476 74.000000 5476.000000 74.000000
789.500000 5467 73.939164 5467.000000 73.939164
790.500000 5544 74.458042 5544.000000 74.458042
791.500000 5359 73.205191 5359.000000 73.205191
792.500000 5473 73.979727 5473.000000 73.979727
793.500000 5454 73.851202 5454.000000 73.851202
794.500000 5454 73.851202 5454.000000 73.851202
795.500000 5433 73.708887 5433.000000 73.708887
796.500000 5370 73.280284 5370.000000 73.280284
797.500000 5391 73.423430 5391.000000 73.423430
798.500000 5455 73.857972 5455.000000 73.857972
799.500000 5356 73.184698 5356.000000 73.184698
800.500000 5444 73.783467 5444.000000 73.783467
801.500000 5258 72.512068 5258.000000 72.512068
802.500000 5151 71.770467 5151.000000 71.770467
803.500000 5172 71.916618 5172.000000 71.916618
804.500000 5299 72.794231 5299.000000 72.794231
805.500000 5288 72.718636 5288.000000 72.718636
806.500000 5295 72.766751 5295.000000 72.766751
807.500000 5151 71.770467 5151.000000 71.770467
808.500000 5268 72.580989 5268.000000 72.580989
809.500000 5155 71.798329 5155.000000 71.798329
810.500000 5113 71.505245 5113.000000 71.505245
811.500000 4975 70.533680 4975.000000 70.533680
812.500000 5119 71.547187 5119.000000 71.547187
813.500000 5027 70.901340 5027.000000 70.901340
814.500000 5005 70.746025 5005.000000 70.746025
815.500000 4862 69.728043 4862.000000 69.728043
816.500000 4847 69.620399 4847.000000 69.620399
817.500000 4908 70.057120 4908.000000 70.057120
818.500000 4970 70.498227 4970.000000 70.498227
819.500000 4818 69.411815 4818.000000 69.411815
820.500000 4659 68.256868 4659.000000 68.256868
821.500000 4762 69.007246 4762.000000 69.007246
822.500000 4689 68.476273 4689.000000 68.476273
823.500000 4803 69.303680 4803.000000 69.303680
824.500000 4637 68.095521 4637.000000 68.095521
825.500000 4587 67.727395 4587.000000 67.727395
826.500000 4595 67.786429 4595.000000 67.786429
827.500000 4696 68.527367 4696.000000 68.527367
828.500000 4593 67.771675 4593.000000 67.771675
829.500000 4541 67.386942 4541.000000 67.386942
830.500000 4561 67.535176 4561.000000 67.535176
831.500000 4275 65.383484 4275.000000 65.383484
832.500000 4361 66.037868 4361.000000 66.037868
833.500000 4414 66.437941 4414.000000 66.437941
834.500000 4430 66.558245 4430.000000 66.558245
835.500000 4212 64.899923 4212.000000 64.899923
836.500000 4266 65.314623 4266.000000 65.314623
837.500000 4227 65.015383 4227.000000 65.015383
838.500000 4176 64.621978 4176.000000 64.621978
839.500000 4068 63.780875 4068.000000 63.780875
840.500000 4034 63.513778 4034.000000 63.513778
841.500000 3982 63.103090 3982.000000 63.103090
842.500000 3924 62.641839 3924.000000 62.641839
843.500000 3921 62.617889 3921.000000 62.617889
844.500000 3949 62.841069 3949.000000 62.841069
845.500000 3755 61.278055 3755.000000 61.278055
846.500000 3788 61.546730 3788.000000 61.546730
847.500000 3819 61.798058 3819.000000 61.798058
848.500000 3698 60.811183 3698.000000 60.811183
849.500000 3754 61.269895 3754.000000 61.269895
850.500000 3664 60.530984 3664.000000 60.530984
851.500000 3601 60.008333 3601.000000 60.008333
852.500000 3668 60.564016 3668.000000 60.564016
853.500000 3673 60.605280 3673.000000 60.605280
854.500000 3520 59.329588 3520.000000 59.329588
855.500000 3565 59.707621 3565.000000 59.707621
856.500000 3489 59.067758 3489.000000 59.067758
857.500000 3498 59.143892 3498.000000 59.143892
858.500000 3531 59.422218 3531.000000 59.422218
859.500000 3427 58.540584 3427.000000 58.540584
860.500000 3439 58.642988 3439.000000 58.642988
861.500000 3306 57.497826 3306.000000 57.497826
862.500000 3315 57.576037 3315.000000 57.576037
863.500000 3377 58.111961 3377.000000 58.111961
864.500000 3226 56.797887 3226.000000 56.797887
865.500000 3232 56.850682 3232.000000 56.850682
866.500000 3285 57.314920 3285.000000 57.314920
867.500000 3263 57.122675 3263.000000 57.122675
868.500000 3147 56.098128 3147.000000 56.098128
869.500000 3181 56.400355 3181.000000 56.400355
870.500000 3126 55.910643 3126.000000 55.910643
871.500000 3174 56.338264 3174.000000 56.338264
872.500000 3030 55.045436 3030.000000 55.045436
873.500000 3059 55.308227 3059.000000 55.308227
874.500000 3026 55.009090 3026.000000 55.009090
875.500000 2930 54.129474 2930.000000 54.129474
876.500000 2985 54.635154 2985.000000 54.635154
877.500000 2947 54.286278 2947.000000 54.286278
878.500000 2893 53.786615 2893.000000 53.786615
879.500000 2979 54.580216 2979.000000 54.580216
880.500000 2922 54.055527 2922.000000 54.055527
881.500000 2855 53.432200 2855.000000 53.432200
882.500000 2801 52.924474 2801.000000 52.924474
883.500000 2878 53.646994 2878.000000 53.646994
884.500000 2793 52.848841 2793.000000 52.848841
885.500000 2785 52.773099 2785.000000 52.773099
886.500000 2787 52.792045 2787.000000 52.792045
887.500000 2736 52.306787 2736.000000 52.306787
888.500000 2712 52.076866 2712.000000 52.076866
889.500000 2698 51.942276 2698.000000 51.942276
890.500000 2751 52.449976 2751.000000 52.449976
891.500000 2651 51.487863 2651.000000 51.487863
892.500000 2630 51.283526 2630.000000 51.283526
893.500000 2534 50.338852 2534.000000 50.338852
894.500000 2591 50.901866 2591.000000 50.901866
895.500000 2538 50.378567 2538.000000 50.378567
896.500000 2456 49.558047 2456.000000 49.558047
897.500000 2578 50.774009 2578.000000 50.774009
898.500000 2486 49.859803 2486.000000 49.859803
899.500000 2443 49.426713 2443.000000 49.426713
900.500000 2549 50.487622 2549.000000 50.487622
901.500000 2461 49.608467 2461.000000 49.608467
902.500000 2398 48.969378 2398.000000 48.969378
903.500000 2549 50.487622 2549.000000 50.487622
904.500000 2430 49.295030 2430.000000 49.295030
905.500000 2306 48.020829 2306.000000 48.020829
906.500000 2361 48.590122 2361.000000 48.590122
907.500000 2337 48.342528 2337.000000 48.342528
908.500000 2363 48.610698 2363.000000 48.610698
909.500000 2282 47.770284 2282.000000 47.770284
910.500000 2397 48.959167 2397.000000 48.959167
911.500000 2350 48.476799 2350.000000 48.476799
912.500000 2272 47.665501 2272.000000 47.665501
913.500000 2240 47.328638 2240.000000 47.328638
914.500000 2203 46.936127 2203.000000 46.936127
915.500000 2343 48.404545 2343.000000 48.404545
916.500000 2230 47.222876 2230.000000 47.222876
917.500000 2212 47.031904 2212.000000 47.031904
918.500000 2153 46.400431 2153.000000 46.400431
919.500000 2161 46.486557 2161.000000 46.486557
920.500000 2205 46.957428 2205.000000 46.957428
921.500000 2140 46.260134 2140.000000 46.260134
922.500000 2166 46.540305 2166.000000 46.540305
923.500000 2144 46.303348 2144.000000 46.303348
924.500000 2106 45.891176 2106.000000 45.891176
925.500000 2126 46.108568 2126.000000 46.108568
926.500000 1970 44.384682 1970.000000 44.384682
927.500000 2072 45.519227 2072.000000 45.519227
928.500000 2020 44.944410 2020.000000 44.944410
929.500000 2062 45.409250 2062.000000 45.409250
930.500000 2062 45.409250 2062.000000 45.409250
931.500000 1962 44.294469 1962.000000 44.294469
932.500000 1987 44.575778 1987.000000 44.575778
933.500000 2032 45.077711 2032.000000 45.077711
934.500000 1995 44.665423 1995.000000 44.665423
935.500000 1968 44.362146 1968.000000 44.362146
936.500000 1953 44.192760 1953.000000 44.192760
937.500000 1971 44.395946 1971.000000 44.395946
938.500000 1952 44.181444 1952.000000 44.181444
939.500000 1937 44.011362 1937.000000 44.011362
940.500000 1838 42.871902 1838.000000 42.871902
941.500000 1869 43.231933 1869.000000 43.231933
942.500000 1817 42.626283 1817.000000 42.626283
943.500000 1817 42.626283 1817.000000 42.626283
944.500000 1896 43.543082 1896.000000 43.543082
945.500000 1747 41.797129 1747.000000 41.797129
946.500000 1844 42.941821 1844.000000 42.941821
947.500000 1859 43.116122 1859.000000 43.116122
948.500000 1810 42.544095 1810.000000 42.544095
949.500000 1804 42.473521 1804.000000 42.473521
950.500000 1756 41.904654 1756.000000 41.904654
951.500000 1766 42.023803 1766.000000 42.023803
952.500000 1750 41.833001 1750.000000 41.833001
953.500000 1752 41.856899 1752.000000 41.856899
954.500000 1696 41.182521 1696.000000 41.182521
955.500000 1692 41.133928 1692.000000 41.133928
956.500000 1712 41.376322 1712.000000 41.376322
957.500000 1663 40.779897 1663.000000 40.779897
958.500000 1638 40.472213 1638.000000 40.472213
959.500000 1617 40.211939 1617.000000 40.211939
960.500000 1629 40.360872 1629.000000 40.360872
961.500000 1587 39.837169 1587.000000 39.837169
962.500000 1644 40.546270 1644.000000 40.546270
963.500000 1651 40.632499 1651.000000 40.632499
964.500000 1653 40.657103 1653.000000 40.657103
965.500000 1534 39.166312 1534.000000 39.166312
966.500000 1500 38.729833 1500.000000 38.729833
967.500000 1652 40.644803 1652.000000 40.644803
968.500000 1566 39.572718 1566.000000 39.572718
969.500000 1520 38.987177 1520.000000 38.987177
970.500000 1489 38.587563 1489.000000 38.587563
971.500000 1504 38.781439 1504.000000 38.781439
972.500000 1457 38.170669 1457.000000 38.170669
973.500000 1467 38.301436 1467.000000 38.301436
974.500000 1468 38.314488 1468.000000 38.314488
975.500000 1483 38.509739 1483.000000 38.509739
976.500000 1391 37.296112 1391.000000 37.296112
977.500000 1428 37.788887 1428.000000 37.788887
978.500000 1493 38.639358 1493.000000 38.639358
979.500000 1458 38.183766 1458.000000 38.183766
980.500000 1348 36.715120 1348.000000 36.715120
981.500000 1360 36.878178 1360.000000 36.878178
982.500000 1378 37.121422 1378.000000 37.121422
983.500000 1346 36.687873 1346.000000 36.687873
984.500000 1329 36.455452 1329.000000 36.455452
985.500000 1321 36.345564 1321.000000 36.345564
986.500000 1396 37.363083 1396.000000 37.363083
987.500000 1367 36.972963 1367.000000 36.972963
988.500000 1299 36.041643 1299.000000 36.041643
989.500000 1428 37.788887 1428.000000 37.788887
990.500000 1361 36.891733 1361.000000 36.891733
991.500000 1272 35.665109 1272.000000 35.665109
992.500000 1329 36.455452 1329.000000 36.455452
993.500000 1323 36.373067 1323.000000 36.373067
994.500000 1224 34.985711 1224.000000 34.985711
995.500000 1237 35.171011 1237.000000 35.171011
996.500000 1267 35.594943 1267.000000 35.594943
997.500000 1148 33.882149 1148.000000 33.882149
998.500000 1236 35.156792 1236.000000 35.156792
999.500000 1290 35.916570 1290.000000 35.916570
1000.500000 1169 34.190642 1169.000000 34.190642
1001.500000 1230 35.071356 1230.000000 35.071356
1002.500000 1189 34.481879 1189.000000 34.481879
1003.500000 1197 34.597688 1197.000000 34.597688
1004.500000 1130 33.615473 1130.000000 33.615473
1005.500000 1190 34.496377 1190.000000 34.496377
1006.500000 1205 34.713110 1205.000000 34.713110
1007.500000 1139 33.749074 1139.000000 33.749074
1008.500000 1173 34.249088 1173.000000 34.249088
1009.500000 1100 33.166248 1100.000000 33.166248
1010.500000 1133 33.660065 1133.000000 33.660065
1011.500000 1112 33.346664 1112.000000 33.346664
1012.500000 1173 34.249088 1173.000000 34.249088
1013.500000 1069 32.695565 1069.000000 32.695565
1014.500000 1016 31.874755 1016.000000 31.874755
1015.500000 1068 32.680269 1068.000000 32.680269
1016.500000 1116 33.406586 1116.000000 33.406586
1017.500000 1118 33.436507 1118.000000 33.436507
1018.500000 1095 33.090784 1095.000000 33.090784
1019.500000 1073 32.756679 1073.000000 32.756679
1020.500000 1146 33.852622 1146.000000 33.852622
1021.500000 1055 32.480764 1055.000000 32.480764
1022.500000 1078 32.832910 1078.000000 32.832910
1023.500000 1035 32.171416 1035.000000 32.171416
