# name, dx, fmax, fmax_err, norm_value, norm_vale_err
# 500D_bkgd 1 331 18.193405398660254 1 0
# bin_center, freq, freq_err, norm_freq, norm_freq_err
0.500000 0 0.000000 0.000000 0.000000
1.500000 0 0.000000 0.000000 0.000000
2.500000 0 0.000000 0.000000 0.000000
3.500000 0 0.000000 0.000000 0.000000
4.500000 0 0.000000 0.000000 0.000000
5.500000 0 0.000000 0.000000 0.000000
6.500000 3 1.732051 3.000000 1.732051
7.500000 21 4.582576 21.000000 4.582576
8.500000 28 5.291503 28.000000 5.291503
9.500000 56 7.483315 56.000000 7.483315
10.500000 44 6.633250 44.000000 6.633250
11.500000 42 6.480741 42.000000 6.480741
12.500000 45 6.708204 45.000000 6.708204
13.500000 42 6.480741 42.000000 6.480741
14.500000 50 7.071068 50.000000 7.071068
15.500000 38 6.164414 38.000000 6.164414
16.500000 44 6.633250 44.000000 6.633250
17.500000 61 7.810250 61.000000 7.810250
18.500000 61 7.810250 61.000000 7.810250
19.500000 74 8.602325 74.000000 8.602325
20.500000 75 8.660254 75.000000 8.660254
21.500000 54 7.348469 54.000000 7.348469
22.500000 51 7.141428 51.000000 7.141428
23.500000 83 9.110434 83.000000 9.110434
24.500000 73 8.544004 73.000000 8.544004
25.500000 72 8.485281 72.000000 8.485281
26.500000 104 10.198039 104.000000 10.198039
27.500000 100 10.000000 100.000000 10.000000
28.500000 99 9.949874 99.000000 9.949874
29.500000 100 10.000000 100.000000 10.000000
30.500000 112 10.583005 112.000000 10.583005
31.500000 116 10.770330 116.000000 10.770330
32.500000 105 10.246951 105.000000 10.246951
33.500000 137 11.704700 137.000000 11.704700
34.500000 123 11.090537 123.000000 11.090537
35.500000 128 11.313708 128.000000 11.313708
36.500000 128 11.313708 128.000000 11.313708
37.500000 153 12.369317 153.000000 12.369317
38.500000 150 12.247449 150.000000 12.247449
39.500000 170 13.038405 170.000000 13.038405
40.500000 160 12.649111 160.000000 12.649111
41.500000 173 13.152946 173.000000 13.152946
42.500000 172 13.114877 172.000000 13.114877
43.500000 187 13.674794 187.000000 13.674794
44.500000 160 12.649111 160.000000 12.649111
45.500000 160 12.649111 160.000000 12.649111
46.500000 153 12.369317 153.000000 12.369317
47.500000 172 13.114877 172.000000 13.114877
48.500000 190 13.784049 190.000000 13.784049
49.500000 197 14.035669 197.000000 14.035669
50.500000 167 12.922848 167.000000 12.922848
51.500000 180 13.416408 180.000000 13.416408
52.500000 192 13.856406 192.000000 13.856406
53.500000 170 13.038405 170.000000 13.038405
54.500000 186 13.638182 186.000000 13.638182
55.500000 176 13.266499 176.000000 13.266499
56.500000 199 14.106736 199.000000 14.106736
57.500000 171 13.076697 171.000000 13.076697
58.500000 161 12.688578 161.000000 12.688578
59.500000 206 14.352700 206.000000 14.352700
60.500000 176 13.266499 176.000000 13.266499
61.500000 196 14.000000 196.000000 14.000000
62.500000 171 13.076697 171.000000 13.076697
63.500000 189 13.747727 189.000000 13.747727
64.500000 187 13.674794 187.000000 13.674794
65.500000 185 13.601471 185.000000 13.601471
66.500000 189 13.747727 189.000000 13.747727
67.500000 203 14.247807 203.000000 14.247807
68.500000 175 13.228757 175.000000 13.228757
69.500000 178 13.341664 178.000000 13.341664
70.500000 191 13.820275 191.000000 13.820275
71.500000 170 13.038405 170.000000 13.038405
72.500000 157 12.529964 157.000000 12.529964
73.500000 173 13.152946 173.000000 13.152946
74.500000 191 13.820275 191.000000 13.820275
75.500000 185 13.601471 185.000000 13.601471
76.500000 188 13.711309 188.000000 13.711309
77.500000 195 13.964240 195.000000 13.964240
78.500000 150 12.247449 150.000000 12.247449
79.500000 167 12.922848 167.000000 12.922848
80.500000 185 13.601471 185.000000 13.601471
81.500000 211 14.525839 211.000000 14.525839
82.500000 167 12.922848 167.000000 12.922848
83.500000 161 12.688578 161.000000 12.688578
84.500000 154 12.409674 154.000000 12.409674
85.500000 177 13.304135 177.000000 13.304135
86.500000 155 12.449900 155.000000 12.449900
87.500000 193 13.892444 193.000000 13.892444
88.500000 176 13.266499 176.000000 13.266499
89.500000 161 12.688578 161.000000 12.688578
90.500000 166 12.884099 166.000000 12.884099
91.500000 191 13.820275 191.000000 13.820275
92.500000 167 12.922848 167.000000 12.922848
93.500000 173 13.152946 173.000000 13.152946
94.500000 184 13.564660 184.000000 13.564660
95.500000 172 13.114877 172.000000 13.114877
96.500000 171 13.076697 171.000000 13.076697
97.500000 186 13.638182 186.000000 13.638182
98.500000 178 13.341664 178.000000 13.341664
99.500000 203 14.247807 203.000000 14.247807
100.500000 196 14.000000 196.000000 14.000000
101.500000 153 12.369317 153.000000 12.369317
102.500000 184 13.564660 184.000000 13.564660
103.500000 172 13.114877 172.000000 13.114877
104.500000 143 11.958261 143.000000 11.958261
105.500000 197 14.035669 197.000000 14.035669
106.500000 197 14.035669 197.000000 14.035669
107.500000 180 13.416408 180.000000 13.416408
108.500000 198 14.071247 198.000000 14.071247
109.500000 174 13.190906 174.000000 13.190906
110.500000 186 13.638182 186.000000 13.638182
111.500000 175 13.228757 175.000000 13.228757
112.500000 196 14.000000 196.000000 14.000000
113.500000 190 13.784049 190.000000 13.784049
114.500000 187 13.674794 187.000000 13.674794
115.500000 182 13.490738 182.000000 13.490738
116.500000 196 14.000000 196.000000 14.000000
117.500000 181 13.453624 181.000000 13.453624
118.500000 193 13.892444 193.000000 13.892444
119.500000 170 13.038405 170.000000 13.038405
120.500000 195 13.964240 195.000000 13.964240
121.500000 215 14.662878 215.000000 14.662878
122.500000 195 13.964240 195.000000 13.964240
123.500000 202 14.212670 202.000000 14.212670
124.500000 215 14.662878 215.000000 14.662878
125.500000 196 14.000000 196.000000 14.000000
126.500000 181 13.453624 181.000000 13.453624
127.500000 201 14.177447 201.000000 14.177447
128.500000 226 15.033296 226.000000 15.033296
129.500000 208 14.422205 208.000000 14.422205
130.500000 242 15.556349 242.000000 15.556349
131.500000 236 15.362291 236.000000 15.362291
132.500000 225 15.000000 225.000000 15.000000
133.500000 229 15.132746 229.000000 15.132746
134.500000 246 15.684387 246.000000 15.684387
135.500000 237 15.394804 237.000000 15.394804
136.500000 221 14.866069 221.000000 14.866069
137.500000 221 14.866069 221.000000 14.866069
138.500000 227 15.066519 227.000000 15.066519
139.500000 214 14.628739 214.000000 14.628739
140.500000 233 15.264338 233.000000 15.264338
141.500000 230 15.165751 230.000000 15.165751
142.500000 244 15.620499 244.000000 15.620499
143.500000 234 15.297059 234.000000 15.297059
144.500000 260 16.124515 260.000000 16.124515
145.500000 247 15.716234 247.000000 15.716234
146.500000 244 15.620499 244.000000 15.620499
147.500000 255 15.968719 255.000000 15.968719
148.500000 263 16.217275 263.000000 16.217275
149.500000 257 16.031220 257.000000 16.031220
150.500000 294 17.146428 294.000000 17.146428
151.500000 259 16.093477 259.000000 16.093477
152.500000 236 15.362291 236.000000 15.362291
153.500000 243 15.588457 243.000000 15.588457
154.500000 287 16.941074 287.000000 16.941074
155.500000 257 16.031220 257.000000 16.031220
156.500000 294 17.146428 294.000000 17.146428
157.500000 260 16.124515 260.000000 16.124515
158.500000 273 16.522712 273.000000 16.522712
159.500000 302 17.378147 302.000000 17.378147
160.500000 243 15.588457 243.000000 15.588457
161.500000 275 16.583124 275.000000 16.583124
162.500000 267 16.340135 267.000000 16.340135
163.500000 271 16.462078 271.000000 16.462078
164.500000 269 16.401219 269.000000 16.401219
165.500000 287 16.941074 287.000000 16.941074
166.500000 312 17.663522 312.000000 17.663522
167.500000 279 16.703293 279.000000 16.703293
168.500000 304 17.435596 304.000000 17.435596
169.500000 259 16.093477 259.000000 16.093477
170.500000 326 18.055470 326.000000 18.055470
171.500000 287 16.941074 287.000000 16.941074
172.500000 262 16.186414 262.000000 16.186414
173.500000 272 16.492423 272.000000 16.492423
174.500000 286 16.911535 286.000000 16.911535
175.500000 276 16.613248 276.000000 16.613248
176.500000 284 16.852300 284.000000 16.852300
177.500000 276 16.613248 276.000000 16.613248
178.500000 323 17.972201 323.000000 17.972201
179.500000 309 17.578396 309.000000 17.578396
180.500000 316 17.776389 316.000000 17.776389
181.500000 290 17.029386 290.000000 17.029386
182.500000 274 16.552945 274.000000 16.552945
183.500000 319 17.860571 319.000000 17.860571
184.500000 284 16.852300 284.000000 16.852300
185.500000 286 16.911535 286.000000 16.911535
186.500000 307 17.521415 307.000000 17.521415
187.500000 294 17.146428 294.000000 17.146428
188.500000 272 16.492423 272.000000 16.492423
189.500000 294 17.146428 294.000000 17.146428
190.500000 314 17.720045 314.000000 17.720045
191.500000 267 16.340135 267.000000 16.340135
192.500000 286 16.911535 286.000000 16.911535
193.500000 301 17.349352 301.000000 17.349352
194.500000 317 17.804494 317.000000 17.804494
195.500000 300 17.320508 300.000000 17.320508
196.500000 322 17.944358 322.000000 17.944358
197.500000 316 17.776389 316.000000 17.776389
198.500000 311 17.635192 311.000000 17.635192
199.500000 276 16.613248 276.000000 16.613248
200.500000 317 17.804494 317.000000 17.804494
201.500000 314 17.720045 314.000000 17.720045
202.500000 283 16.822604 283.000000 16.822604
203.500000 298 17.262677 298.000000 17.262677
204.500000 316 17.776389 316.000000 17.776389
205.500000 308 17.549929 308.000000 17.549929
206.500000 318 17.832555 318.000000 17.832555
207.500000 297 17.233688 297.000000 17.233688
208.500000 269 16.401219 269.000000 16.401219
209.500000 292 17.088007 292.000000 17.088007
210.500000 271 16.462078 271.000000 16.462078
211.500000 282 16.792856 282.000000 16.792856
212.500000 283 16.822604 283.000000 16.822604
213.500000 301 17.349352 301.000000 17.349352
214.500000 290 17.029386 290.000000 17.029386
215.500000 264 16.248077 264.000000 16.248077
216.500000 280 16.733201 280.000000 16.733201
217.500000 314 17.720045 314.000000 17.720045
218.500000 304 17.435596 304.000000 17.435596
219.500000 311 17.635192 311.000000 17.635192
220.500000 331 18.193405 331.000000 18.193405
221.500000 306 17.492856 306.000000 17.492856
222.500000 284 16.852300 284.000000 16.852300
223.500000 271 16.462078 271.000000 16.462078
224.500000 294 17.146428 294.000000 17.146428
225.500000 294 17.146428 294.000000 17.146428
226.500000 264 16.248077 264.000000 16.248077
227.500000 269 16.401219 269.000000 16.401219
228.500000 299 17.291616 299.000000 17.291616
229.500000 264 16.248077 264.000000 16.248077
230.500000 299 17.291616 299.000000 17.291616
231.500000 315 17.748239 315.000000 17.748239
232.500000 271 16.462078 271.000000 16.462078
233.500000 275 16.583124 275.000000 16.583124
234.500000 286 16.911535 286.000000 16.911535
235.500000 319 17.860571 319.000000 17.860571
236.500000 285 16.881943 285.000000 16.881943
237.500000 283 16.822604 283.000000 16.822604
238.500000 250 15.811388 250.000000 15.811388
239.500000 300 17.320508 300.000000 17.320508
240.500000 287 16.941074 287.000000 16.941074
241.500000 270 16.431677 270.000000 16.431677
242.500000 264 16.248077 264.000000 16.248077
243.500000 294 17.146428 294.000000 17.146428
244.500000 278 16.673332 278.000000 16.673332
245.500000 275 16.583124 275.000000 16.583124
246.500000 300 17.320508 300.000000 17.320508
247.500000 292 17.088007 292.000000 17.088007
248.500000 263 16.217275 263.000000 16.217275
249.500000 300 17.320508 300.000000 17.320508
250.500000 276 16.613248 276.000000 16.613248
251.500000 276 16.613248 276.000000 16.613248
252.500000 290 17.029386 290.000000 17.029386
253.500000 276 16.613248 276.000000 16.613248
254.500000 257 16.031220 257.000000 16.031220
255.500000 289 17.000000 289.000000 17.000000
256.500000 227 15.066519 227.000000 15.066519
257.500000 304 17.435596 304.000000 17.435596
258.500000 273 16.522712 273.000000 16.522712
259.500000 273 16.522712 273.000000 16.522712
260.500000 304 17.435596 304.000000 17.435596
261.500000 249 15.779734 249.000000 15.779734
262.500000 261 16.155494 261.000000 16.155494
263.500000 302 17.378147 302.000000 17.378147
264.500000 253 15.905974 253.000000 15.905974
265.500000 287 16.941074 287.000000 16.941074
266.500000 268 16.370706 268.000000 16.370706
267.500000 289 17.000000 289.000000 17.000000
268.500000 284 16.852300 284.000000 16.852300
269.500000 229 15.132746 229.000000 15.132746
270.500000 295 17.175564 295.000000 17.175564
271.500000 273 16.522712 273.000000 16.522712
272.500000 260 16.124515 260.000000 16.124515
273.500000 239 15.459625 239.000000 15.459625
274.500000 255 15.968719 255.000000 15.968719
275.500000 271 16.462078 271.000000 16.462078
276.500000 279 16.703293 279.000000 16.703293
277.500000 248 15.748016 248.000000 15.748016
278.500000 269 16.401219 269.000000 16.401219
279.500000 237 15.394804 237.000000 15.394804
280.500000 255 15.968719 255.000000 15.968719
281.500000 279 16.703293 279.000000 16.703293
282.500000 250 15.811388 250.000000 15.811388
283.500000 240 15.491933 240.000000 15.491933
284.500000 251 15.842980 251.000000 15.842980
285.500000 249 15.779734 249.000000 15.779734
286.500000 257 16.031220 257.000000 16.031220
287.500000 271 16.462078 271.000000 16.462078
288.500000 248 15.748016 248.000000 15.748016
289.500000 241 15.524175 241.000000 15.524175
290.500000 261 16.155494 261.000000 16.155494
291.500000 244 15.620499 244.000000 15.620499
292.500000 267 16.340135 267.000000 16.340135
293.500000 286 16.911535 286.000000 16.911535
294.500000 234 15.297059 234.000000 15.297059
295.500000 250 15.811388 250.000000 15.811388
296.500000 285 16.881943 285.000000 16.881943
297.500000 242 15.556349 242.000000 15.556349
298.500000 255 15.968719 255.000000 15.968719
299.500000 265 16.278821 265.000000 16.278821
300.500000 243 15.588457 243.000000 15.588457
301.500000 259 16.093477 259.000000 16.093477
302.500000 263 16.217275 263.000000 16.217275
303.500000 260 16.124515 260.000000 16.124515
304.500000 254 15.937377 254.000000 15.937377
305.500000 245 15.652476 245.000000 15.652476
306.500000 259 16.093477 259.000000 16.093477
307.500000 237 15.394804 237.000000 15.394804
308.500000 238 15.427249 238.000000 15.427249
309.500000 249 15.779734 249.000000 15.779734
310.500000 260 16.124515 260.000000 16.124515
311.500000 278 16.673332 278.000000 16.673332
312.500000 211 14.525839 211.000000 14.525839
313.500000 236 15.362291 236.000000 15.362291
314.500000 257 16.031220 257.000000 16.031220
315.500000 265 16.278821 265.000000 16.278821
316.500000 241 15.524175 241.000000 15.524175
317.500000 226 15.033296 226.000000 15.033296
318.500000 235 15.329710 235.000000 15.329710
319.500000 264 16.248077 264.000000 16.248077
320.500000 248 15.748016 248.000000 15.748016
321.500000 236 15.362291 236.000000 15.362291
322.500000 236 15.362291 236.000000 15.362291
323.500000 220 14.832397 220.000000 14.832397
324.500000 244 15.620499 244.000000 15.620499
325.500000 233 15.264338 233.000000 15.264338
326.500000 236 15.362291 236.000000 15.362291
327.500000 223 14.933185 223.000000 14.933185
328.500000 245 15.652476 245.000000 15.652476
329.500000 251 15.842980 251.000000 15.842980
330.500000 198 14.071247 198.000000 14.071247
331.500000 235 15.329710 235.000000 15.329710
332.500000 235 15.329710 235.000000 15.329710
333.500000 250 15.811388 250.000000 15.811388
334.500000 223 14.933185 223.000000 14.933185
335.500000 264 16.248077 264.000000 16.248077
336.500000 235 15.329710 235.000000 15.329710
337.500000 195 13.964240 195.000000 13.964240
338.500000 218 14.764823 218.000000 14.764823
339.500000 238 15.427249 238.000000 15.427249
340.500000 252 15.874508 252.000000 15.874508
341.500000 211 14.525839 211.000000 14.525839
342.500000 209 14.456832 209.000000 14.456832
343.500000 227 15.066519 227.000000 15.066519
344.500000 245 15.652476 245.000000 15.652476
345.500000 235 15.329710 235.000000 15.329710
346.500000 226 15.033296 226.000000 15.033296
347.500000 213 14.594520 213.000000 14.594520
348.500000 234 15.297059 234.000000 15.297059
349.500000 230 15.165751 230.000000 15.165751
350.500000 238 15.427249 238.000000 15.427249
351.500000 215 14.662878 215.000000 14.662878
352.500000 210 14.491377 210.000000 14.491377
353.500000 196 14.000000 196.000000 14.000000
354.500000 208 14.422205 208.000000 14.422205
355.500000 235 15.329710 235.000000 15.329710
356.500000 226 15.033296 226.000000 15.033296
357.500000 210 14.491377 210.000000 14.491377
358.500000 209 14.456832 209.000000 14.456832
359.500000 241 15.524175 241.000000 15.524175
360.500000 198 14.071247 198.000000 14.071247
361.500000 193 13.892444 193.000000 13.892444
362.500000 202 14.212670 202.000000 14.212670
363.500000 190 13.784049 190.000000 13.784049
364.500000 212 14.560220 212.000000 14.560220
365.500000 222 14.899664 222.000000 14.899664
366.500000 209 14.456832 209.000000 14.456832
367.500000 207 14.387495 207.000000 14.387495
368.500000 205 14.317821 205.000000 14.317821
369.500000 219 14.798649 219.000000 14.798649
370.500000 182 13.490738 182.000000 13.490738
371.500000 212 14.560220 212.000000 14.560220
372.500000 198 14.071247 198.000000 14.071247
373.500000 196 14.000000 196.000000 14.000000
374.500000 187 13.674794 187.000000 13.674794
375.500000 199 14.106736 199.000000 14.106736
376.500000 194 13.928388 194.000000 13.928388
377.500000 185 13.601471 185.000000 13.601471
378.500000 185 13.601471 185.000000 13.601471
379.500000 210 14.491377 210.000000 14.491377
380.500000 196 14.000000 196.000000 14.000000
381.500000 217 14.730920 217.000000 14.730920
382.500000 190 13.784049 190.000000 13.784049
383.500000 190 13.784049 190.000000 13.784049
384.500000 202 14.212670 202.000000 14.212670
385.500000 188 13.711309 188.000000 13.711309
386.500000 176 13.266499 176.000000 13.266499
387.500000 207 14.387495 207.000000 14.387495
388.500000 195 13.964240 195.000000 13.964240
389.500000 180 13.416408 180.000000 13.416408
390.500000 163 12.767145 163.000000 12.767145
391.500000 202 14.212670 202.000000 14.212670
392.500000 188 13.711309 188.000000 13.711309
393.500000 175 13.228757 175.000000 13.228757
394.500000 173 13.152946 173.000000 13.152946
395.500000 164 12.806248 164.000000 12.806248
396.500000 176 13.266499 176.000000 13.266499
397.500000 192 13.856406 192.000000 13.856406
398.500000 169 13.000000 169.000000 13.000000
399.500000 169 13.000000 169.000000 13.000000
400.500000 182 13.490738 182.000000 13.490738
401.500000 162 12.727922 162.000000 12.727922
402.500000 150 12.247449 150.000000 12.247449
403.500000 197 14.035669 197.000000 14.035669
404.500000 174 13.190906 174.000000 13.190906
405.500000 177 13.304135 177.000000 13.304135
406.500000 175 13.228757 175.000000 13.228757
407.500000 163 12.767145 163.000000 12.767145
408.500000 193 13.892444 193.000000 13.892444
409.500000 171 13.076697 171.000000 13.076697
410.500000 168 12.961481 168.000000 12.961481
411.500000 163 12.767145 163.000000 12.767145
412.500000 179 13.379088 179.000000 13.379088
413.500000 142 11.916375 142.000000 11.916375
414.500000 164 12.806248 164.000000 12.806248
415.500000 166 12.884099 166.000000 12.884099
416.500000 142 11.916375 142.000000 11.916375
417.500000 153 12.369317 153.000000 12.369317
418.500000 154 12.409674 154.000000 12.409674
419.500000 159 12.609520 159.000000 12.609520
420.500000 159 12.609520 159.000000 12.609520
421.500000 147 12.124356 147.000000 12.124356
422.500000 152 12.328828 152.000000 12.328828
423.500000 162 12.727922 162.000000 12.727922
424.500000 168 12.961481 168.000000 12.961481
425.500000 164 12.806248 164.000000 12.806248
426.500000 172 13.114877 172.000000 13.114877
427.500000 144 12.000000 144.000000 12.000000
428.500000 176 13.266499 176.000000 13.266499
429.500000 155 12.449900 155.000000 12.449900
430.500000 143 11.958261 143.000000 11.958261
431.500000 117 10.816654 117.000000 10.816654
432.500000 128 11.313708 128.000000 11.313708
433.500000 158 12.569805 158.000000 12.569805
434.500000 142 11.916375 142.000000 11.916375
435.500000 145 12.041595 145.000000 12.041595
436.500000 150 12.247449 150.000000 12.247449
437.500000 138 11.747340 138.000000 11.747340
438.500000 133 11.532563 133.000000 11.532563
439.500000 126 11.224972 126.000000 11.224972
440.500000 130 11.401754 130.000000 11.401754
441.500000 141 11.874342 141.000000 11.874342
442.500000 150 12.247449 150.000000 12.247449
443.500000 129 11.357817 129.000000 11.357817
444.500000 137 11.704700 137.000000 11.704700
445.500000 134 11.575837 134.000000 11.575837
446.500000 139 11.789826 139.000000 11.789826
447.500000 147 12.124356 147.000000 12.124356
448.500000 143 11.958261 143.000000 11.958261
449.500000 123 11.090537 123.000000 11.090537
450.500000 122 11.045361 122.000000 11.045361
451.500000 143 11.958261 143.000000 11.958261
452.500000 98 9.899495 98.000000 9.899495
453.500000 119 10.908712 119.000000 10.908712
454.500000 102 10.099505 102.000000 10.099505
455.500000 114 10.677078 114.000000 10.677078
456.500000 116 10.770330 116.000000 10.770330
457.500000 114 10.677078 114.000000 10.677078
458.500000 116 10.770330 116.000000 10.770330
459.500000 118 10.862780 118.000000 10.862780
460.500000 136 11.661904 136.000000 11.661904
461.500000 135 11.618950 135.000000 11.618950
462.500000 119 10.908712 119.000000 10.908712
463.500000 126 11.224972 126.000000 11.224972
464.500000 123 11.090537 123.000000 11.090537
465.500000 126 11.224972 126.000000 11.224972
466.500000 108 10.392305 108.000000 10.392305
467.500000 90 9.486833 90.000000 9.486833
468.500000 116 10.770330 116.000000 10.770330
469.500000 112 10.583005 112.000000 10.583005
470.500000 108 10.392305 108.000000 10.392305
471.500000 109 10.440307 109.000000 10.440307
472.500000 134 11.575837 134.000000 11.575837
473.500000 126 11.224972 126.000000 11.224972
474.500000 101 10.049876 101.000000 10.049876
475.500000 115 10.723805 115.000000 10.723805
476.500000 122 11.045361 122.000000 11.045361
477.500000 115 10.723805 115.000000 10.723805
478.500000 114 10.677078 114.000000 10.677078
479.500000 113 10.630146 113.000000 10.630146
480.500000 111 10.535654 111.000000 10.535654
481.500000 107 10.344080 107.000000 10.344080
482.500000 109 10.440307 109.000000 10.440307
483.500000 121 11.000000 121.000000 11.000000
484.500000 92 9.591663 92.000000 9.591663
485.500000 116 10.770330 116.000000 10.770330
486.500000 103 10.148892 103.000000 10.148892
487.500000 100 10.000000 100.000000 10.000000
488.500000 113 10.630146 113.000000 10.630146
489.500000 94 9.695360 94.000000 9.695360
490.500000 98 9.899495 98.000000 9.899495
491.500000 106 10.295630 106.000000 10.295630
492.500000 85 9.219544 85.000000 9.219544
493.500000 101 10.049876 101.000000 10.049876
494.500000 110 10.488088 110.000000 10.488088
495.500000 94 9.695360 94.000000 9.695360
496.500000 106 10.295630 106.000000 10.295630
497.500000 92 9.591663 92.000000 9.591663
498.500000 84 9.165151 84.000000 9.165151
499.500000 95 9.746794 95.000000 9.746794
500.500000 89 9.433981 89.000000 9.433981
501.500000 113 10.630146 113.000000 10.630146
502.500000 105 10.246951 105.000000 10.246951
503.500000 100 10.000000 100.000000 10.000000
504.500000 92 9.591663 92.000000 9.591663
505.500000 94 9.695360 94.000000 9.695360
506.500000 98 9.899495 98.000000 9.899495
507.500000 101 10.049876 101.000000 10.049876
508.500000 87 9.327379 87.000000 9.327379
509.500000 88 9.380832 88.000000 9.380832
510.500000 83 9.110434 83.000000 9.110434
511.500000 89 9.433981 89.000000 9.433981
512.500000 112 10.583005 112.000000 10.583005
513.500000 92 9.591663 92.000000 9.591663
514.500000 83 9.110434 83.000000 9.110434
515.500000 79 8.888194 79.000000 8.888194
516.500000 99 9.949874 99.000000 9.949874
517.500000 91 9.539392 91.000000 9.539392
518.500000 89 9.433981 89.000000 9.433981
519.500000 100 10.000000 100.000000 10.000000
520.500000 84 9.165151 84.000000 9.165151
521.500000 81 9.000000 81.000000 9.000000
522.500000 81 9.000000 81.000000 9.000000
523.500000 85 9.219544 85.000000 9.219544
524.500000 75 8.660254 75.000000 8.660254
525.500000 91 9.539392 91.000000 9.539392
526.500000 69 8.306624 69.000000 8.306624
527.500000 102 10.099505 102.000000 10.099505
528.500000 70 8.366600 70.000000 8.366600
529.500000 92 9.591663 92.000000 9.591663
530.500000 73 8.544004 73.000000 8.544004
531.500000 91 9.539392 91.000000 9.539392
532.500000 80 8.944272 80.000000 8.944272
533.500000 70 8.366600 70.000000 8.366600
534.500000 67 8.185353 67.000000 8.185353
535.500000 72 8.485281 72.000000 8.485281
536.500000 78 8.831761 78.000000 8.831761
537.500000 64 8.000000 64.000000 8.000000
538.500000 83 9.110434 83.000000 9.110434
539.500000 73 8.544004 73.000000 8.544004
540.500000 72 8.485281 72.000000 8.485281
541.500000 68 8.246211 68.000000 8.246211
542.500000 78 8.831761 78.000000 8.831761
543.500000 71 8.426150 71.000000 8.426150
544.500000 62 7.874008 62.000000 7.874008
545.500000 61 7.810250 61.000000 7.810250
546.500000 79 8.888194 79.000000 8.888194
547.500000 74 8.602325 74.000000 8.602325
548.500000 78 8.831761 78.000000 8.831761
549.500000 80 8.944272 80.000000 8.944272
550.500000 82 9.055385 82.000000 9.055385
551.500000 61 7.810250 61.000000 7.810250
552.500000 66 8.124038 66.000000 8.124038
553.500000 60 7.745967 60.000000 7.745967
554.500000 68 8.246211 68.000000 8.246211
555.500000 76 8.717798 76.000000 8.717798
556.500000 68 8.246211 68.000000 8.246211
557.500000 72 8.485281 72.000000 8.485281
558.500000 69 8.306624 69.000000 8.306624
559.500000 67 8.185353 67.000000 8.185353
560.500000 60 7.745967 60.000000 7.745967
561.500000 78 8.831761 78.000000 8.831761
562.500000 77 8.774964 77.000000 8.774964
563.500000 75 8.660254 75.000000 8.660254
564.500000 78 8.831761 78.000000 8.831761
565.500000 74 8.602325 74.000000 8.602325
566.500000 76 8.717798 76.000000 8.717798
567.500000 63 7.937254 63.000000 7.937254
568.500000 62 7.874008 62.000000 7.874008
569.500000 72 8.485281 72.000000 8.485281
570.500000 56 7.483315 56.000000 7.483315
571.500000 74 8.602325 74.000000 8.602325
572.500000 74 8.602325 74.000000 8.602325
573.500000 66 8.124038 66.000000 8.124038
574.500000 49 7.000000 49.000000 7.000000
575.500000 65 8.062258 65.000000 8.062258
576.500000 66 8.124038 66.000000 8.124038
577.500000 56 7.483315 56.000000 7.483315
578.500000 71 8.426150 71.000000 8.426150
579.500000 75 8.660254 75.000000 8.660254
580.500000 56 7.483315 56.000000 7.483315
581.500000 64 8.000000 64.000000 8.000000
582.500000 68 8.246211 68.000000 8.246211
583.500000 66 8.124038 66.000000 8.124038
584.500000 49 7.000000 49.000000 7.000000
585.500000 65 8.062258 65.000000 8.062258
586.500000 54 7.348469 54.000000 7.348469
587.500000 50 7.071068 50.000000 7.071068
588.500000 62 7.874008 62.000000 7.874008
589.500000 62 7.874008 62.000000 7.874008
590.500000 71 8.426150 71.000000 8.426150
591.500000 59 7.681146 59.000000 7.681146
592.500000 62 7.874008 62.000000 7.874008
593.500000 60 7.745967 60.000000 7.745967
594.500000 58 7.615773 58.000000 7.615773
595.500000 55 7.416198 55.000000 7.416198
596.500000 53 7.280110 53.000000 7.280110
597.500000 76 8.717798 76.000000 8.717798
598.500000 54 7.348469 54.000000 7.348469
599.500000 43 6.557439 43.000000 6.557439
600.500000 56 7.483315 56.000000 7.483315
601.500000 50 7.071068 50.000000 7.071068
602.500000 45 6.708204 45.000000 6.708204
603.500000 62 7.874008 62.000000 7.874008
604.500000 57 7.549834 57.000000 7.549834
605.500000 44 6.633250 44.000000 6.633250
606.500000 45 6.708204 45.000000 6.708204
607.500000 53 7.280110 53.000000 7.280110
608.500000 44 6.633250 44.000000 6.633250
609.500000 40 6.324555 40.000000 6.324555
610.500000 53 7.280110 53.000000 7.280110
611.500000 56 7.483315 56.000000 7.483315
612.500000 52 7.211103 52.000000 7.211103
613.500000 61 7.810250 61.000000 7.810250
614.500000 56 7.483315 56.000000 7.483315
615.500000 54 7.348469 54.000000 7.348469
616.500000 51 7.141428 51.000000 7.141428
617.500000 43 6.557439 43.000000 6.557439
618.500000 58 7.615773 58.000000 7.615773
619.500000 54 7.348469 54.000000 7.348469
620.500000 52 7.211103 52.000000 7.211103
621.500000 52 7.211103 52.000000 7.211103
622.500000 63 7.937254 63.000000 7.937254
623.500000 55 7.416198 55.000000 7.416198
624.500000 52 7.211103 52.000000 7.211103
625.500000 51 7.141428 51.000000 7.141428
626.500000 28 5.291503 28.000000 5.291503
627.500000 50 7.071068 50.000000 7.071068
628.500000 58 7.615773 58.000000 7.615773
629.500000 40 6.324555 40.000000 6.324555
630.500000 48 6.928203 48.000000 6.928203
631.500000 54 7.348469 54.000000 7.348469
632.500000 37 6.082763 37.000000 6.082763
633.500000 43 6.557439 43.000000 6.557439
634.500000 41 6.403124 41.000000 6.403124
635.500000 54 7.348469 54.000000 7.348469
636.500000 44 6.633250 44.000000 6.633250
637.500000 42 6.480741 42.000000 6.480741
638.500000 58 7.615773 58.000000 7.615773
639.500000 55 7.416198 55.000000 7.416198
640.500000 39 6.244998 39.000000 6.244998
641.500000 44 6.633250 44.000000 6.633250
642.500000 37 6.082763 37.000000 6.082763
643.500000 47 6.855655 47.000000 6.855655
644.500000 51 7.141428 51.000000 7.141428
645.500000 46 6.782330 46.000000 6.782330
646.500000 51 7.141428 51.000000 7.141428
647.500000 43 6.557439 43.000000 6.557439
648.500000 44 6.633250 44.000000 6.633250
649.500000 48 6.928203 48.000000 6.928203
650.500000 60 7.745967 60.000000 7.745967
651.500000 44 6.633250 44.000000 6.633250
652.500000 40 6.324555 40.000000 6.324555
653.500000 29 5.385165 29.000000 5.385165
654.500000 56 7.483315 56.000000 7.483315
655.500000 51 7.141428 51.000000 7.141428
656.500000 51 7.141428 51.000000 7.141428
657.500000 47 6.855655 47.000000 6.855655
658.500000 46 6.782330 46.000000 6.782330
659.500000 56 7.483315 56.000000 7.483315
660.500000 60 7.745967 60.000000 7.745967
661.500000 39 6.244998 39.000000 6.244998
662.500000 40 6.324555 40.000000 6.324555
663.500000 40 6.324555 40.000000 6.324555
664.500000 47 6.855655 47.000000 6.855655
665.500000 47 6.855655 47.000000 6.855655
666.500000 42 6.480741 42.000000 6.480741
667.500000 45 6.708204 45.000000 6.708204
668.500000 32 5.656854 32.000000 5.656854
669.500000 34 5.830952 34.000000 5.830952
670.500000 40 6.324555 40.000000 6.324555
671.500000 33 5.744563 33.000000 5.744563
672.500000 38 6.164414 38.000000 6.164414
673.500000 50 7.071068 50.000000 7.071068
674.500000 36 6.000000 36.000000 6.000000
675.500000 38 6.164414 38.000000 6.164414
676.500000 44 6.633250 44.000000 6.633250
677.500000 42 6.480741 42.000000 6.480741
678.500000 36 6.000000 36.000000 6.000000
679.500000 41 6.403124 41.000000 6.403124
680.500000 46 6.782330 46.000000 6.782330
681.500000 46 6.782330 46.000000 6.782330
682.500000 40 6.324555 40.000000 6.324555
683.500000 39 6.244998 39.000000 6.244998
684.500000 32 5.656854 32.000000 5.656854
685.500000 38 6.164414 38.000000 6.164414
686.500000 40 6.324555 40.000000 6.324555
687.500000 34 5.830952 34.000000 5.830952
688.500000 36 6.000000 36.000000 6.000000
689.500000 38 6.164414 38.000000 6.164414
690.500000 42 6.480741 42.000000 6.480741
691.500000 33 5.744563 33.000000 5.744563
692.500000 45 6.708204 45.000000 6.708204
693.500000 35 5.916080 35.000000 5.916080
694.500000 41 6.403124 41.000000 6.403124
695.500000 23 4.795832 23.000000 4.795832
696.500000 32 5.656854 32.000000 5.656854
697.500000 30 5.477226 30.000000 5.477226
698.500000 39 6.244998 39.000000 6.244998
699.500000 41 6.403124 41.000000 6.403124
700.500000 33 5.744563 33.000000 5.744563
701.500000 32 5.656854 32.000000 5.656854
702.500000 32 5.656854 32.000000 5.656854
703.500000 35 5.916080 35.000000 5.916080
704.500000 45 6.708204 45.000000 6.708204
705.500000 34 5.830952 34.000000 5.830952
706.500000 32 5.656854 32.000000 5.656854
707.500000 39 6.244998 39.000000 6.244998
708.500000 29 5.385165 29.000000 5.385165
709.500000 36 6.000000 36.000000 6.000000
710.500000 28 5.291503 28.000000 5.291503
711.500000 35 5.916080 35.000000 5.916080
712.500000 31 5.567764 31.000000 5.567764
713.500000 42 6.480741 42.000000 6.480741
714.500000 33 5.744563 33.000000 5.744563
715.500000 33 5.744563 33.000000 5.744563
716.500000 37 6.082763 37.000000 6.082763
717.500000 25 5.000000 25.000000 5.000000
718.500000 38 6.164414 38.000000 6.164414
719.500000 40 6.324555 40.000000 6.324555
720.500000 47 6.855655 47.000000 6.855655
721.500000 38 6.164414 38.000000 6.164414
722.500000 36 6.000000 36.000000 6.000000
723.500000 36 6.000000 36.000000 6.000000
724.500000 28 5.291503 28.000000 5.291503
725.500000 31 5.567764 31.000000 5.567764
726.500000 38 6.164414 38.000000 6.164414
727.500000 23 4.795832 23.000000 4.795832
728.500000 39 6.244998 39.000000 6.244998
729.500000 42 6.480741 42.000000 6.480741
730.500000 40 6.324555 40.000000 6.324555
731.500000 21 4.582576 21.000000 4.582576
732.500000 31 5.567764 31.000000 5.567764
733.500000 34 5.830952 34.000000 5.830952
734.500000 43 6.557439 43.000000 6.557439
735.500000 26 5.099020 26.000000 5.099020
736.500000 38 6.164414 38.000000 6.164414
737.500000 29 5.385165 29.000000 5.385165
738.500000 43 6.557439 43.000000 6.557439
739.500000 27 5.196152 27.000000 5.196152
740.500000 31 5.567764 31.000000 5.567764
741.500000 30 5.477226 30.000000 5.477226
742.500000 39 6.244998 39.000000 6.244998
743.500000 39 6.244998 39.000000 6.244998
744.500000 26 5.099020 26.000000 5.099020
745.500000 36 6.000000 36.000000 6.000000
746.500000 25 5.000000 25.000000 5.000000
747.500000 32 5.656854 32.000000 5.656854
748.500000 29 5.385165 29.000000 5.385165
749.500000 34 5.830952 34.000000 5.830952
750.500000 27 5.196152 27.000000 5.196152
751.500000 24 4.898979 24.000000 4.898979
752.500000 37 6.082763 37.000000 6.082763
753.500000 22 4.690416 22.000000 4.690416
754.500000 28 5.291503 28.000000 5.291503
755.500000 25 5.000000 25.000000 5.000000
756.500000 43 6.557439 43.000000 6.557439
757.500000 29 5.385165 29.000000 5.385165
758.500000 28 5.291503 28.000000 5.291503
759.500000 35 5.916080 35.000000 5.916080
760.500000 23 4.795832 23.000000 4.795832
761.500000 26 5.099020 26.000000 5.099020
762.500000 25 5.000000 25.000000 5.000000
763.500000 24 4.898979 24.000000 4.898979
764.500000 29 5.385165 29.000000 5.385165
765.500000 30 5.477226 30.000000 5.477226
766.500000 32 5.656854 32.000000 5.656854
767.500000 30 5.477226 30.000000 5.477226
768.500000 21 4.582576 21.000000 4.582576
769.500000 25 5.000000 25.000000 5.000000
770.500000 32 5.656854 32.000000 5.656854
771.500000 26 5.099020 26.000000 5.099020
772.500000 34 5.830952 34.000000 5.830952
773.500000 25 5.000000 25.000000 5.000000
774.500000 38 6.164414 38.000000 6.164414
775.500000 29 5.385165 29.000000 5.385165
776.500000 32 5.656854 32.000000 5.656854
777.500000 26 5.099020 26.000000 5.099020
778.500000 24 4.898979 24.000000 4.898979
779.500000 22 4.690416 22.000000 4.690416
780.500000 26 5.099020 26.000000 5.099020
781.500000 29 5.385165 29.000000 5.385165
782.500000 21 4.582576 21.000000 4.582576
783.500000 24 4.898979 24.000000 4.898979
784.500000 23 4.795832 23.000000 4.795832
785.500000 30 5.477226 30.000000 5.477226
786.500000 23 4.795832 23.000000 4.795832
787.500000 26 5.099020 26.000000 5.099020
788.500000 24 4.898979 24.000000 4.898979
789.500000 34 5.830952 34.000000 5.830952
790.500000 19 4.358899 19.000000 4.358899
791.500000 20 4.472136 20.000000 4.472136
792.500000 24 4.898979 24.000000 4.898979
793.500000 20 4.472136 20.000000 4.472136
794.500000 16 4.000000 16.000000 4.000000
795.500000 29 5.385165 29.000000 5.385165
796.500000 34 5.830952 34.000000 5.830952
797.500000 25 5.000000 25.000000 5.000000
798.500000 23 4.795832 23.000000 4.795832
799.500000 27 5.196152 27.000000 5.196152
800.500000 24 4.898979 24.000000 4.898979
801.500000 29 5.385165 29.000000 5.385165
802.500000 22 4.690416 22.000000 4.690416
803.500000 27 5.196152 27.000000 5.196152
804.500000 15 3.872983 15.000000 3.872983
805.500000 21 4.582576 21.000000 4.582576
806.500000 32 5.656854 32.000000 5.656854
807.500000 23 4.795832 23.000000 4.795832
808.500000 31 5.567764 31.000000 5.567764
809.500000 26 5.099020 26.000000 5.099020
810.500000 17 4.123106 17.000000 4.123106
811.500000 26 5.099020 26.000000 5.099020
812.500000 26 5.099020 26.000000 5.099020
813.500000 23 4.795832 23.000000 4.795832
814.500000 21 4.582576 21.000000 4.582576
815.500000 32 5.656854 32.000000 5.656854
816.500000 27 5.196152 27.000000 5.196152
817.500000 25 5.000000 25.000000 5.000000
818.500000 29 5.385165 29.000000 5.385165
819.500000 25 5.000000 25.000000 5.000000
820.500000 23 4.795832 23.000000 4.795832
821.500000 22 4.690416 22.000000 4.690416
822.500000 32 5.656854 32.000000 5.656854
823.500000 17 4.123106 17.000000 4.123106
824.500000 35 5.916080 35.000000 5.916080
825.500000 24 4.898979 24.000000 4.898979
826.500000 22 4.690416 22.000000 4.690416
827.500000 22 4.690416 22.000000 4.690416
828.500000 25 5.000000 25.000000 5.000000
829.500000 17 4.123106 17.000000 4.123106
830.500000 18 4.242641 18.000000 4.242641
831.500000 25 5.000000 25.000000 5.000000
832.500000 18 4.242641 18.000000 4.242641
833.500000 14 3.741657 14.000000 3.741657
834.500000 16 4.000000 16.000000 4.000000
835.500000 19 4.358899 19.000000 4.358899
836.500000 31 5.567764 31.000000 5.567764
837.500000 17 4.123106 17.000000 4.123106
838.500000 31 5.567764 31.000000 5.567764
839.500000 15 3.872983 15.000000 3.872983
840.500000 21 4.582576 21.000000 4.582576
841.500000 27 5.196152 27.000000 5.196152
842.500000 17 4.123106 17.000000 4.123106
843.500000 15 3.872983 15.000000 3.872983
844.500000 22 4.690416 22.000000 4.690416
845.500000 15 3.872983 15.000000 3.872983
846.500000 22 4.690416 22.000000 4.690416
847.500000 26 5.099020 26.000000 5.099020
848.500000 17 4.123106 17.000000 4.123106
849.500000 14 3.741657 14.000000 3.741657
850.500000 26 5.099020 26.000000 5.099020
851.500000 20 4.472136 20.000000 4.472136
852.500000 25 5.000000 25.000000 5.000000
853.500000 26 5.099020 26.000000 5.099020
854.500000 20 4.472136 20.000000 4.472136
855.500000 20 4.472136 20.000000 4.472136
856.500000 18 4.242641 18.000000 4.242641
857.500000 15 3.872983 15.000000 3.872983
858.500000 22 4.690416 22.000000 4.690416
859.500000 15 3.872983 15.000000 3.872983
860.500000 19 4.358899 19.000000 4.358899
861.500000 17 4.123106 17.000000 4.123106
862.500000 20 4.472136 20.000000 4.472136
863.500000 13 3.605551 13.000000 3.605551
864.500000 21 4.582576 21.000000 4.582576
865.500000 16 4.000000 16.000000 4.000000
866.500000 21 4.582576 21.000000 4.582576
867.500000 18 4.242641 18.000000 4.242641
868.500000 13 3.605551 13.000000 3.605551
869.500000 22 4.690416 22.000000 4.690416
870.500000 19 4.358899 19.000000 4.358899
871.500000 18 4.242641 18.000000 4.242641
872.500000 28 5.291503 28.000000 5.291503
873.500000 23 4.795832 23.000000 4.795832
874.500000 13 3.605551 13.000000 3.605551
875.500000 12 3.464102 12.000000 3.464102
876.500000 14 3.741657 14.000000 3.741657
877.500000 26 5.099020 26.000000 5.099020
878.500000 23 4.795832 23.000000 4.795832
879.500000 14 3.741657 14.000000 3.741657
880.500000 13 3.605551 13.000000 3.605551
881.500000 19 4.358899 19.000000 4.358899
882.500000 19 4.358899 19.000000 4.358899
883.500000 14 3.741657 14.000000 3.741657
884.500000 11 3.316625 11.000000 3.316625
885.500000 20 4.472136 20.000000 4.472136
886.500000 20 4.472136 20.000000 4.472136
887.500000 15 3.872983 15.000000 3.872983
888.500000 19 4.358899 19.000000 4.358899
889.500000 10 3.162278 10.000000 3.162278
890.500000 22 4.690416 22.000000 4.690416
891.500000 13 3.605551 13.000000 3.605551
892.500000 19 4.358899 19.000000 4.358899
893.500000 22 4.690416 22.000000 4.690416
894.500000 15 3.872983 15.000000 3.872983
895.500000 15 3.872983 15.000000 3.872983
896.500000 16 4.000000 16.000000 4.000000
897.500000 20 4.472136 20.000000 4.472136
898.500000 25 5.000000 25.000000 5.000000
899.500000 7 2.645751 7.000000 2.645751
900.500000 13 3.605551 13.000000 3.605551
901.500000 14 3.741657 14.000000 3.741657
902.500000 13 3.605551 13.000000 3.605551
903.500000 11 3.316625 11.000000 3.316625
904.500000 21 4.582576 21.000000 4.582576
905.500000 21 4.582576 21.000000 4.582576
906.500000 13 3.605551 13.000000 3.605551
907.500000 13 3.605551 13.000000 3.605551
908.500000 22 4.690416 22.000000 4.690416
909.500000 10 3.162278 10.000000 3.162278
910.500000 16 4.000000 16.000000 4.000000
911.500000 15 3.872983 15.000000 3.872983
912.500000 23 4.795832 23.000000 4.795832
913.500000 10 3.162278 10.000000 3.162278
914.500000 16 4.000000 16.000000 4.000000
915.500000 19 4.358899 19.000000 4.358899
916.500000 16 4.000000 16.000000 4.000000
917.500000 13 3.605551 13.000000 3.605551
918.500000 15 3.872983 15.000000 3.872983
919.500000 12 3.464102 12.000000 3.464102
920.500000 9 3.000000 9.000000 3.000000
921.500000 16 4.000000 16.000000 4.000000
922.500000 21 4.582576 21.000000 4.582576
923.500000 16 4.000000 16.000000 4.000000
924.500000 13 3.605551 13.000000 3.605551
925.500000 10 3.162278 10.000000 3.162278
926.500000 18 4.242641 18.000000 4.242641
927.500000 13 3.605551 13.000000 3.605551
928.500000 16 4.000000 16.000000 4.000000
929.500000 12 3.464102 12.000000 3.464102
930.500000 19 4.358899 19.000000 4.358899
931.500000 12 3.464102 12.000000 3.464102
932.500000 16 4.000000 16.000000 4.000000
933.500000 14 3.741657 14.000000 3.741657
934.500000 16 4.000000 16.000000 4.000000
935.500000 8 2.828427 8.000000 2.828427
936.500000 11 3.316625 11.000000 3.316625
937.500000 13 3.605551 13.000000 3.605551
938.500000 9 3.000000 9.000000 3.000000
939.500000 10 3.162278 10.000000 3.162278
940.500000 5 2.236068 5.000000 2.236068
941.500000 10 3.162278 10.000000 3.162278
942.500000 18 4.242641 18.000000 4.242641
943.500000 15 3.872983 15.000000 3.872983
944.500000 11 3.316625 11.000000 3.316625
945.500000 14 3.741657 14.000000 3.741657
946.500000 15 3.872983 15.000000 3.872983
947.500000 10 3.162278 10.000000 3.162278
948.500000 8 2.828427 8.000000 2.828427
949.500000 17 4.123106 17.000000 4.123106
950.500000 13 3.605551 13.000000 3.605551
951.500000 9 3.000000 9.000000 3.000000
952.500000 14 3.741657 14.000000 3.741657
953.500000 13 3.605551 13.000000 3.605551
954.500000 11 3.316625 11.000000 3.316625
955.500000 20 4.472136 20.000000 4.472136
956.500000 15 3.872983 15.000000 3.872983
957.500000 14 3.741657 14.000000 3.741657
958.500000 13 3.605551 13.000000 3.605551
959.500000 9 3.000000 9.000000 3.000000
960.500000 16 4.000000 16.000000 4.000000
961.500000 16 4.000000 16.000000 4.000000
962.500000 8 2.828427 8.000000 2.828427
963.500000 11 3.316625 11.000000 3.316625
964.500000 8 2.828427 8.000000 2.828427
965.500000 11 3.316625 11.000000 3.316625
966.500000 25 5.000000 25.000000 5.000000
967.500000 9 3.000000 9.000000 3.000000
968.500000 18 4.242641 18.000000 4.242641
969.500000 9 3.000000 9.000000 3.000000
970.500000 6 2.449490 6.000000 2.449490
971.500000 14 3.741657 14.000000 3.741657
972.500000 11 3.316625 11.000000 3.316625
973.500000 11 3.316625 11.000000 3.316625
974.500000 7 2.645751 7.000000 2.645751
975.500000 11 3.316625 11.000000 3.316625
976.500000 9 3.000000 9.000000 3.000000
977.500000 17 4.123106 17.000000 4.123106
978.500000 12 3.464102 12.000000 3.464102
979.500000 11 3.316625 11.000000 3.316625
980.500000 9 3.000000 9.000000 3.000000
981.500000 8 2.828427 8.000000 2.828427
982.500000 8 2.828427 8.000000 2.828427
983.500000 5 2.236068 5.000000 2.236068
984.500000 8 2.828427 8.000000 2.828427
985.500000 9 3.000000 9.000000 3.000000
986.500000 10 3.162278 10.000000 3.162278
987.500000 11 3.316625 11.000000 3.316625
988.500000 18 4.242641 18.000000 4.242641
989.500000 10 3.162278 10.000000 3.162278
990.500000 10 3.162278 10.000000 3.162278
991.500000 5 2.236068 5.000000 2.236068
992.500000 7 2.645751 7.000000 2.645751
993.500000 9 3.000000 9.000000 3.000000
994.500000 7 2.645751 7.000000 2.645751
995.500000 14 3.741657 14.000000 3.741657
996.500000 10 3.162278 10.000000 3.162278
997.500000 5 2.236068 5.000000 2.236068
998.500000 8 2.828427 8.000000 2.828427
999.500000 12 3.464102 12.000000 3.464102
1000.500000 11 3.316625 11.000000 3.316625
1001.500000 8 2.828427 8.000000 2.828427
1002.500000 11 3.316625 11.000000 3.316625
1003.500000 9 3.000000 9.000000 3.000000
1004.500000 11 3.316625 11.000000 3.316625
1005.500000 15 3.872983 15.000000 3.872983
1006.500000 9 3.000000 9.000000 3.000000
1007.500000 13 3.605551 13.000000 3.605551
1008.500000 9 3.000000 9.000000 3.000000
1009.500000 9 3.000000 9.000000 3.000000
1010.500000 4 2.000000 4.000000 2.000000
1011.500000 5 2.236068 5.000000 2.236068
1012.500000 6 2.449490 6.000000 2.449490
1013.500000 10 3.162278 10.000000 3.162278
1014.500000 6 2.449490 6.000000 2.449490
1015.500000 7 2.645751 7.000000 2.645751
1016.500000 9 3.000000 9.000000 3.000000
1017.500000 8 2.828427 8.000000 2.828427
1018.500000 3 1.732051 3.000000 1.732051
1019.500000 11 3.316625 11.000000 3.316625
1020.500000 10 3.162278 10.000000 3.162278
1021.500000 9 3.000000 9.000000 3.000000
1022.500000 9 3.000000 9.000000 3.000000
1023.500000 11 3.316625 11.000000 3.316625
