# name, dx, fmax, fmax_err, norm_value, norm_vale_err
# 500D_137Cs 1 646 25.41653005427767 1 0
# bin_center, freq, freq_err, norm_freq, norm_freq_err
0.500000 0 0.000000 0.000000 0.000000
1.500000 0 0.000000 0.000000 0.000000
2.500000 0 0.000000 0.000000 0.000000
3.500000 0 0.000000 0.000000 0.000000
4.500000 1 1.000000 1.000000 1.000000
5.500000 8 2.828427 8.000000 2.828427
6.500000 103 10.148892 103.000000 10.148892
7.500000 308 17.549929 308.000000 17.549929
8.500000 426 20.639767 426.000000 20.639767
9.500000 595 24.392622 595.000000 24.392622
10.500000 646 25.416530 646.000000 25.416530
11.500000 578 24.041631 578.000000 24.041631
12.500000 496 22.271057 496.000000 22.271057
13.500000 407 20.174241 407.000000 20.174241
14.500000 461 21.470911 461.000000 21.470911
15.500000 411 20.273135 411.000000 20.273135
16.500000 401 20.024984 401.000000 20.024984
17.500000 377 19.416488 377.000000 19.416488
18.500000 332 18.220867 332.000000 18.220867
19.500000 299 17.291616 299.000000 17.291616
20.500000 267 16.340135 267.000000 16.340135
21.500000 367 19.157244 367.000000 19.157244
22.500000 330 18.165902 330.000000 18.165902
23.500000 297 17.233688 297.000000 17.233688
24.500000 303 17.406895 303.000000 17.406895
25.500000 265 16.278821 265.000000 16.278821
26.500000 240 15.491933 240.000000 15.491933
27.500000 240 15.491933 240.000000 15.491933
28.500000 221 14.866069 221.000000 14.866069
29.500000 246 15.684387 246.000000 15.684387
30.500000 230 15.165751 230.000000 15.165751
31.500000 219 14.798649 219.000000 14.798649
32.500000 245 15.652476 245.000000 15.652476
33.500000 215 14.662878 215.000000 14.662878
34.500000 236 15.362291 236.000000 15.362291
35.500000 225 15.000000 225.000000 15.000000
36.500000 225 15.000000 225.000000 15.000000
37.500000 178 13.341664 178.000000 13.341664
38.500000 203 14.247807 203.000000 14.247807
39.500000 175 13.228757 175.000000 13.228757
40.500000 210 14.491377 210.000000 14.491377
41.500000 184 13.564660 184.000000 13.564660
42.500000 224 14.966630 224.000000 14.966630
43.500000 171 13.076697 171.000000 13.076697
44.500000 188 13.711309 188.000000 13.711309
45.500000 243 15.588457 243.000000 15.588457
46.500000 235 15.329710 235.000000 15.329710
47.500000 189 13.747727 189.000000 13.747727
48.500000 232 15.231546 232.000000 15.231546
49.500000 205 14.317821 205.000000 14.317821
50.500000 193 13.892444 193.000000 13.892444
51.500000 160 12.649111 160.000000 12.649111
52.500000 202 14.212670 202.000000 14.212670
53.500000 249 15.779734 249.000000 15.779734
54.500000 233 15.264338 233.000000 15.264338
55.500000 189 13.747727 189.000000 13.747727
56.500000 188 13.711309 188.000000 13.711309
57.500000 245 15.652476 245.000000 15.652476
58.500000 273 16.522712 273.000000 16.522712
59.500000 202 14.212670 202.000000 14.212670
60.500000 198 14.071247 198.000000 14.071247
61.500000 210 14.491377 210.000000 14.491377
62.500000 188 13.711309 188.000000 13.711309
63.500000 226 15.033296 226.000000 15.033296
64.500000 238 15.427249 238.000000 15.427249
65.500000 237 15.394804 237.000000 15.394804
66.500000 243 15.588457 243.000000 15.588457
67.500000 191 13.820275 191.000000 13.820275
68.500000 249 15.779734 249.000000 15.779734
69.500000 258 16.062378 258.000000 16.062378
70.500000 192 13.856406 192.000000 13.856406
71.500000 237 15.394804 237.000000 15.394804
72.500000 253 15.905974 253.000000 15.905974
73.500000 255 15.968719 255.000000 15.968719
74.500000 215 14.662878 215.000000 14.662878
75.500000 223 14.933185 223.000000 14.933185
76.500000 193 13.892444 193.000000 13.892444
77.500000 192 13.856406 192.000000 13.856406
78.500000 277 16.643317 277.000000 16.643317
79.500000 236 15.362291 236.000000 15.362291
80.500000 265 16.278821 265.000000 16.278821
81.500000 202 14.212670 202.000000 14.212670
82.500000 254 15.937377 254.000000 15.937377
83.500000 283 16.822604 283.000000 16.822604
84.500000 257 16.031220 257.000000 16.031220
85.500000 255 15.968719 255.000000 15.968719
86.500000 269 16.401219 269.000000 16.401219
87.500000 275 16.583124 275.000000 16.583124
88.500000 249 15.779734 249.000000 15.779734
89.500000 294 17.146428 294.000000 17.146428
90.500000 260 16.124515 260.000000 16.124515
91.500000 263 16.217275 263.000000 16.217275
92.500000 272 16.492423 272.000000 16.492423
93.500000 221 14.866069 221.000000 14.866069
94.500000 275 16.583124 275.000000 16.583124
95.500000 226 15.033296 226.000000 15.033296
96.500000 288 16.970563 288.000000 16.970563
97.500000 274 16.552945 274.000000 16.552945
98.500000 262 16.186414 262.000000 16.186414
99.500000 198 14.071247 198.000000 14.071247
100.500000 262 16.186414 262.000000 16.186414
101.500000 304 17.435596 304.000000 17.435596
102.500000 265 16.278821 265.000000 16.278821
103.500000 224 14.966630 224.000000 14.966630
104.500000 289 17.000000 289.000000 17.000000
105.500000 240 15.491933 240.000000 15.491933
106.500000 247 15.716234 247.000000 15.716234
107.500000 248 15.748016 248.000000 15.748016
108.500000 253 15.905974 253.000000 15.905974
109.500000 291 17.058722 291.000000 17.058722
110.500000 273 16.522712 273.000000 16.522712
111.500000 249 15.779734 249.000000 15.779734
112.500000 304 17.435596 304.000000 17.435596
113.500000 228 15.099669 228.000000 15.099669
114.500000 258 16.062378 258.000000 16.062378
115.500000 221 14.866069 221.000000 14.866069
116.500000 218 14.764823 218.000000 14.764823
117.500000 233 15.264338 233.000000 15.264338
118.500000 261 16.155494 261.000000 16.155494
119.500000 277 16.643317 277.000000 16.643317
120.500000 284 16.852300 284.000000 16.852300
121.500000 181 13.453624 181.000000 13.453624
122.500000 220 14.832397 220.000000 14.832397
123.500000 244 15.620499 244.000000 15.620499
124.500000 231 15.198684 231.000000 15.198684
125.500000 235 15.329710 235.000000 15.329710
126.500000 269 16.401219 269.000000 16.401219
127.500000 244 15.620499 244.000000 15.620499
128.500000 217 14.730920 217.000000 14.730920
129.500000 223 14.933185 223.000000 14.933185
130.500000 213 14.594520 213.000000 14.594520
131.500000 210 14.491377 210.000000 14.491377
132.500000 207 14.387495 207.000000 14.387495
133.500000 199 14.106736 199.000000 14.106736
134.500000 180 13.416408 180.000000 13.416408
135.500000 185 13.601471 185.000000 13.601471
136.500000 225 15.000000 225.000000 15.000000
137.500000 238 15.427249 238.000000 15.427249
138.500000 215 14.662878 215.000000 14.662878
139.500000 249 15.779734 249.000000 15.779734
140.500000 205 14.317821 205.000000 14.317821
141.500000 204 14.282857 204.000000 14.282857
142.500000 194 13.928388 194.000000 13.928388
143.500000 196 14.000000 196.000000 14.000000
144.500000 182 13.490738 182.000000 13.490738
145.500000 187 13.674794 187.000000 13.674794
146.500000 211 14.525839 211.000000 14.525839
147.500000 186 13.638182 186.000000 13.638182
148.500000 198 14.071247 198.000000 14.071247
149.500000 199 14.106736 199.000000 14.106736
150.500000 170 13.038405 170.000000 13.038405
151.500000 149 12.206556 149.000000 12.206556
152.500000 230 15.165751 230.000000 15.165751
153.500000 235 15.329710 235.000000 15.329710
154.500000 162 12.727922 162.000000 12.727922
155.500000 195 13.964240 195.000000 13.964240
156.500000 170 13.038405 170.000000 13.038405
157.500000 206 14.352700 206.000000 14.352700
158.500000 181 13.453624 181.000000 13.453624
159.500000 175 13.228757 175.000000 13.228757
160.500000 211 14.525839 211.000000 14.525839
161.500000 162 12.727922 162.000000 12.727922
162.500000 189 13.747727 189.000000 13.747727
163.500000 225 15.000000 225.000000 15.000000
164.500000 193 13.892444 193.000000 13.892444
165.500000 191 13.820275 191.000000 13.820275
166.500000 163 12.767145 163.000000 12.767145
167.500000 175 13.228757 175.000000 13.228757
168.500000 142 11.916375 142.000000 11.916375
169.500000 206 14.352700 206.000000 14.352700
170.500000 135 11.618950 135.000000 11.618950
171.500000 175 13.228757 175.000000 13.228757
172.500000 189 13.747727 189.000000 13.747727
173.500000 212 14.560220 212.000000 14.560220
174.500000 175 13.228757 175.000000 13.228757
175.500000 189 13.747727 189.000000 13.747727
176.500000 166 12.884099 166.000000 12.884099
177.500000 160 12.649111 160.000000 12.649111
178.500000 139 11.789826 139.000000 11.789826
179.500000 190 13.784049 190.000000 13.784049
180.500000 165 12.845233 165.000000 12.845233
181.500000 165 12.845233 165.000000 12.845233
182.500000 174 13.190906 174.000000 13.190906
183.500000 131 11.445523 131.000000 11.445523
184.500000 166 12.884099 166.000000 12.884099
185.500000 209 14.456832 209.000000 14.456832
186.500000 148 12.165525 148.000000 12.165525
187.500000 153 12.369317 153.000000 12.369317
188.500000 221 14.866069 221.000000 14.866069
189.500000 213 14.594520 213.000000 14.594520
190.500000 148 12.165525 148.000000 12.165525
191.500000 208 14.422205 208.000000 14.422205
192.500000 177 13.304135 177.000000 13.304135
193.500000 169 13.000000 169.000000 13.000000
194.500000 124 11.135529 124.000000 11.135529
195.500000 176 13.266499 176.000000 13.266499
196.500000 162 12.727922 162.000000 12.727922
197.500000 139 11.789826 139.000000 11.789826
198.500000 151 12.288206 151.000000 12.288206
199.500000 168 12.961481 168.000000 12.961481
200.500000 153 12.369317 153.000000 12.369317
201.500000 164 12.806248 164.000000 12.806248
202.500000 216 14.696938 216.000000 14.696938
203.500000 147 12.124356 147.000000 12.124356
204.500000 176 13.266499 176.000000 13.266499
205.500000 163 12.767145 163.000000 12.767145
206.500000 177 13.304135 177.000000 13.304135
207.500000 173 13.152946 173.000000 13.152946
208.500000 185 13.601471 185.000000 13.601471
209.500000 199 14.106736 199.000000 14.106736
210.500000 177 13.304135 177.000000 13.304135
211.500000 171 13.076697 171.000000 13.076697
212.500000 180 13.416408 180.000000 13.416408
213.500000 191 13.820275 191.000000 13.820275
214.500000 181 13.453624 181.000000 13.453624
215.500000 239 15.459625 239.000000 15.459625
216.500000 164 12.806248 164.000000 12.806248
217.500000 131 11.445523 131.000000 11.445523
218.500000 177 13.304135 177.000000 13.304135
219.500000 136 11.661904 136.000000 11.661904
220.500000 127 11.269428 127.000000 11.269428
221.500000 167 12.922848 167.000000 12.922848
222.500000 182 13.490738 182.000000 13.490738
223.500000 183 13.527749 183.000000 13.527749
224.500000 172 13.114877 172.000000 13.114877
225.500000 155 12.449900 155.000000 12.449900
226.500000 237 15.394804 237.000000 15.394804
227.500000 193 13.892444 193.000000 13.892444
228.500000 134 11.575837 134.000000 11.575837
229.500000 195 13.964240 195.000000 13.964240
230.500000 134 11.575837 134.000000 11.575837
231.500000 124 11.135529 124.000000 11.135529
232.500000 205 14.317821 205.000000 14.317821
233.500000 197 14.035669 197.000000 14.035669
234.500000 177 13.304135 177.000000 13.304135
235.500000 149 12.206556 149.000000 12.206556
236.500000 102 10.099505 102.000000 10.099505
237.500000 188 13.711309 188.000000 13.711309
238.500000 222 14.899664 222.000000 14.899664
239.500000 145 12.041595 145.000000 12.041595
240.500000 156 12.489996 156.000000 12.489996
241.500000 154 12.409674 154.000000 12.409674
242.500000 173 13.152946 173.000000 13.152946
243.500000 135 11.618950 135.000000 11.618950
244.500000 142 11.916375 142.000000 11.916375
245.500000 139 11.789826 139.000000 11.789826
246.500000 153 12.369317 153.000000 12.369317
247.500000 167 12.922848 167.000000 12.922848
248.500000 220 14.832397 220.000000 14.832397
249.500000 133 11.532563 133.000000 11.532563
250.500000 168 12.961481 168.000000 12.961481
251.500000 139 11.789826 139.000000 11.789826
252.500000 124 11.135529 124.000000 11.135529
253.500000 150 12.247449 150.000000 12.247449
254.500000 161 12.688578 161.000000 12.688578
255.500000 126 11.224972 126.000000 11.224972
256.500000 211 14.525839 211.000000 14.525839
257.500000 129 11.357817 129.000000 11.357817
258.500000 151 12.288206 151.000000 12.288206
259.500000 149 12.206556 149.000000 12.206556
260.500000 118 10.862780 118.000000 10.862780
261.500000 167 12.922848 167.000000 12.922848
262.500000 142 11.916375 142.000000 11.916375
263.500000 117 10.816654 117.000000 10.816654
264.500000 141 11.874342 141.000000 11.874342
265.500000 99 9.949874 99.000000 9.949874
266.500000 127 11.269428 127.000000 11.269428
267.500000 147 12.124356 147.000000 12.124356
268.500000 95 9.746794 95.000000 9.746794
269.500000 173 13.152946 173.000000 13.152946
270.500000 95 9.746794 95.000000 9.746794
271.500000 123 11.090537 123.000000 11.090537
272.500000 111 10.535654 111.000000 10.535654
273.500000 144 12.000000 144.000000 12.000000
274.500000 128 11.313708 128.000000 11.313708
275.500000 117 10.816654 117.000000 10.816654
276.500000 80 8.944272 80.000000 8.944272
277.500000 110 10.488088 110.000000 10.488088
278.500000 85 9.219544 85.000000 9.219544
279.500000 153 12.369317 153.000000 12.369317
280.500000 145 12.041595 145.000000 12.041595
281.500000 93 9.643651 93.000000 9.643651
282.500000 107 10.344080 107.000000 10.344080
283.500000 138 11.747340 138.000000 11.747340
284.500000 109 10.440307 109.000000 10.440307
285.500000 124 11.135529 124.000000 11.135529
286.500000 134 11.575837 134.000000 11.575837
287.500000 82 9.055385 82.000000 9.055385
288.500000 114 10.677078 114.000000 10.677078
289.500000 114 10.677078 114.000000 10.677078
290.500000 121 11.000000 121.000000 11.000000
291.500000 115 10.723805 115.000000 10.723805
292.500000 60 7.745967 60.000000 7.745967
293.500000 80 8.944272 80.000000 8.944272
294.500000 112 10.583005 112.000000 10.583005
295.500000 71 8.426150 71.000000 8.426150
296.500000 67 8.185353 67.000000 8.185353
297.500000 131 11.445523 131.000000 11.445523
298.500000 84 9.165151 84.000000 9.165151
299.500000 117 10.816654 117.000000 10.816654
300.500000 104 10.198039 104.000000 10.198039
301.500000 114 10.677078 114.000000 10.677078
302.500000 74 8.602325 74.000000 8.602325
303.500000 87 9.327379 87.000000 9.327379
304.500000 111 10.535654 111.000000 10.535654
305.500000 116 10.770330 116.000000 10.770330
306.500000 78 8.831761 78.000000 8.831761
307.500000 121 11.000000 121.000000 11.000000
308.500000 116 10.770330 116.000000 10.770330
309.500000 100 10.000000 100.000000 10.000000
310.500000 85 9.219544 85.000000 9.219544
311.500000 45 6.708204 45.000000 6.708204
312.500000 149 12.206556 149.000000 12.206556
313.500000 114 10.677078 114.000000 10.677078
314.500000 92 9.591663 92.000000 9.591663
315.500000 59 7.681146 59.000000 7.681146
316.500000 138 11.747340 138.000000 11.747340
317.500000 140 11.832160 140.000000 11.832160
318.500000 125 11.180340 125.000000 11.180340
319.500000 75 8.660254 75.000000 8.660254
320.500000 116 10.770330 116.000000 10.770330
321.500000 123 11.090537 123.000000 11.090537
322.500000 130 11.401754 130.000000 11.401754
323.500000 158 12.569805 158.000000 12.569805
324.500000 148 12.165525 148.000000 12.165525
325.500000 129 11.357817 129.000000 11.357817
326.500000 144 12.000000 144.000000 12.000000
327.500000 182 13.490738 182.000000 13.490738
328.500000 160 12.649111 160.000000 12.649111
329.500000 107 10.344080 107.000000 10.344080
330.500000 178 13.341664 178.000000 13.341664
331.500000 142 11.916375 142.000000 11.916375
332.500000 142 11.916375 142.000000 11.916375
333.500000 120 10.954451 120.000000 10.954451
334.500000 151 12.288206 151.000000 12.288206
335.500000 85 9.219544 85.000000 9.219544
336.500000 140 11.832160 140.000000 11.832160
337.500000 183 13.527749 183.000000 13.527749
338.500000 178 13.341664 178.000000 13.341664
339.500000 128 11.313708 128.000000 11.313708
340.500000 142 11.916375 142.000000 11.916375
341.500000 191 13.820275 191.000000 13.820275
342.500000 166 12.884099 166.000000 12.884099
343.500000 162 12.727922 162.000000 12.727922
344.500000 164 12.806248 164.000000 12.806248
345.500000 175 13.228757 175.000000 13.228757
346.500000 231 15.198684 231.000000 15.198684
347.500000 177 13.304135 177.000000 13.304135
348.500000 141 11.874342 141.000000 11.874342
349.500000 157 12.529964 157.000000 12.529964
350.500000 202 14.212670 202.000000 14.212670
351.500000 209 14.456832 209.000000 14.456832
352.500000 192 13.856406 192.000000 13.856406
353.500000 171 13.076697 171.000000 13.076697
354.500000 178 13.341664 178.000000 13.341664
355.500000 147 12.124356 147.000000 12.124356
356.500000 201 14.177447 201.000000 14.177447
357.500000 197 14.035669 197.000000 14.035669
358.500000 237 15.394804 237.000000 15.394804
359.500000 181 13.453624 181.000000 13.453624
360.500000 207 14.387495 207.000000 14.387495
361.500000 203 14.247807 203.000000 14.247807
362.500000 195 13.964240 195.000000 13.964240
363.500000 213 14.594520 213.000000 14.594520
364.500000 178 13.341664 178.000000 13.341664
365.500000 187 13.674794 187.000000 13.674794
366.500000 174 13.190906 174.000000 13.190906
367.500000 187 13.674794 187.000000 13.674794
368.500000 174 13.190906 174.000000 13.190906
369.500000 146 12.083046 146.000000 12.083046
370.500000 228 15.099669 228.000000 15.099669
371.500000 156 12.489996 156.000000 12.489996
372.500000 196 14.000000 196.000000 14.000000
373.500000 177 13.304135 177.000000 13.304135
374.500000 201 14.177447 201.000000 14.177447
375.500000 181 13.453624 181.000000 13.453624
376.500000 196 14.000000 196.000000 14.000000
377.500000 184 13.564660 184.000000 13.564660
378.500000 184 13.564660 184.000000 13.564660
379.500000 182 13.490738 182.000000 13.490738
380.500000 179 13.379088 179.000000 13.379088
381.500000 125 11.180340 125.000000 11.180340
382.500000 173 13.152946 173.000000 13.152946
383.500000 169 13.000000 169.000000 13.000000
384.500000 130 11.401754 130.000000 11.401754
385.500000 182 13.490738 182.000000 13.490738
386.500000 168 12.961481 168.000000 12.961481
387.500000 160 12.649111 160.000000 12.649111
388.500000 151 12.288206 151.000000 12.288206
389.500000 126 11.224972 126.000000 11.224972
390.500000 141 11.874342 141.000000 11.874342
391.500000 130 11.401754 130.000000 11.401754
392.500000 134 11.575837 134.000000 11.575837
393.500000 150 12.247449 150.000000 12.247449
394.500000 144 12.000000 144.000000 12.000000
395.500000 161 12.688578 161.000000 12.688578
396.500000 153 12.369317 153.000000 12.369317
397.500000 122 11.045361 122.000000 11.045361
398.500000 128 11.313708 128.000000 11.313708
399.500000 104 10.198039 104.000000 10.198039
400.500000 130 11.401754 130.000000 11.401754
401.500000 114 10.677078 114.000000 10.677078
402.500000 165 12.845233 165.000000 12.845233
403.500000 94 9.695360 94.000000 9.695360
404.500000 139 11.789826 139.000000 11.789826
405.500000 122 11.045361 122.000000 11.045361
406.500000 96 9.797959 96.000000 9.797959
407.500000 96 9.797959 96.000000 9.797959
408.500000 117 10.816654 117.000000 10.816654
409.500000 139 11.789826 139.000000 11.789826
410.500000 96 9.797959 96.000000 9.797959
411.500000 114 10.677078 114.000000 10.677078
412.500000 98 9.899495 98.000000 9.899495
413.500000 114 10.677078 114.000000 10.677078
414.500000 128 11.313708 128.000000 11.313708
415.500000 90 9.486833 90.000000 9.486833
416.500000 101 10.049876 101.000000 10.049876
417.500000 84 9.165151 84.000000 9.165151
418.500000 82 9.055385 82.000000 9.055385
419.500000 84 9.165151 84.000000 9.165151
420.500000 111 10.535654 111.000000 10.535654
421.500000 141 11.874342 141.000000 11.874342
422.500000 78 8.831761 78.000000 8.831761
423.500000 53 7.280110 53.000000 7.280110
424.500000 70 8.366600 70.000000 8.366600
425.500000 79 8.888194 79.000000 8.888194
426.500000 55 7.416198 55.000000 7.416198
427.500000 64 8.000000 64.000000 8.000000
428.500000 67 8.185353 67.000000 8.185353
429.500000 99 9.949874 99.000000 9.949874
430.500000 63 7.937254 63.000000 7.937254
431.500000 130 11.401754 130.000000 11.401754
432.500000 93 9.643651 93.000000 9.643651
433.500000 61 7.810250 61.000000 7.810250
434.500000 84 9.165151 84.000000 9.165151
435.500000 91 9.539392 91.000000 9.539392
436.500000 61 7.810250 61.000000 7.810250
437.500000 63 7.937254 63.000000 7.937254
438.500000 64 8.000000 64.000000 8.000000
439.500000 74 8.602325 74.000000 8.602325
440.500000 89 9.433981 89.000000 9.433981
441.500000 52 7.211103 52.000000 7.211103
442.500000 56 7.483315 56.000000 7.483315
443.500000 67 8.185353 67.000000 8.185353
444.500000 70 8.366600 70.000000 8.366600
445.500000 89 9.433981 89.000000 9.433981
446.500000 53 7.280110 53.000000 7.280110
447.500000 38 6.164414 38.000000 6.164414
448.500000 52 7.211103 52.000000 7.211103
449.500000 74 8.602325 74.000000 8.602325
450.500000 51 7.141428 51.000000 7.141428
451.500000 35 5.916080 35.000000 5.916080
452.500000 74 8.602325 74.000000 8.602325
453.500000 89 9.433981 89.000000 9.433981
454.500000 76 8.717798 76.000000 8.717798
455.500000 62 7.874008 62.000000 7.874008
456.500000 83 9.110434 83.000000 9.110434
457.500000 71 8.426150 71.000000 8.426150
458.500000 41 6.403124 41.000000 6.403124
459.500000 51 7.141428 51.000000 7.141428
460.500000 30 5.477226 30.000000 5.477226
461.500000 50 7.071068 50.000000 7.071068
462.500000 35 5.916080 35.000000 5.916080
463.500000 68 8.246211 68.000000 8.246211
464.500000 36 6.000000 36.000000 6.000000
465.500000 49 7.000000 49.000000 7.000000
466.500000 54 7.348469 54.000000 7.348469
467.500000 72 8.485281 72.000000 8.485281
468.500000 48 6.928203 48.000000 6.928203
469.500000 28 5.291503 28.000000 5.291503
470.500000 73 8.544004 73.000000 8.544004
471.500000 40 6.324555 40.000000 6.324555
472.500000 42 6.480741 42.000000 6.480741
473.500000 37 6.082763 37.000000 6.082763
474.500000 43 6.557439 43.000000 6.557439
475.500000 49 7.000000 49.000000 7.000000
476.500000 38 6.164414 38.000000 6.164414
477.500000 53 7.280110 53.000000 7.280110
478.500000 60 7.745967 60.000000 7.745967
479.500000 51 7.141428 51.000000 7.141428
480.500000 16 4.000000 16.000000 4.000000
481.500000 49 7.000000 49.000000 7.000000
482.500000 58 7.615773 58.000000 7.615773
483.500000 34 5.830952 34.000000 5.830952
484.500000 42 6.480741 42.000000 6.480741
485.500000 31 5.567764 31.000000 5.567764
486.500000 54 7.348469 54.000000 7.348469
487.500000 57 7.549834 57.000000 7.549834
488.500000 23 4.795832 23.000000 4.795832
489.500000 66 8.124038 66.000000 8.124038
490.500000 48 6.928203 48.000000 6.928203
491.500000 41 6.403124 41.000000 6.403124
492.500000 39 6.244998 39.000000 6.244998
493.500000 42 6.480741 42.000000 6.480741
494.500000 16 4.000000 16.000000 4.000000
495.500000 39 6.244998 39.000000 6.244998
496.500000 30 5.477226 30.000000 5.477226
497.500000 33 5.744563 33.000000 5.744563
498.500000 44 6.633250 44.000000 6.633250
499.500000 37 6.082763 37.000000 6.082763
500.500000 26 5.099020 26.000000 5.099020
501.500000 16 4.000000 16.000000 4.000000
502.500000 22 4.690416 22.000000 4.690416
503.500000 18 4.242641 18.000000 4.242641
504.500000 20 4.472136 20.000000 4.472136
505.500000 17 4.123106 17.000000 4.123106
506.500000 23 4.795832 23.000000 4.795832
507.500000 21 4.582576 21.000000 4.582576
508.500000 51 7.141428 51.000000 7.141428
509.500000 31 5.567764 31.000000 5.567764
510.500000 33 5.744563 33.000000 5.744563
511.500000 12 3.464102 12.000000 3.464102
512.500000 39 6.244998 39.000000 6.244998
513.500000 39 6.244998 39.000000 6.244998
514.500000 24 4.898979 24.000000 4.898979
515.500000 43 6.557439 43.000000 6.557439
516.500000 17 4.123106 17.000000 4.123106
517.500000 29 5.385165 29.000000 5.385165
518.500000 46 6.782330 46.000000 6.782330
519.500000 16 4.000000 16.000000 4.000000
520.500000 38 6.164414 38.000000 6.164414
521.500000 49 7.000000 49.000000 7.000000
522.500000 35 5.916080 35.000000 5.916080
523.500000 38 6.164414 38.000000 6.164414
524.500000 51 7.141428 51.000000 7.141428
525.500000 26 5.099020 26.000000 5.099020
526.500000 53 7.280110 53.000000 7.280110
527.500000 17 4.123106 17.000000 4.123106
528.500000 31 5.567764 31.000000 5.567764
529.500000 27 5.196152 27.000000 5.196152
530.500000 63 7.937254 63.000000 7.937254
531.500000 19 4.358899 19.000000 4.358899
532.500000 25 5.000000 25.000000 5.000000
533.500000 33 5.744563 33.000000 5.744563
534.500000 50 7.071068 50.000000 7.071068
535.500000 33 5.744563 33.000000 5.744563
536.500000 37 6.082763 37.000000 6.082763
537.500000 58 7.615773 58.000000 7.615773
538.500000 1 1.000000 1.000000 1.000000
539.500000 54 7.348469 54.000000 7.348469
540.500000 39 6.244998 39.000000 6.244998
541.500000 38 6.164414 38.000000 6.164414
542.500000 45 6.708204 45.000000 6.708204
543.500000 33 5.744563 33.000000 5.744563
544.500000 51 7.141428 51.000000 7.141428
545.500000 49 7.000000 49.000000 7.000000
546.500000 28 5.291503 28.000000 5.291503
547.500000 27 5.196152 27.000000 5.196152
548.500000 32 5.656854 32.000000 5.656854
549.500000 8 2.828427 8.000000 2.828427
550.500000 21 4.582576 21.000000 4.582576
551.500000 30 5.477226 30.000000 5.477226
552.500000 59 7.681146 59.000000 7.681146
553.500000 30 5.477226 30.000000 5.477226
554.500000 24 4.898979 24.000000 4.898979
555.500000 4 2.000000 4.000000 2.000000
556.500000 17 4.123106 17.000000 4.123106
557.500000 31 5.567764 31.000000 5.567764
558.500000 11 3.316625 11.000000 3.316625
559.500000 26 5.099020 26.000000 5.099020
560.500000 43 6.557439 43.000000 6.557439
561.500000 14 3.741657 14.000000 3.741657
562.500000 35 5.916080 35.000000 5.916080
563.500000 27 5.196152 27.000000 5.196152
564.500000 28 5.291503 28.000000 5.291503
565.500000 7 2.645751 7.000000 2.645751
566.500000 20 4.472136 20.000000 4.472136
567.500000 38 6.164414 38.000000 6.164414
568.500000 28 5.291503 28.000000 5.291503
569.500000 7 2.645751 7.000000 2.645751
570.500000 33 5.744563 33.000000 5.744563
571.500000 33 5.744563 33.000000 5.744563
572.500000 2 1.414214 2.000000 1.414214
573.500000 14 3.741657 14.000000 3.741657
574.500000 54 7.348469 54.000000 7.348469
575.500000 16 4.000000 16.000000 4.000000
576.500000 22 4.690416 22.000000 4.690416
577.500000 37 6.082763 37.000000 6.082763
578.500000 17 4.123106 17.000000 4.123106
579.500000 18 4.242641 18.000000 4.242641
580.500000 14 3.741657 14.000000 3.741657
581.500000 16 4.000000 16.000000 4.000000
582.500000 14 3.741657 14.000000 3.741657
583.500000 19 4.358899 19.000000 4.358899
584.500000 48 6.928203 48.000000 6.928203
585.500000 25 5.000000 25.000000 5.000000
586.500000 40 6.324555 40.000000 6.324555
587.500000 33 5.744563 33.000000 5.744563
588.500000 18 4.242641 18.000000 4.242641
589.500000 22 4.690416 22.000000 4.690416
590.500000 -13 0.000000 -13.000000 0.000000
591.500000 18 4.242641 18.000000 4.242641
592.500000 22 4.690416 22.000000 4.690416
593.500000 12 3.464102 12.000000 3.464102
594.500000 27 5.196152 27.000000 5.196152
595.500000 26 5.099020 26.000000 5.099020
596.500000 30 5.477226 30.000000 5.477226
597.500000 6 2.449490 6.000000 2.449490
598.500000 26 5.099020 26.000000 5.099020
599.500000 49 7.000000 49.000000 7.000000
600.500000 31 5.567764 31.000000 5.567764
601.500000 30 5.477226 30.000000 5.477226
602.500000 43 6.557439 43.000000 6.557439
603.500000 19 4.358899 19.000000 4.358899
604.500000 38 6.164414 38.000000 6.164414
605.500000 24 4.898979 24.000000 4.898979
606.500000 17 4.123106 17.000000 4.123106
607.500000 28 5.291503 28.000000 5.291503
608.500000 35 5.916080 35.000000 5.916080
609.500000 59 7.681146 59.000000 7.681146
610.500000 26 5.099020 26.000000 5.099020
611.500000 23 4.795832 23.000000 4.795832
612.500000 34 5.830952 34.000000 5.830952
613.500000 15 3.872983 15.000000 3.872983
614.500000 3 1.732051 3.000000 1.732051
615.500000 13 3.605551 13.000000 3.605551
616.500000 22 4.690416 22.000000 4.690416
617.500000 45 6.708204 45.000000 6.708204
618.500000 30 5.477226 30.000000 5.477226
619.500000 26 5.099020 26.000000 5.099020
620.500000 32 5.656854 32.000000 5.656854
621.500000 25 5.000000 25.000000 5.000000
622.500000 7 2.645751 7.000000 2.645751
623.500000 23 4.795832 23.000000 4.795832
624.500000 33 5.744563 33.000000 5.744563
625.500000 21 4.582576 21.000000 4.582576
626.500000 42 6.480741 42.000000 6.480741
627.500000 34 5.830952 34.000000 5.830952
628.500000 7 2.645751 7.000000 2.645751
629.500000 31 5.567764 31.000000 5.567764
630.500000 41 6.403124 41.000000 6.403124
631.500000 9 3.000000 9.000000 3.000000
632.500000 38 6.164414 38.000000 6.164414
633.500000 39 6.244998 39.000000 6.244998
634.500000 42 6.480741 42.000000 6.480741
635.500000 17 4.123106 17.000000 4.123106
636.500000 24 4.898979 24.000000 4.898979
637.500000 38 6.164414 38.000000 6.164414
638.500000 14 3.741657 14.000000 3.741657
639.500000 12 3.464102 12.000000 3.464102
640.500000 24 4.898979 24.000000 4.898979
641.500000 27 5.196152 27.000000 5.196152
642.500000 26 5.099020 26.000000 5.099020
643.500000 19 4.358899 19.000000 4.358899
644.500000 20 4.472136 20.000000 4.472136
645.500000 34 5.830952 34.000000 5.830952
646.500000 9 3.000000 9.000000 3.000000
647.500000 16 4.000000 16.000000 4.000000
648.500000 26 5.099020 26.000000 5.099020
649.500000 15 3.872983 15.000000 3.872983
650.500000 4 2.000000 4.000000 2.000000
651.500000 21 4.582576 21.000000 4.582576
652.500000 23 4.795832 23.000000 4.795832
653.500000 38 6.164414 38.000000 6.164414
654.500000 9 3.000000 9.000000 3.000000
655.500000 8 2.828427 8.000000 2.828427
656.500000 17 4.123106 17.000000 4.123106
657.500000 18 4.242641 18.000000 4.242641
658.500000 20 4.472136 20.000000 4.472136
659.500000 20 4.472136 20.000000 4.472136
660.500000 -9 0.000000 -9.000000 0.000000
661.500000 12 3.464102 12.000000 3.464102
662.500000 31 5.567764 31.000000 5.567764
663.500000 26 5.099020 26.000000 5.099020
664.500000 12 3.464102 12.000000 3.464102
665.500000 10 3.162278 10.000000 3.162278
666.500000 34 5.830952 34.000000 5.830952
667.500000 -9 0.000000 -9.000000 0.000000
668.500000 19 4.358899 19.000000 4.358899
669.500000 17 4.123106 17.000000 4.123106
670.500000 37 6.082763 37.000000 6.082763
671.500000 28 5.291503 28.000000 5.291503
672.500000 27 5.196152 27.000000 5.196152
673.500000 22 4.690416 22.000000 4.690416
674.500000 13 3.605551 13.000000 3.605551
675.500000 24 4.898979 24.000000 4.898979
676.500000 23 4.795832 23.000000 4.795832
677.500000 7 2.645751 7.000000 2.645751
678.500000 22 4.690416 22.000000 4.690416
679.500000 5 2.236068 5.000000 2.236068
680.500000 24 4.898979 24.000000 4.898979
681.500000 3 1.732051 3.000000 1.732051
682.500000 13 3.605551 13.000000 3.605551
683.500000 28 5.291503 28.000000 5.291503
684.500000 19 4.358899 19.000000 4.358899
685.500000 8 2.828427 8.000000 2.828427
686.500000 17 4.123106 17.000000 4.123106
687.500000 28 5.291503 28.000000 5.291503
688.500000 20 4.472136 20.000000 4.472136
689.500000 26 5.099020 26.000000 5.099020
690.500000 6 2.449490 6.000000 2.449490
691.500000 16 4.000000 16.000000 4.000000
692.500000 7 2.645751 7.000000 2.645751
693.500000 18 4.242641 18.000000 4.242641
694.500000 11 3.316625 11.000000 3.316625
695.500000 35 5.916080 35.000000 5.916080
696.500000 25 5.000000 25.000000 5.000000
697.500000 19 4.358899 19.000000 4.358899
698.500000 11 3.316625 11.000000 3.316625
699.500000 25 5.000000 25.000000 5.000000
700.500000 24 4.898979 24.000000 4.898979
701.500000 35 5.916080 35.000000 5.916080
702.500000 33 5.744563 33.000000 5.744563
703.500000 21 4.582576 21.000000 4.582576
704.500000 11 3.316625 11.000000 3.316625
705.500000 19 4.358899 19.000000 4.358899
706.500000 14 3.741657 14.000000 3.741657
707.500000 16 4.000000 16.000000 4.000000
708.500000 23 4.795832 23.000000 4.795832
709.500000 15 3.872983 15.000000 3.872983
710.500000 33 5.744563 33.000000 5.744563
711.500000 -1 0.000000 -1.000000 0.000000
712.500000 34 5.830952 34.000000 5.830952
713.500000 8 2.828427 8.000000 2.828427
714.500000 22 4.690416 22.000000 4.690416
715.500000 23 4.795832 23.000000 4.795832
716.500000 9 3.000000 9.000000 3.000000
717.500000 20 4.472136 20.000000 4.472136
718.500000 6 2.449490 6.000000 2.449490
719.500000 7 2.645751 7.000000 2.645751
720.500000 10 3.162278 10.000000 3.162278
721.500000 15 3.872983 15.000000 3.872983
722.500000 13 3.605551 13.000000 3.605551
723.500000 10 3.162278 10.000000 3.162278
724.500000 29 5.385165 29.000000 5.385165
725.500000 15 3.872983 15.000000 3.872983
726.500000 4 2.000000 4.000000 2.000000
727.500000 42 6.480741 42.000000 6.480741
728.500000 5 2.236068 5.000000 2.236068
729.500000 6 2.449490 6.000000 2.449490
730.500000 13 3.605551 13.000000 3.605551
731.500000 19 4.358899 19.000000 4.358899
732.500000 15 3.872983 15.000000 3.872983
733.500000 31 5.567764 31.000000 5.567764
734.500000 9 3.000000 9.000000 3.000000
735.500000 18 4.242641 18.000000 4.242641
736.500000 23 4.795832 23.000000 4.795832
737.500000 13 3.605551 13.000000 3.605551
738.500000 11 3.316625 11.000000 3.316625
739.500000 38 6.164414 38.000000 6.164414
740.500000 22 4.690416 22.000000 4.690416
741.500000 23 4.795832 23.000000 4.795832
742.500000 7 2.645751 7.000000 2.645751
743.500000 15 3.872983 15.000000 3.872983
744.500000 17 4.123106 17.000000 4.123106
745.500000 16 4.000000 16.000000 4.000000
746.500000 33 5.744563 33.000000 5.744563
747.500000 17 4.123106 17.000000 4.123106
748.500000 35 5.916080 35.000000 5.916080
749.500000 13 3.605551 13.000000 3.605551
750.500000 35 5.916080 35.000000 5.916080
751.500000 25 5.000000 25.000000 5.000000
752.500000 6 2.449490 6.000000 2.449490
753.500000 28 5.291503 28.000000 5.291503
754.500000 11 3.316625 11.000000 3.316625
755.500000 15 3.872983 15.000000 3.872983
756.500000 17 4.123106 17.000000 4.123106
757.500000 11 3.316625 11.000000 3.316625
758.500000 24 4.898979 24.000000 4.898979
759.500000 8 2.828427 8.000000 2.828427
760.500000 13 3.605551 13.000000 3.605551
761.500000 19 4.358899 19.000000 4.358899
762.500000 28 5.291503 28.000000 5.291503
763.500000 30 5.477226 30.000000 5.477226
764.500000 13 3.605551 13.000000 3.605551
765.500000 -2 0.000000 -2.000000 0.000000
766.500000 8 2.828427 8.000000 2.828427
767.500000 13 3.605551 13.000000 3.605551
768.500000 30 5.477226 30.000000 5.477226
769.500000 15 3.872983 15.000000 3.872983
770.500000 8 2.828427 8.000000 2.828427
771.500000 4 2.000000 4.000000 2.000000
772.500000 2 1.414214 2.000000 1.414214
773.500000 15 3.872983 15.000000 3.872983
774.500000 2 1.414214 2.000000 1.414214
775.500000 9 3.000000 9.000000 3.000000
776.500000 18 4.242641 18.000000 4.242641
777.500000 17 4.123106 17.000000 4.123106
778.500000 14 3.741657 14.000000 3.741657
779.500000 21 4.582576 21.000000 4.582576
780.500000 19 4.358899 19.000000 4.358899
781.500000 10 3.162278 10.000000 3.162278
782.500000 18 4.242641 18.000000 4.242641
783.500000 21 4.582576 21.000000 4.582576
784.500000 20 4.472136 20.000000 4.472136
785.500000 23 4.795832 23.000000 4.795832
786.500000 10 3.162278 10.000000 3.162278
787.500000 21 4.582576 21.000000 4.582576
788.500000 30 5.477226 30.000000 5.477226
789.500000 14 3.741657 14.000000 3.741657
790.500000 34 5.830952 34.000000 5.830952
791.500000 26 5.099020 26.000000 5.099020
792.500000 18 4.242641 18.000000 4.242641
793.500000 27 5.196152 27.000000 5.196152
794.500000 31 5.567764 31.000000 5.567764
795.500000 11 3.316625 11.000000 3.316625
796.500000 3 1.732051 3.000000 1.732051
797.500000 34 5.830952 34.000000 5.830952
798.500000 7 2.645751 7.000000 2.645751
799.500000 15 3.872983 15.000000 3.872983
800.500000 20 4.472136 20.000000 4.472136
801.500000 16 4.000000 16.000000 4.000000
802.500000 23 4.795832 23.000000 4.795832
803.500000 13 3.605551 13.000000 3.605551
804.500000 15 3.872983 15.000000 3.872983
805.500000 15 3.872983 15.000000 3.872983
806.500000 13 3.605551 13.000000 3.605551
807.500000 10 3.162278 10.000000 3.162278
808.500000 15 3.872983 15.000000 3.872983
809.500000 18 4.242641 18.000000 4.242641
810.500000 34 5.830952 34.000000 5.830952
811.500000 13 3.605551 13.000000 3.605551
812.500000 6 2.449490 6.000000 2.449490
813.500000 14 3.741657 14.000000 3.741657
814.500000 9 3.000000 9.000000 3.000000
815.500000 10 3.162278 10.000000 3.162278
816.500000 17 4.123106 17.000000 4.123106
817.500000 18 4.242641 18.000000 4.242641
818.500000 -1 0.000000 -1.000000 0.000000
819.500000 16 4.000000 16.000000 4.000000
820.500000 16 4.000000 16.000000 4.000000
821.500000 12 3.464102 12.000000 3.464102
822.500000 9 3.000000 9.000000 3.000000
823.500000 19 4.358899 19.000000 4.358899
824.500000 1 1.000000 1.000000 1.000000
825.500000 18 4.242641 18.000000 4.242641
826.500000 19 4.358899 19.000000 4.358899
827.500000 26 5.099020 26.000000 5.099020
828.500000 9 3.000000 9.000000 3.000000
829.500000 22 4.690416 22.000000 4.690416
830.500000 18 4.242641 18.000000 4.242641
831.500000 13 3.605551 13.000000 3.605551
832.500000 13 3.605551 13.000000 3.605551
833.500000 20 4.472136 20.000000 4.472136
834.500000 17 4.123106 17.000000 4.123106
835.500000 16 4.000000 16.000000 4.000000
836.500000 7 2.645751 7.000000 2.645751
837.500000 20 4.472136 20.000000 4.472136
838.500000 4 2.000000 4.000000 2.000000
839.500000 29 5.385165 29.000000 5.385165
840.500000 10 3.162278 10.000000 3.162278
841.500000 8 2.828427 8.000000 2.828427
842.500000 19 4.358899 19.000000 4.358899
843.500000 25 5.000000 25.000000 5.000000
844.500000 12 3.464102 12.000000 3.464102
845.500000 7 2.645751 7.000000 2.645751
846.500000 16 4.000000 16.000000 4.000000
847.500000 -3 0.000000 -3.000000 0.000000
848.500000 9 3.000000 9.000000 3.000000
849.500000 12 3.464102 12.000000 3.464102
850.500000 2 1.414214 2.000000 1.414214
851.500000 9 3.000000 9.000000 3.000000
852.500000 15 3.872983 15.000000 3.872983
853.500000 11 3.316625 11.000000 3.316625
854.500000 24 4.898979 24.000000 4.898979
855.500000 13 3.605551 13.000000 3.605551
856.500000 18 4.242641 18.000000 4.242641
857.500000 17 4.123106 17.000000 4.123106
858.500000 7 2.645751 7.000000 2.645751
859.500000 18 4.242641 18.000000 4.242641
860.500000 7 2.645751 7.000000 2.645751
861.500000 16 4.000000 16.000000 4.000000
862.500000 3 1.732051 3.000000 1.732051
863.500000 20 4.472136 20.000000 4.472136
864.500000 6 2.449490 6.000000 2.449490
865.500000 5 2.236068 5.000000 2.236068
866.500000 4 2.000000 4.000000 2.000000
867.500000 10 3.162278 10.000000 3.162278
868.500000 21 4.582576 21.000000 4.582576
869.500000 21 4.582576 21.000000 4.582576
870.500000 -4 0.000000 -4.000000 0.000000
871.500000 12 3.464102 12.000000 3.464102
872.500000 -3 0.000000 -3.000000 0.000000
873.500000 8 2.828427 8.000000 2.828427
874.500000 8 2.828427 8.000000 2.828427
875.500000 9 3.000000 9.000000 3.000000
876.500000 16 4.000000 16.000000 4.000000
877.500000 4 2.000000 4.000000 2.000000
878.500000 3 1.732051 3.000000 1.732051
879.500000 3 1.732051 3.000000 1.732051
880.500000 13 3.605551 13.000000 3.605551
881.500000 13 3.605551 13.000000 3.605551
882.500000 1 1.000000 1.000000 1.000000
883.500000 10 3.162278 10.000000 3.162278
884.500000 8 2.828427 8.000000 2.828427
885.500000 3 1.732051 3.000000 1.732051
886.500000 17 4.123106 17.000000 4.123106
887.500000 4 2.000000 4.000000 2.000000
888.500000 4 2.000000 4.000000 2.000000
889.500000 11 3.316625 11.000000 3.316625
890.500000 1 1.000000 1.000000 1.000000
891.500000 6 2.449490 6.000000 2.449490
892.500000 4 2.000000 4.000000 2.000000
893.500000 -10 0.000000 -10.000000 0.000000
894.500000 6 2.449490 6.000000 2.449490
895.500000 12 3.464102 12.000000 3.464102
896.500000 8 2.828427 8.000000 2.828427
897.500000 7 2.645751 7.000000 2.645751
898.500000 -8 0.000000 -8.000000 0.000000
899.500000 21 4.582576 21.000000 4.582576
900.500000 16 4.000000 16.000000 4.000000
901.500000 15 3.872983 15.000000 3.872983
902.500000 9 3.000000 9.000000 3.000000
903.500000 18 4.242641 18.000000 4.242641
904.500000 10 3.162278 10.000000 3.162278
905.500000 3 1.732051 3.000000 1.732051
906.500000 6 2.449490 6.000000 2.449490
907.500000 10 3.162278 10.000000 3.162278
908.500000 0 0.000000 0.000000 0.000000
909.500000 11 3.316625 11.000000 3.316625
910.500000 3 1.732051 3.000000 1.732051
911.500000 2 1.414214 2.000000 1.414214
912.500000 5 2.236068 5.000000 2.236068
913.500000 11 3.316625 11.000000 3.316625
914.500000 9 3.000000 9.000000 3.000000
915.500000 3 1.732051 3.000000 1.732051
916.500000 6 2.449490 6.000000 2.449490
917.500000 4 2.000000 4.000000 2.000000
918.500000 5 2.236068 5.000000 2.236068
919.500000 8 2.828427 8.000000 2.828427
920.500000 14 3.741657 14.000000 3.741657
921.500000 6 2.449490 6.000000 2.449490
922.500000 -11 0.000000 -11.000000 0.000000
923.500000 1 1.000000 1.000000 1.000000
924.500000 1 1.000000 1.000000 1.000000
925.500000 16 4.000000 16.000000 4.000000
926.500000 6 2.449490 6.000000 2.449490
927.500000 6 2.449490 6.000000 2.449490
928.500000 3 1.732051 3.000000 1.732051
929.500000 4 2.000000 4.000000 2.000000
930.500000 1 1.000000 1.000000 1.000000
931.500000 9 3.000000 9.000000 3.000000
932.500000 -6 0.000000 -6.000000 0.000000
933.500000 5 2.236068 5.000000 2.236068
934.500000 16 4.000000 16.000000 4.000000
935.500000 5 2.236068 5.000000 2.236068
936.500000 6 2.449490 6.000000 2.449490
937.500000 5 2.236068 5.000000 2.236068
938.500000 3 1.732051 3.000000 1.732051
939.500000 11 3.316625 11.000000 3.316625
940.500000 8 2.828427 8.000000 2.828427
941.500000 8 2.828427 8.000000 2.828427
942.500000 0 0.000000 0.000000 0.000000
943.500000 2 1.414214 2.000000 1.414214
944.500000 2 1.414214 2.000000 1.414214
945.500000 -1 0.000000 -1.000000 0.000000
946.500000 12 3.464102 12.000000 3.464102
947.500000 3 1.732051 3.000000 1.732051
948.500000 5 2.236068 5.000000 2.236068
949.500000 1 1.000000 1.000000 1.000000
950.500000 7 2.645751 7.000000 2.645751
951.500000 5 2.236068 5.000000 2.236068
952.500000 5 2.236068 5.000000 2.236068
953.500000 -1 0.000000 -1.000000 0.000000
954.500000 4 2.000000 4.000000 2.000000
955.500000 -5 0.000000 -5.000000 0.000000
956.500000 -3 0.000000 -3.000000 0.000000
957.500000 5 2.236068 5.000000 2.236068
958.500000 5 2.236068 5.000000 2.236068
959.500000 8 2.828427 8.000000 2.828427
960.500000 -5 0.000000 -5.000000 0.000000
961.500000 2 1.414214 2.000000 1.414214
962.500000 9 3.000000 9.000000 3.000000
963.500000 8 2.828427 8.000000 2.828427
964.500000 10 3.162278 10.000000 3.162278
965.500000 11 3.316625 11.000000 3.316625
966.500000 -8 0.000000 -8.000000 0.000000
967.500000 0 0.000000 0.000000 0.000000
968.500000 1 1.000000 1.000000 1.000000
969.500000 9 3.000000 9.000000 3.000000
970.500000 6 2.449490 6.000000 2.449490
971.500000 -3 0.000000 -3.000000 0.000000
972.500000 7 2.645751 7.000000 2.645751
973.500000 0 0.000000 0.000000 0.000000
974.500000 11 3.316625 11.000000 3.316625
975.500000 3 1.732051 3.000000 1.732051
976.500000 3 1.732051 3.000000 1.732051
977.500000 1 1.000000 1.000000 1.000000
978.500000 3 1.732051 3.000000 1.732051
979.500000 6 2.449490 6.000000 2.449490
980.500000 9 3.000000 9.000000 3.000000
981.500000 5 2.236068 5.000000 2.236068
982.500000 8 2.828427 8.000000 2.828427
983.500000 10 3.162278 10.000000 3.162278
984.500000 6 2.449490 6.000000 2.449490
985.500000 4 2.000000 4.000000 2.000000
986.500000 6 2.449490 6.000000 2.449490
987.500000 2 1.414214 2.000000 1.414214
988.500000 -2 0.000000 -2.000000 0.000000
989.500000 3 1.732051 3.000000 1.732051
990.500000 0 0.000000 0.000000 0.000000
991.500000 9 3.000000 9.000000 3.000000
992.500000 8 2.828427 8.000000 2.828427
993.500000 1 1.000000 1.000000 1.000000
994.500000 2 1.414214 2.000000 1.414214
995.500000 2 1.414214 2.000000 1.414214
996.500000 3 1.732051 3.000000 1.732051
997.500000 12 3.464102 12.000000 3.464102
998.500000 2 1.414214 2.000000 1.414214
999.500000 2 1.414214 2.000000 1.414214
1000.500000 5 2.236068 5.000000 2.236068
1001.500000 3 1.732051 3.000000 1.732051
1002.500000 -2 0.000000 -2.000000 0.000000
1003.500000 2 1.414214 2.000000 1.414214
1004.500000 -4 0.000000 -4.000000 0.000000
1005.500000 4 2.000000 4.000000 2.000000
1006.500000 2 1.414214 2.000000 1.414214
1007.500000 -7 0.000000 -7.000000 0.000000
1008.500000 3 1.732051 3.000000 1.732051
1009.500000 1 1.000000 1.000000 1.000000
1010.500000 13 3.605551 13.000000 3.605551
1011.500000 5 2.236068 5.000000 2.236068
1012.500000 8 2.828427 8.000000 2.828427
1013.500000 1 1.000000 1.000000 1.000000
1014.500000 7 2.645751 7.000000 2.645751
1015.500000 2 1.414214 2.000000 1.414214
1016.500000 4 2.000000 4.000000 2.000000
1017.500000 2 1.414214 2.000000 1.414214
1018.500000 5 2.236068 5.000000 2.236068
1019.500000 -1 0.000000 -1.000000 0.000000
1020.500000 4 2.000000 4.000000 2.000000
1021.500000 4 2.000000 4.000000 2.000000
1022.500000 -1 0.000000 -1.000000 0.000000
1023.500000 -7 0.000000 -7.000000 0.000000
