# name, dx, fmax, fmax_err, norm_value, norm_vale_err
# 500D_22Na 1 61817 248.63024755648698 1 0
# bin_center, freq, freq_err, norm_freq, norm_freq_err
0.500000 134 11.575837 134.000000 11.575837
1.500000 132 11.489125 132.000000 11.489125
2.500000 111 10.535654 111.000000 10.535654
3.500000 140 11.832160 140.000000 11.832160
4.500000 253 15.905974 253.000000 15.905974
5.500000 851 29.171904 851.000000 29.171904
6.500000 6066 77.884530 6066.000000 77.884530
7.500000 20516 143.234074 20516.000000 143.234074
8.500000 28407 168.543763 28407.000000 168.543763
9.500000 41240 203.076340 41240.000000 203.076340
10.500000 43960 209.666402 43960.000000 209.666402
11.500000 42163 205.336310 42163.000000 205.336310
12.500000 41804 204.460265 41804.000000 204.460265
13.500000 41929 204.765720 41929.000000 204.765720
14.500000 41720 204.254743 41720.000000 204.254743
15.500000 41738 204.298801 41738.000000 204.298801
16.500000 41932 204.773045 41932.000000 204.773045
17.500000 42172 205.358224 42172.000000 205.358224
18.500000 42050 205.060967 42050.000000 205.060967
19.500000 42085 205.146289 42085.000000 205.146289
20.500000 42371 205.842173 42371.000000 205.842173
21.500000 42480 206.106768 42480.000000 206.106768
22.500000 42599 206.395252 42599.000000 206.395252
23.500000 43159 207.747443 43159.000000 207.747443
24.500000 42901 207.125566 42901.000000 207.125566
25.500000 42985 207.328242 42985.000000 207.328242
26.500000 42982 207.321007 42982.000000 207.321007
27.500000 43238 207.937491 43238.000000 207.937491
28.500000 43264 208.000000 43264.000000 208.000000
29.500000 43525 208.626460 43525.000000 208.626460
30.500000 42917 207.164186 42917.000000 207.164186
31.500000 43035 207.448789 43035.000000 207.448789
32.500000 42902 207.127980 42902.000000 207.127980
33.500000 43104 207.615028 43104.000000 207.615028
34.500000 43556 208.700743 43556.000000 208.700743
35.500000 43434 208.408253 43434.000000 208.408253
36.500000 43514 208.600096 43514.000000 208.600096
37.500000 43290 208.062491 43290.000000 208.062491
38.500000 43228 207.913444 43228.000000 207.913444
39.500000 43642 208.906678 43642.000000 208.906678
40.500000 43612 208.834863 43612.000000 208.834863
41.500000 43556 208.700743 43556.000000 208.700743
42.500000 43628 208.873167 43628.000000 208.873167
43.500000 43824 209.341826 43824.000000 209.341826
44.500000 43989 209.735548 43989.000000 209.735548
45.500000 44330 210.546907 44330.000000 210.546907
46.500000 44940 211.990566 44940.000000 211.990566
47.500000 44849 211.775825 44849.000000 211.775825
48.500000 45146 212.475881 45146.000000 212.475881
49.500000 44917 211.936311 44917.000000 211.936311
50.500000 45177 212.548818 45177.000000 212.548818
51.500000 45459 213.211163 45459.000000 213.211163
52.500000 45816 214.046724 45816.000000 214.046724
53.500000 46096 214.699790 46096.000000 214.699790
54.500000 45872 214.177496 45872.000000 214.177496
55.500000 46297 215.167377 46297.000000 215.167377
56.500000 46863 216.478636 46863.000000 216.478636
57.500000 46761 216.242919 46761.000000 216.242919
58.500000 47260 217.393652 47260.000000 217.393652
59.500000 47334 217.563784 47334.000000 217.563784
60.500000 47867 218.785283 47867.000000 218.785283
61.500000 47978 219.038809 47978.000000 219.038809
62.500000 48231 219.615573 48231.000000 219.615573
63.500000 48590 220.431395 48590.000000 220.431395
64.500000 48958 221.264548 48958.000000 221.264548
65.500000 49553 222.605031 49553.000000 222.605031
66.500000 49250 221.923410 49250.000000 221.923410
67.500000 50029 223.671634 50029.000000 223.671634
68.500000 50625 225.000000 50625.000000 225.000000
69.500000 50844 225.486141 50844.000000 225.486141
70.500000 51403 226.722297 51403.000000 226.722297
71.500000 51259 226.404505 51259.000000 226.404505
72.500000 52231 228.541025 52231.000000 228.541025
73.500000 52907 230.015217 52907.000000 230.015217
74.500000 53188 230.625237 53188.000000 230.625237
75.500000 53569 231.449779 53569.000000 231.449779
76.500000 53759 231.859871 53759.000000 231.859871
77.500000 54675 233.826859 54675.000000 233.826859
78.500000 54914 234.337364 54914.000000 234.337364
79.500000 55141 234.821209 55141.000000 234.821209
80.500000 55919 236.471986 55919.000000 236.471986
81.500000 56259 237.189797 56259.000000 237.189797
82.500000 56572 237.848691 56572.000000 237.848691
83.500000 57549 239.893726 57549.000000 239.893726
84.500000 57205 239.175668 57205.000000 239.175668
85.500000 57661 240.127050 57661.000000 240.127050
86.500000 58139 241.120302 58139.000000 241.120302
87.500000 58004 240.840196 58004.000000 240.840196
88.500000 58612 242.099153 58612.000000 242.099153
89.500000 58955 242.806507 58955.000000 242.806507
90.500000 59036 242.973250 59036.000000 242.973250
91.500000 58455 241.774689 58455.000000 241.774689
92.500000 59082 243.067892 59082.000000 243.067892
93.500000 59277 243.468684 59277.000000 243.468684
94.500000 59039 242.979423 59039.000000 242.979423
95.500000 59052 243.006173 59052.000000 243.006173
96.500000 59545 244.018442 59545.000000 244.018442
97.500000 59258 243.429661 59258.000000 243.429661
98.500000 59187 243.283785 59187.000000 243.283785
99.500000 59312 243.540551 59312.000000 243.540551
100.500000 59465 243.854465 59465.000000 243.854465
101.500000 58799 242.485051 58799.000000 242.485051
102.500000 58718 242.317973 58718.000000 242.317973
103.500000 58498 241.863598 58498.000000 241.863598
104.500000 58432 241.727119 58432.000000 241.727119
105.500000 57686 240.179100 57686.000000 240.179100
106.500000 57837 240.493243 57837.000000 240.493243
107.500000 57629 240.060409 57629.000000 240.060409
108.500000 57291 239.355384 57291.000000 239.355384
109.500000 57087 238.928860 57087.000000 238.928860
110.500000 56882 238.499476 56882.000000 238.499476
111.500000 56273 237.219308 56273.000000 237.219308
112.500000 55838 236.300656 55838.000000 236.300656
113.500000 55495 235.573768 55495.000000 235.573768
114.500000 55297 235.153142 55297.000000 235.153142
115.500000 54975 234.467482 54975.000000 234.467482
116.500000 54419 233.278803 54419.000000 233.278803
117.500000 54006 232.391910 54006.000000 232.391910
118.500000 54023 232.428484 54023.000000 232.428484
119.500000 53223 230.701105 53223.000000 230.701105
120.500000 52972 230.156469 52972.000000 230.156469
121.500000 52176 228.420665 52176.000000 228.420665
122.500000 51914 227.846440 51914.000000 227.846440
123.500000 51917 227.853023 51917.000000 227.853023
124.500000 51506 226.949334 51506.000000 226.949334
125.500000 51148 226.159236 51148.000000 226.159236
126.500000 50969 225.763150 50969.000000 225.763150
127.500000 50139 223.917395 50139.000000 223.917395
128.500000 50433 224.572928 50433.000000 224.572928
129.500000 49922 223.432316 49922.000000 223.432316
130.500000 49516 222.521909 49516.000000 222.521909
131.500000 48902 221.137966 48902.000000 221.137966
132.500000 48875 221.076910 48875.000000 221.076910
133.500000 48501 220.229426 48501.000000 220.229426
134.500000 48271 219.706623 48271.000000 219.706623
135.500000 47951 218.977168 47951.000000 218.977168
136.500000 47602 218.178826 47602.000000 218.178826
137.500000 47303 217.492529 47303.000000 217.492529
138.500000 47529 218.011468 47529.000000 218.011468
139.500000 46579 215.821686 46579.000000 215.821686
140.500000 46668 216.027776 46668.000000 216.027776
141.500000 46178 214.890670 46178.000000 214.890670
142.500000 45925 214.301190 45925.000000 214.301190
143.500000 45733 213.852753 45733.000000 213.852753
144.500000 45459 213.211163 45459.000000 213.211163
145.500000 45384 213.035208 45384.000000 213.035208
146.500000 45228 212.668757 45228.000000 212.668757
147.500000 44636 211.272336 44636.000000 211.272336
148.500000 44197 210.230826 44197.000000 210.230826
149.500000 44560 211.092397 44560.000000 211.092397
150.500000 43905 209.535200 43905.000000 209.535200
151.500000 43663 208.956933 43663.000000 208.956933
152.500000 43645 208.913858 43645.000000 208.913858
153.500000 43271 208.016826 43271.000000 208.016826
154.500000 43518 208.609683 43518.000000 208.609683
155.500000 43078 207.552403 43078.000000 207.552403
156.500000 42958 207.263118 42958.000000 207.263118
157.500000 42547 206.269242 42547.000000 206.269242
158.500000 42505 206.167408 42505.000000 206.167408
159.500000 42058 205.080472 42058.000000 205.080472
160.500000 41934 204.777928 41934.000000 204.777928
161.500000 42001 204.941455 42001.000000 204.941455
162.500000 41833 204.531171 41833.000000 204.531171
163.500000 40948 202.356122 40948.000000 202.356122
164.500000 41277 203.167419 41277.000000 203.167419
165.500000 40995 202.472220 40995.000000 202.472220
166.500000 40525 201.308221 40525.000000 201.308221
167.500000 40600 201.494417 40600.000000 201.494417
168.500000 40207 200.516832 40207.000000 200.516832
169.500000 39654 199.133121 39654.000000 199.133121
170.500000 39433 198.577441 39433.000000 198.577441
171.500000 39263 198.148934 39263.000000 198.148934
172.500000 39061 197.638559 39061.000000 197.638559
173.500000 38564 196.377188 38564.000000 196.377188
174.500000 38073 195.123038 38073.000000 195.123038
175.500000 37731 194.244691 37731.000000 194.244691
176.500000 37593 193.889144 37593.000000 193.889144
177.500000 36685 191.533287 36685.000000 191.533287
178.500000 36355 190.669872 36355.000000 190.669872
179.500000 35815 189.248514 35815.000000 189.248514
180.500000 35558 188.568290 35558.000000 188.568290
181.500000 35297 187.874958 35297.000000 187.874958
182.500000 35012 187.114938 35012.000000 187.114938
183.500000 34476 185.677139 34476.000000 185.677139
184.500000 33990 184.363771 33990.000000 184.363771
185.500000 33456 182.909814 33456.000000 182.909814
186.500000 33276 182.417104 33276.000000 182.417104
187.500000 32988 181.625989 32988.000000 181.625989
188.500000 32233 179.535512 32233.000000 179.535512
189.500000 32029 178.966477 32029.000000 178.966477
190.500000 31322 176.980225 31322.000000 176.980225
191.500000 31202 176.640879 31202.000000 176.640879
192.500000 30794 175.482193 30794.000000 175.482193
193.500000 29986 173.164662 29986.000000 173.164662
194.500000 29725 172.409396 29725.000000 172.409396
195.500000 29298 171.166586 29298.000000 171.166586
196.500000 28644 169.245384 28644.000000 169.245384
197.500000 28769 169.614268 28769.000000 169.614268
198.500000 28164 167.821334 28164.000000 167.821334
199.500000 27912 167.068848 27912.000000 167.068848
200.500000 27392 165.505287 27392.000000 165.505287
201.500000 26828 163.792552 26828.000000 163.792552
202.500000 26860 163.890207 26860.000000 163.890207
203.500000 26363 162.366869 26363.000000 162.366869
204.500000 26119 161.613737 26119.000000 161.613737
205.500000 25841 160.751361 25841.000000 160.751361
206.500000 25669 160.215480 25669.000000 160.215480
207.500000 25039 158.237164 25039.000000 158.237164
208.500000 24651 157.006369 24651.000000 157.006369
209.500000 24805 157.496032 24805.000000 157.496032
210.500000 24391 156.176183 24391.000000 156.176183
211.500000 24469 156.425701 24469.000000 156.425701
212.500000 24297 155.874950 24297.000000 155.874950
213.500000 24004 154.932243 24004.000000 154.932243
214.500000 23998 154.912879 23998.000000 154.912879
215.500000 23788 154.233589 23788.000000 154.233589
216.500000 23679 153.879823 23679.000000 153.879823
217.500000 23805 154.288690 23805.000000 154.288690
218.500000 23896 154.583311 23896.000000 154.583311
219.500000 23710 153.980518 23710.000000 153.980518
220.500000 23531 153.398175 23531.000000 153.398175
221.500000 23694 153.928555 23694.000000 153.928555
222.500000 23644 153.766056 23644.000000 153.766056
223.500000 23947 154.748183 23947.000000 154.748183
224.500000 24109 155.270731 24109.000000 155.270731
225.500000 24804 157.492857 24804.000000 157.492857
226.500000 24553 156.693969 24553.000000 156.693969
227.500000 24535 156.636522 24535.000000 156.636522
228.500000 24909 157.825853 24909.000000 157.825853
229.500000 25725 160.390149 25725.000000 160.390149
230.500000 25784 160.573970 25784.000000 160.573970
231.500000 25938 161.052786 25938.000000 161.052786
232.500000 26429 162.569985 26429.000000 162.569985
233.500000 26754 163.566500 26754.000000 163.566500
234.500000 27416 165.577776 27416.000000 165.577776
235.500000 28080 167.570881 28080.000000 167.570881
236.500000 28291 168.199287 28291.000000 168.199287
237.500000 29134 170.686848 29134.000000 170.686848
238.500000 29882 172.864108 29882.000000 172.864108
239.500000 30185 173.738309 30185.000000 173.738309
240.500000 30829 175.581890 30829.000000 175.581890
241.500000 31542 177.600676 31542.000000 177.600676
242.500000 32327 179.797108 32327.000000 179.797108
243.500000 33078 181.873582 33078.000000 181.873582
244.500000 33832 183.934771 33832.000000 183.934771
245.500000 34857 186.700295 34857.000000 186.700295
246.500000 35454 188.292326 35454.000000 188.292326
247.500000 36246 190.383823 36246.000000 190.383823
248.500000 37682 194.118520 37682.000000 194.118520
249.500000 38390 195.933662 38390.000000 195.933662
250.500000 39395 198.481737 39395.000000 198.481737
251.500000 40609 201.516749 40609.000000 201.516749
252.500000 41566 203.877414 41566.000000 203.877414
253.500000 42093 205.165787 42093.000000 205.165787
254.500000 43395 208.314666 43395.000000 208.314666
255.500000 45067 212.289896 45067.000000 212.289896
256.500000 45887 214.212511 45887.000000 214.212511
257.500000 46841 216.427817 46841.000000 216.427817
258.500000 47912 218.888099 47912.000000 218.888099
259.500000 48808 220.925327 48808.000000 220.925327
260.500000 49695 222.923754 49695.000000 222.923754
261.500000 50999 225.829582 50999.000000 225.829582
262.500000 51546 227.037442 51546.000000 227.037442
263.500000 53162 230.568862 53162.000000 230.568862
264.500000 54019 232.419879 54019.000000 232.419879
265.500000 54829 234.155931 54829.000000 234.155931
266.500000 55860 236.347202 55860.000000 236.347202
267.500000 56356 237.394187 56356.000000 237.394187
268.500000 57291 239.355384 57291.000000 239.355384
269.500000 57936 240.698982 57936.000000 240.698982
270.500000 58522 241.913208 58522.000000 241.913208
271.500000 59489 243.903670 59489.000000 243.903670
272.500000 59836 244.613982 59836.000000 244.613982
273.500000 60280 245.519857 60280.000000 245.519857
274.500000 60546 246.060968 60546.000000 246.060968
275.500000 61165 247.315588 61165.000000 247.315588
276.500000 61453 247.897156 61453.000000 247.897156
277.500000 61549 248.090709 61549.000000 248.090709
278.500000 61817 248.630248 61817.000000 248.630248
279.500000 61582 248.157208 61582.000000 248.157208
280.500000 61467 247.925392 61467.000000 247.925392
281.500000 61585 248.163253 61585.000000 248.163253
282.500000 61007 246.995951 61007.000000 246.995951
283.500000 60955 246.890664 60955.000000 246.890664
284.500000 60767 246.509635 60767.000000 246.509635
285.500000 60286 245.532075 60286.000000 245.532075
286.500000 59720 244.376758 59720.000000 244.376758
287.500000 59000 242.899156 59000.000000 242.899156
288.500000 58962 242.820922 58962.000000 242.820922
289.500000 58485 241.836722 58485.000000 241.836722
290.500000 57141 239.041837 57141.000000 239.041837
291.500000 56488 237.672043 56488.000000 237.672043
292.500000 57041 238.832577 57041.000000 238.832577
293.500000 55667 235.938551 55667.000000 235.938551
294.500000 54648 233.769117 54648.000000 233.769117
295.500000 54191 232.789605 54191.000000 232.789605
296.500000 52993 230.202085 52993.000000 230.202085
297.500000 52329 228.755328 52329.000000 228.755328
298.500000 51300 226.495033 51300.000000 226.495033
299.500000 50489 224.697575 50489.000000 224.697575
300.500000 49588 222.683632 49588.000000 222.683632
301.500000 48669 220.610517 48669.000000 220.610517
302.500000 47497 217.938065 47497.000000 217.938065
303.500000 46823 216.386229 46823.000000 216.386229
304.500000 45807 214.025699 45807.000000 214.025699
305.500000 45232 212.678161 45232.000000 212.678161
306.500000 43709 209.066975 43709.000000 209.066975
307.500000 43057 207.501807 43057.000000 207.501807
308.500000 41916 204.733974 41916.000000 204.733974
309.500000 41269 203.147729 41269.000000 203.147729
310.500000 40054 200.134954 40054.000000 200.134954
311.500000 39134 197.823153 39134.000000 197.823153
312.500000 38878 197.175049 38878.000000 197.175049
313.500000 37858 194.571324 37858.000000 194.571324
314.500000 36933 192.179603 36933.000000 192.179603
315.500000 36082 189.952626 36082.000000 189.952626
316.500000 35333 187.970742 35333.000000 187.970742
317.500000 34854 186.692260 34854.000000 186.692260
318.500000 34229 185.010810 34229.000000 185.010810
319.500000 33183 182.162016 33183.000000 182.162016
320.500000 32563 180.452210 32563.000000 180.452210
321.500000 31762 178.218966 31762.000000 178.218966
322.500000 31255 176.790837 31255.000000 176.790837
323.500000 30668 175.122814 30668.000000 175.122814
324.500000 29781 172.571724 29781.000000 172.571724
325.500000 29421 171.525508 29421.000000 171.525508
326.500000 28715 169.455009 28715.000000 169.455009
327.500000 28459 168.697955 28459.000000 168.697955
328.500000 27571 166.045175 27571.000000 166.045175
329.500000 27054 164.481002 27054.000000 164.481002
330.500000 26139 161.675601 26139.000000 161.675601
331.500000 25690 160.281003 25690.000000 160.281003
332.500000 25458 159.555633 25458.000000 159.555633
333.500000 24926 157.879701 24926.000000 157.879701
334.500000 24317 155.939091 24317.000000 155.939091
335.500000 23984 154.867685 23984.000000 154.867685
336.500000 23675 153.866826 23675.000000 153.866826
337.500000 23215 152.364694 23215.000000 152.364694
338.500000 22664 150.545674 22664.000000 150.545674
339.500000 22295 149.315103 22295.000000 149.315103
340.500000 22074 148.573214 22074.000000 148.573214
341.500000 21326 146.034243 21326.000000 146.034243
342.500000 21173 145.509450 21173.000000 145.509450
343.500000 20640 143.666280 20640.000000 143.666280
344.500000 20215 142.179464 20215.000000 142.179464
345.500000 19791 140.680489 19791.000000 140.680489
346.500000 19294 138.902844 19294.000000 138.902844
347.500000 18918 137.542721 18918.000000 137.542721
348.500000 18690 136.711375 18690.000000 136.711375
349.500000 18383 135.583922 18383.000000 135.583922
350.500000 17982 134.096980 17982.000000 134.096980
351.500000 17580 132.589592 17580.000000 132.589592
352.500000 17545 132.457540 17545.000000 132.457540
353.500000 17174 131.049609 17174.000000 131.049609
354.500000 16718 129.298105 16718.000000 129.298105
355.500000 16429 128.175661 16429.000000 128.175661
356.500000 16099 126.881835 16099.000000 126.881835
357.500000 15960 126.332894 15960.000000 126.332894
358.500000 15584 124.835892 15584.000000 124.835892
359.500000 15203 123.300446 15203.000000 123.300446
360.500000 15011 122.519386 15011.000000 122.519386
361.500000 14791 121.618255 14791.000000 121.618255
362.500000 14721 121.330128 14721.000000 121.330128
363.500000 14399 119.995833 14399.000000 119.995833
364.500000 14272 119.465476 14272.000000 119.465476
365.500000 14019 118.401858 14019.000000 118.401858
366.500000 13727 117.162281 13727.000000 117.162281
367.500000 13609 116.657619 13609.000000 116.657619
368.500000 13536 116.344317 13536.000000 116.344317
369.500000 13081 114.372199 13081.000000 114.372199
370.500000 13034 114.166545 13034.000000 114.166545
371.500000 12494 111.776563 12494.000000 111.776563
372.500000 12720 112.782977 12720.000000 112.782977
373.500000 12626 112.365475 12626.000000 112.365475
374.500000 12417 111.431593 12417.000000 111.431593
375.500000 12115 110.068161 12115.000000 110.068161
376.500000 12019 109.631200 12019.000000 109.631200
377.500000 12029 109.676798 12029.000000 109.676798
378.500000 11863 108.917400 11863.000000 108.917400
379.500000 11756 108.425089 11756.000000 108.425089
380.500000 11738 108.342051 11738.000000 108.342051
381.500000 11472 107.107423 11472.000000 107.107423
382.500000 11398 106.761416 11398.000000 106.761416
383.500000 11365 106.606754 11365.000000 106.606754
384.500000 11286 106.235587 11286.000000 106.235587
385.500000 11142 105.555673 11142.000000 105.555673
386.500000 11113 105.418215 11113.000000 105.418215
387.500000 11069 105.209315 11069.000000 105.209315
388.500000 11088 105.299573 11088.000000 105.299573
389.500000 11043 105.085679 11043.000000 105.085679
390.500000 10896 104.383907 10896.000000 104.383907
391.500000 10837 104.100913 10837.000000 104.100913
392.500000 10731 103.590540 10731.000000 103.590540
393.500000 10835 104.091306 10835.000000 104.091306
394.500000 10463 102.288807 10463.000000 102.288807
395.500000 10644 103.169763 10644.000000 103.169763
396.500000 10776 103.807514 10776.000000 103.807514
397.500000 10524 102.586549 10524.000000 102.586549
398.500000 10543 102.679112 10543.000000 102.679112
399.500000 10473 102.337676 10473.000000 102.337676
400.500000 10440 102.176318 10440.000000 102.176318
401.500000 10374 101.852835 10374.000000 101.852835
402.500000 10280 101.390335 10280.000000 101.390335
403.500000 10271 101.345942 10271.000000 101.345942
404.500000 10205 101.019800 10205.000000 101.019800
405.500000 10172 100.856333 10172.000000 100.856333
406.500000 10150 100.747208 10150.000000 100.747208
407.500000 10101 100.503731 10101.000000 100.503731
408.500000 9977 99.884934 9977.000000 99.884934
409.500000 9973 99.864909 9973.000000 99.864909
410.500000 9858 99.287461 9858.000000 99.287461
411.500000 9906 99.528890 9906.000000 99.528890
412.500000 9970 99.849887 9970.000000 99.849887
413.500000 9763 98.807894 9763.000000 98.807894
414.500000 9787 98.929268 9787.000000 98.929268
415.500000 10012 100.059982 10012.000000 100.059982
416.500000 9739 98.686372 9739.000000 98.686372
417.500000 9842 99.206855 9842.000000 99.206855
418.500000 9781 98.898938 9781.000000 98.898938
419.500000 9806 99.025249 9806.000000 99.025249
420.500000 9646 98.214052 9646.000000 98.214052
421.500000 9671 98.341243 9671.000000 98.341243
422.500000 9693 98.453034 9693.000000 98.453034
423.500000 9672 98.346327 9672.000000 98.346327
424.500000 9731 98.645831 9731.000000 98.645831
425.500000 9436 97.139076 9436.000000 97.139076
426.500000 9474 97.334475 9474.000000 97.334475
427.500000 9570 97.826377 9570.000000 97.826377
428.500000 9657 98.270036 9657.000000 98.270036
429.500000 9506 97.498718 9506.000000 97.498718
430.500000 9477 97.349884 9477.000000 97.349884
431.500000 9691 98.442877 9691.000000 98.442877
432.500000 9453 97.226540 9453.000000 97.226540
433.500000 9542 97.683161 9542.000000 97.683161
434.500000 9371 96.803926 9371.000000 96.803926
435.500000 9317 96.524608 9317.000000 96.524608
436.500000 9221 96.026038 9221.000000 96.026038
437.500000 9516 97.549987 9516.000000 97.549987
438.500000 9403 96.969067 9403.000000 96.969067
439.500000 9381 96.855563 9381.000000 96.855563
440.500000 9344 96.664368 9344.000000 96.664368
441.500000 9439 97.154516 9439.000000 97.154516
442.500000 9474 97.334475 9474.000000 97.334475
443.500000 9296 96.415766 9296.000000 96.415766
444.500000 9249 96.171721 9249.000000 96.171721
445.500000 9396 96.932967 9396.000000 96.932967
446.500000 9333 96.607453 9333.000000 96.607453
447.500000 9255 96.202911 9255.000000 96.202911
448.500000 9460 97.262531 9460.000000 97.262531
449.500000 9217 96.005208 9217.000000 96.005208
450.500000 9102 95.404402 9102.000000 95.404402
451.500000 9222 96.031245 9222.000000 96.031245
452.500000 9329 96.586749 9329.000000 96.586749
453.500000 9142 95.613807 9142.000000 95.613807
454.500000 9116 95.477746 9116.000000 95.477746
455.500000 9071 95.241798 9071.000000 95.241798
456.500000 9138 95.592887 9138.000000 95.592887
457.500000 9160 95.707889 9160.000000 95.707889
458.500000 9090 95.341491 9090.000000 95.341491
459.500000 9212 95.979164 9212.000000 95.979164
460.500000 9042 95.089432 9042.000000 95.089432
461.500000 9048 95.120976 9048.000000 95.120976
462.500000 9170 95.760117 9170.000000 95.760117
463.500000 9029 95.021050 9029.000000 95.021050
464.500000 9009 94.915752 9009.000000 94.915752
465.500000 9044 95.099947 9044.000000 95.099947
466.500000 9116 95.477746 9116.000000 95.477746
467.500000 8977 94.747032 8977.000000 94.747032
468.500000 9012 94.931554 9012.000000 94.931554
469.500000 8989 94.810337 8989.000000 94.810337
470.500000 8997 94.852517 8997.000000 94.852517
471.500000 9013 94.936821 9013.000000 94.936821
472.500000 9144 95.624265 9144.000000 95.624265
473.500000 8926 94.477511 8926.000000 94.477511
474.500000 9082 95.299528 9082.000000 95.299528
475.500000 8937 94.535708 8937.000000 94.535708
476.500000 9070 95.236548 9070.000000 95.236548
477.500000 8964 94.678403 8964.000000 94.678403
478.500000 8942 94.562149 8942.000000 94.562149
479.500000 8856 94.106323 8856.000000 94.106323
480.500000 9046 95.110462 9046.000000 95.110462
481.500000 8824 93.936149 8824.000000 93.936149
482.500000 8918 94.435163 8918.000000 94.435163
483.500000 8760 93.594872 8760.000000 93.594872
484.500000 8759 93.589529 8759.000000 93.589529
485.500000 8875 94.207218 8875.000000 94.207218
486.500000 8824 93.936149 8824.000000 93.936149
487.500000 8718 93.370231 8718.000000 93.370231
488.500000 8678 93.155784 8678.000000 93.155784
489.500000 8840 94.021274 8840.000000 94.021274
490.500000 8798 93.797655 8798.000000 93.797655
491.500000 8771 93.653617 8771.000000 93.653617
492.500000 8837 94.005319 8837.000000 94.005319
493.500000 8869 94.175368 8869.000000 94.175368
494.500000 8851 94.079753 8851.000000 94.079753
495.500000 8642 92.962358 8642.000000 92.962358
496.500000 8796 93.786993 8796.000000 93.786993
497.500000 8712 93.338095 8712.000000 93.338095
498.500000 8659 93.053748 8659.000000 93.053748
499.500000 8696 93.252346 8696.000000 93.252346
500.500000 8733 93.450522 8733.000000 93.450522
501.500000 8693 93.236259 8693.000000 93.236259
502.500000 8868 94.170059 8868.000000 94.170059
503.500000 8718 93.370231 8718.000000 93.370231
504.500000 8762 93.605555 8762.000000 93.605555
505.500000 8653 93.021503 8653.000000 93.021503
506.500000 8832 93.978721 8832.000000 93.978721
507.500000 8878 94.223139 8878.000000 94.223139
508.500000 8859 94.122261 8859.000000 94.122261
509.500000 8608 92.779308 8608.000000 92.779308
510.500000 8807 93.845618 8807.000000 93.845618
511.500000 8519 92.298429 8519.000000 92.298429
512.500000 8728 93.423766 8728.000000 93.423766
513.500000 8638 92.940841 8638.000000 92.940841
514.500000 8735 93.461222 8735.000000 93.461222
515.500000 8649 93.000000 8649.000000 93.000000
516.500000 8696 93.252346 8696.000000 93.252346
517.500000 8628 92.887028 8628.000000 92.887028
518.500000 8707 93.311307 8707.000000 93.311307
519.500000 8602 92.746968 8602.000000 92.746968
520.500000 8608 92.779308 8608.000000 92.779308
521.500000 8537 92.395887 8537.000000 92.395887
522.500000 8611 92.795474 8611.000000 92.795474
523.500000 8537 92.395887 8537.000000 92.395887
524.500000 8646 92.983870 8646.000000 92.983870
525.500000 8618 92.833184 8618.000000 92.833184
526.500000 8531 92.363413 8531.000000 92.363413
527.500000 8499 92.190021 8499.000000 92.190021
528.500000 8573 92.590496 8573.000000 92.590496
529.500000 8742 93.498663 8742.000000 93.498663
530.500000 8478 92.076056 8478.000000 92.076056
531.500000 8776 93.680307 8776.000000 93.680307
532.500000 8500 92.195445 8500.000000 92.195445
533.500000 8628 92.887028 8628.000000 92.887028
534.500000 8585 92.655275 8585.000000 92.655275
535.500000 8347 91.361918 8347.000000 91.361918
536.500000 8603 92.752358 8603.000000 92.752358
537.500000 8379 91.536878 8379.000000 91.536878
538.500000 8372 91.498634 8372.000000 91.498634
539.500000 8425 91.787799 8425.000000 91.787799
540.500000 8346 91.356445 8346.000000 91.356445
541.500000 8696 93.252346 8696.000000 93.252346
542.500000 8432 91.825922 8432.000000 91.825922
543.500000 8504 92.217135 8504.000000 92.217135
544.500000 8405 91.678787 8405.000000 91.678787
545.500000 8355 91.405689 8355.000000 91.405689
546.500000 8308 91.148231 8308.000000 91.148231
547.500000 8221 90.669730 8221.000000 90.669730
548.500000 8332 91.279790 8332.000000 91.279790
549.500000 8457 91.961949 8457.000000 91.961949
550.500000 8261 90.890043 8261.000000 90.890043
551.500000 8065 89.805345 8065.000000 89.805345
552.500000 8343 91.340024 8343.000000 91.340024
553.500000 8188 90.487568 8188.000000 90.487568
554.500000 8301 91.109824 8301.000000 91.109824
555.500000 8164 90.354856 8164.000000 90.354856
556.500000 8192 90.509668 8192.000000 90.509668
557.500000 8153 90.293964 8153.000000 90.293964
558.500000 8072 89.844310 8072.000000 89.844310
559.500000 8109 90.049986 8109.000000 90.049986
560.500000 8149 90.271812 8149.000000 90.271812
561.500000 8007 89.481842 8007.000000 89.481842
562.500000 8036 89.643739 8036.000000 89.643739
563.500000 7874 88.735562 7874.000000 88.735562
564.500000 8194 90.520716 8194.000000 90.520716
565.500000 7884 88.791892 7884.000000 88.791892
566.500000 7940 89.106678 7940.000000 89.106678
567.500000 7905 88.910067 7905.000000 88.910067
568.500000 7814 88.396833 7814.000000 88.396833
569.500000 7808 88.362888 7808.000000 88.362888
570.500000 7808 88.362888 7808.000000 88.362888
571.500000 7764 88.113563 7764.000000 88.113563
572.500000 7804 88.340251 7804.000000 88.340251
573.500000 7636 87.384209 7636.000000 87.384209
574.500000 7590 87.120606 7590.000000 87.120606
575.500000 7554 86.913750 7554.000000 86.913750
576.500000 7704 87.772433 7704.000000 87.772433
577.500000 7627 87.332697 7627.000000 87.332697
578.500000 7572 87.017240 7572.000000 87.017240
579.500000 7539 86.827415 7539.000000 86.827415
580.500000 7520 86.717934 7520.000000 86.717934
581.500000 7369 85.842880 7369.000000 85.842880
582.500000 7546 86.867716 7546.000000 86.867716
583.500000 7426 86.174242 7426.000000 86.174242
584.500000 7428 86.185846 7428.000000 86.185846
585.500000 7334 85.638776 7334.000000 85.638776
586.500000 7444 86.278618 7444.000000 86.278618
587.500000 7225 85.000000 7225.000000 85.000000
588.500000 7161 84.622692 7161.000000 84.622692
589.500000 7199 84.846921 7199.000000 84.846921
590.500000 7249 85.141059 7249.000000 85.141059
591.500000 7255 85.176288 7255.000000 85.176288
592.500000 7082 84.154620 7082.000000 84.154620
593.500000 7148 84.545846 7148.000000 84.545846
594.500000 7151 84.563586 7151.000000 84.563586
595.500000 7061 84.029757 7061.000000 84.029757
596.500000 6904 83.090312 6904.000000 83.090312
597.500000 7013 83.743656 7013.000000 83.743656
598.500000 7000 83.666003 7000.000000 83.666003
599.500000 6748 82.146211 6748.000000 82.146211
600.500000 6960 83.426614 6960.000000 83.426614
601.500000 7042 83.916625 7042.000000 83.916625
602.500000 6797 82.443920 6797.000000 82.443920
603.500000 6854 82.788888 6854.000000 82.788888
604.500000 6831 82.649864 6831.000000 82.649864
605.500000 6912 83.138439 6912.000000 83.138439
606.500000 6683 81.749618 6683.000000 81.749618
607.500000 6722 81.987804 6722.000000 81.987804
608.500000 6663 81.627201 6663.000000 81.627201
609.500000 6679 81.725149 6679.000000 81.725149
610.500000 6715 81.945104 6715.000000 81.945104
611.500000 6758 82.207056 6758.000000 82.207056
612.500000 6571 81.061705 6571.000000 81.061705
613.500000 6633 81.443232 6633.000000 81.443232
614.500000 6645 81.516869 6645.000000 81.516869
615.500000 6571 81.061705 6571.000000 81.061705
616.500000 6510 80.684571 6510.000000 80.684571
617.500000 6596 81.215762 6596.000000 81.215762
618.500000 6521 80.752709 6521.000000 80.752709
619.500000 6645 81.516869 6645.000000 81.516869
620.500000 6767 82.261777 6767.000000 82.261777
621.500000 6576 81.092540 6576.000000 81.092540
622.500000 6512 80.696964 6512.000000 80.696964
623.500000 6559 80.987653 6559.000000 80.987653
624.500000 6547 80.913534 6547.000000 80.913534
625.500000 6394 79.962491 6394.000000 79.962491
626.500000 6634 81.449371 6634.000000 81.449371
627.500000 6652 81.559794 6652.000000 81.559794
628.500000 6560 80.993827 6560.000000 80.993827
629.500000 6751 82.164469 6751.000000 82.164469
630.500000 6574 81.080207 6574.000000 81.080207
631.500000 6571 81.061705 6571.000000 81.061705
632.500000 6708 81.902381 6708.000000 81.902381
633.500000 6629 81.418671 6629.000000 81.418671
634.500000 6640 81.486195 6640.000000 81.486195
635.500000 6709 81.908486 6709.000000 81.908486
636.500000 6727 82.018291 6727.000000 82.018291
637.500000 6670 81.670068 6670.000000 81.670068
638.500000 6623 81.381816 6623.000000 81.381816
639.500000 6698 81.841310 6698.000000 81.841310
640.500000 6655 81.578183 6655.000000 81.578183
641.500000 6790 82.401456 6790.000000 82.401456
642.500000 6753 82.176639 6753.000000 82.176639
643.500000 6803 82.480301 6803.000000 82.480301
644.500000 6747 82.140124 6747.000000 82.140124
645.500000 6643 81.504601 6643.000000 81.504601
646.500000 6862 82.837190 6862.000000 82.837190
647.500000 6717 81.957306 6717.000000 81.957306
648.500000 6849 82.758685 6849.000000 82.758685
649.500000 6827 82.625662 6827.000000 82.625662
650.500000 6653 81.565924 6653.000000 81.565924
651.500000 6803 82.480301 6803.000000 82.480301
652.500000 6765 82.249620 6765.000000 82.249620
653.500000 6940 83.306662 6940.000000 83.306662
654.500000 6585 81.148013 6585.000000 81.148013
655.500000 6941 83.312664 6941.000000 83.312664
656.500000 6772 82.292162 6772.000000 82.292162
657.500000 6719 81.969507 6719.000000 81.969507
658.500000 6895 83.036137 6895.000000 83.036137
659.500000 6766 82.255699 6766.000000 82.255699
660.500000 6677 81.712912 6677.000000 81.712912
661.500000 6839 82.698247 6839.000000 82.698247
662.500000 6729 82.030482 6729.000000 82.030482
663.500000 6912 83.138439 6912.000000 83.138439
664.500000 6657 81.590441 6657.000000 81.590441
665.500000 6886 82.981926 6886.000000 82.981926
666.500000 6799 82.456049 6799.000000 82.456049
667.500000 6765 82.249620 6765.000000 82.249620
668.500000 6669 81.663946 6669.000000 81.663946
669.500000 6797 82.443920 6797.000000 82.443920
670.500000 6764 82.243541 6764.000000 82.243541
671.500000 6589 81.172655 6589.000000 81.172655
672.500000 6740 82.097503 6740.000000 82.097503
673.500000 6583 81.135689 6583.000000 81.135689
674.500000 6709 81.908486 6709.000000 81.908486
675.500000 6751 82.164469 6751.000000 82.164469
676.500000 6649 81.541401 6649.000000 81.541401
677.500000 6752 82.170554 6752.000000 82.170554
678.500000 6630 81.424812 6630.000000 81.424812
679.500000 6411 80.068720 6411.000000 80.068720
680.500000 6571 81.061705 6571.000000 81.061705
681.500000 6590 81.178815 6590.000000 81.178815
682.500000 6488 80.548122 6488.000000 80.548122
683.500000 6533 80.826976 6533.000000 80.826976
684.500000 6435 80.218452 6435.000000 80.218452
685.500000 6391 79.943730 6391.000000 79.943730
686.500000 6418 80.112421 6418.000000 80.112421
687.500000 6287 79.290605 6287.000000 79.290605
688.500000 6428 80.174809 6428.000000 80.174809
689.500000 6376 79.849859 6376.000000 79.849859
690.500000 6146 78.396428 6146.000000 78.396428
691.500000 6026 77.627315 6026.000000 77.627315
692.500000 6147 78.402806 6147.000000 78.402806
693.500000 5894 76.772391 5894.000000 76.772391
694.500000 5950 77.136243 5950.000000 77.136243
695.500000 6006 77.498387 6006.000000 77.498387
696.500000 5915 76.909037 5915.000000 76.909037
697.500000 5837 76.400262 5837.000000 76.400262
698.500000 5723 75.650512 5723.000000 75.650512
699.500000 5790 76.092050 5790.000000 76.092050
700.500000 5586 74.739548 5586.000000 74.739548
701.500000 5690 75.432089 5690.000000 75.432089
702.500000 5447 73.803794 5447.000000 73.803794
703.500000 5428 73.674962 5428.000000 73.674962
704.500000 5519 74.289972 5519.000000 74.289972
705.500000 5399 73.477888 5399.000000 73.477888
706.500000 5399 73.477888 5399.000000 73.477888
707.500000 5323 72.958893 5323.000000 72.958893
708.500000 5288 72.718636 5288.000000 72.718636
709.500000 5388 73.402997 5388.000000 73.402997
710.500000 5102 71.428286 5102.000000 71.428286
711.500000 5088 71.330218 5088.000000 71.330218
712.500000 5026 70.894287 5026.000000 70.894287
713.500000 4933 70.235319 4933.000000 70.235319
714.500000 4966 70.469852 4966.000000 70.469852
715.500000 4869 69.778220 4869.000000 69.778220
716.500000 4770 69.065187 4770.000000 69.065187
717.500000 4783 69.159237 4783.000000 69.159237
718.500000 4606 67.867518 4606.000000 67.867518
719.500000 4610 67.896981 4610.000000 67.896981
720.500000 4564 67.557383 4564.000000 67.557383
721.500000 4493 67.029844 4493.000000 67.029844
722.500000 4536 67.349833 4536.000000 67.349833
723.500000 4466 66.828138 4466.000000 66.828138
724.500000 4553 67.475922 4553.000000 67.475922
725.500000 4288 65.482822 4288.000000 65.482822
726.500000 4360 66.030296 4360.000000 66.030296
727.500000 4390 66.257075 4390.000000 66.257075
728.500000 4227 65.015383 4227.000000 65.015383
729.500000 4289 65.490457 4289.000000 65.490457
730.500000 4099 64.023433 4099.000000 64.023433
731.500000 4048 63.623895 4048.000000 63.623895
732.500000 4192 64.745656 4192.000000 64.745656
733.500000 3984 63.118935 3984.000000 63.118935
734.500000 3906 62.498000 3906.000000 62.498000
735.500000 4000 63.245553 4000.000000 63.245553
736.500000 3939 62.761453 3939.000000 62.761453
737.500000 3897 62.425956 3897.000000 62.425956
738.500000 3893 62.393910 3893.000000 62.393910
739.500000 3784 61.514226 3784.000000 61.514226
740.500000 3788 61.546730 3788.000000 61.546730
741.500000 3849 62.040309 3849.000000 62.040309
742.500000 3749 61.229078 3749.000000 61.229078
743.500000 3599 59.991666 3599.000000 59.991666
744.500000 3724 61.024585 3724.000000 61.024585
745.500000 3632 60.266077 3632.000000 60.266077
746.500000 3679 60.654761 3679.000000 60.654761
747.500000 3611 60.091597 3611.000000 60.091597
748.500000 3465 58.864251 3465.000000 58.864251
749.500000 3486 59.042358 3486.000000 59.042358
750.500000 3433 58.591808 3433.000000 58.591808
751.500000 3476 58.957612 3476.000000 58.957612
752.500000 3325 57.662813 3325.000000 57.662813
753.500000 3381 58.146367 3381.000000 58.146367
754.500000 3391 58.232293 3391.000000 58.232293
755.500000 3190 56.480085 3190.000000 56.480085
756.500000 3234 56.868269 3234.000000 56.868269
757.500000 3334 57.740800 3334.000000 57.740800
758.500000 3152 56.142675 3152.000000 56.142675
759.500000 3086 55.551778 3086.000000 55.551778
760.500000 3185 56.435804 3185.000000 56.435804
761.500000 3059 55.308227 3059.000000 55.308227
762.500000 3195 56.524331 3195.000000 56.524331
763.500000 3072 55.425626 3072.000000 55.425626
764.500000 2955 54.359912 2955.000000 54.359912
765.500000 3019 54.945427 3019.000000 54.945427
766.500000 3015 54.909016 3015.000000 54.909016
767.500000 2959 54.396691 2959.000000 54.396691
768.500000 3041 55.145263 3041.000000 55.145263
769.500000 3006 54.827001 3006.000000 54.827001
770.500000 2809 53.000000 2809.000000 53.000000
771.500000 2904 53.888774 2904.000000 53.888774
772.500000 2936 54.184869 2936.000000 54.184869
773.500000 2899 53.842363 2899.000000 53.842363
774.500000 2873 53.600373 2873.000000 53.600373
775.500000 2789 52.810984 2789.000000 52.810984
776.500000 2800 52.915026 2800.000000 52.915026
777.500000 2722 52.172790 2722.000000 52.172790
778.500000 2828 53.178943 2828.000000 53.178943
779.500000 2718 52.134442 2718.000000 52.134442
780.500000 2754 52.478567 2754.000000 52.478567
781.500000 2778 52.706736 2778.000000 52.706736
782.500000 2719 52.144031 2719.000000 52.144031
783.500000 2564 50.635956 2564.000000 50.635956
784.500000 2603 51.019604 2603.000000 51.019604
785.500000 2567 50.665570 2567.000000 50.665570
786.500000 2533 50.328918 2533.000000 50.328918
787.500000 2520 50.199602 2520.000000 50.199602
788.500000 2499 49.989999 2499.000000 49.989999
789.500000 2485 49.849774 2485.000000 49.849774
790.500000 2555 50.547008 2555.000000 50.547008
791.500000 2413 49.122296 2413.000000 49.122296
792.500000 2519 50.189640 2519.000000 50.189640
793.500000 2367 48.651824 2367.000000 48.651824
794.500000 2477 49.769469 2477.000000 49.769469
795.500000 2459 49.588305 2459.000000 49.588305
796.500000 2361 48.590122 2361.000000 48.590122
797.500000 2326 48.228622 2326.000000 48.228622
798.500000 2343 48.404545 2343.000000 48.404545
799.500000 2264 47.581509 2264.000000 47.581509
800.500000 2228 47.201695 2228.000000 47.201695
801.500000 2218 47.095647 2218.000000 47.095647
802.500000 2151 46.378875 2151.000000 46.378875
803.500000 2264 47.581509 2264.000000 47.581509
804.500000 2258 47.518417 2258.000000 47.518417
805.500000 2177 46.658333 2177.000000 46.658333
806.500000 2096 45.782093 2096.000000 45.782093
807.500000 2178 46.669048 2178.000000 46.669048
808.500000 2255 47.486840 2255.000000 47.486840
809.500000 2029 45.044423 2029.000000 45.044423
810.500000 2089 45.705580 2089.000000 45.705580
811.500000 2175 46.636895 2175.000000 46.636895
812.500000 2090 45.716518 2090.000000 45.716518
813.500000 2100 45.825757 2100.000000 45.825757
814.500000 2019 44.933284 2019.000000 44.933284
815.500000 2018 44.922155 2018.000000 44.922155
816.500000 2062 45.409250 2062.000000 45.409250
817.500000 1984 44.542115 1984.000000 44.542115
818.500000 1934 43.977267 1934.000000 43.977267
819.500000 1920 43.817805 1920.000000 43.817805
820.500000 1955 44.215382 1955.000000 44.215382
821.500000 1907 43.669211 1907.000000 43.669211
822.500000 1897 43.554563 1897.000000 43.554563
823.500000 1909 43.692105 1909.000000 43.692105
824.500000 1869 43.231933 1869.000000 43.231933
825.500000 1803 42.461747 1803.000000 42.461747
826.500000 1813 42.579338 1813.000000 42.579338
827.500000 1716 41.424630 1716.000000 41.424630
828.500000 1765 42.011903 1765.000000 42.011903
829.500000 1817 42.626283 1817.000000 42.626283
830.500000 1743 41.749251 1743.000000 41.749251
831.500000 1722 41.496988 1722.000000 41.496988
832.500000 1795 42.367440 1795.000000 42.367440
833.500000 1670 40.865633 1670.000000 40.865633
834.500000 1783 42.225585 1783.000000 42.225585
835.500000 1672 40.890097 1672.000000 40.890097
836.500000 1610 40.124805 1610.000000 40.124805
837.500000 1646 40.570926 1646.000000 40.570926
838.500000 1622 40.274061 1622.000000 40.274061
839.500000 1636 40.447497 1636.000000 40.447497
840.500000 1609 40.112342 1609.000000 40.112342
841.500000 1560 39.496835 1560.000000 39.496835
842.500000 1510 38.858718 1510.000000 38.858718
843.500000 1592 39.899875 1592.000000 39.899875
844.500000 1635 40.435133 1635.000000 40.435133
845.500000 1605 40.062451 1605.000000 40.062451
846.500000 1523 39.025633 1523.000000 39.025633
847.500000 1520 38.987177 1520.000000 38.987177
848.500000 1532 39.140772 1532.000000 39.140772
849.500000 1517 38.948684 1517.000000 38.948684
850.500000 1515 38.923001 1515.000000 38.923001
851.500000 1440 37.947332 1440.000000 37.947332
852.500000 1411 37.563280 1411.000000 37.563280
853.500000 1417 37.643060 1417.000000 37.643060
854.500000 1468 38.314488 1468.000000 38.314488
855.500000 1421 37.696154 1421.000000 37.696154
856.500000 1379 37.134889 1379.000000 37.134889
857.500000 1349 36.728735 1349.000000 36.728735
858.500000 1464 38.262253 1464.000000 38.262253
859.500000 1391 37.296112 1391.000000 37.296112
860.500000 1326 36.414283 1326.000000 36.414283
861.500000 1377 37.107951 1377.000000 37.107951
862.500000 1340 36.606010 1340.000000 36.606010
863.500000 1308 36.166283 1308.000000 36.166283
864.500000 1341 36.619667 1341.000000 36.619667
865.500000 1288 35.888717 1288.000000 35.888717
866.500000 1250 35.355339 1250.000000 35.355339
867.500000 1362 36.905284 1362.000000 36.905284
868.500000 1409 37.536649 1409.000000 37.536649
869.500000 1293 35.958309 1293.000000 35.958309
870.500000 1261 35.510562 1261.000000 35.510562
871.500000 1301 36.069378 1301.000000 36.069378
872.500000 1322 36.359318 1322.000000 36.359318
873.500000 1272 35.665109 1272.000000 35.665109
874.500000 1299 36.041643 1299.000000 36.041643
875.500000 1231 35.085610 1231.000000 35.085610
876.500000 1263 35.538711 1263.000000 35.538711
877.500000 1208 34.756294 1208.000000 34.756294
878.500000 1243 35.256205 1243.000000 35.256205
879.500000 1223 34.971417 1223.000000 34.971417
880.500000 1248 35.327043 1248.000000 35.327043
881.500000 1158 34.029399 1158.000000 34.029399
882.500000 1217 34.885527 1217.000000 34.885527
883.500000 1251 35.369478 1251.000000 35.369478
884.500000 1225 35.000000 1225.000000 35.000000
885.500000 1197 34.597688 1197.000000 34.597688
886.500000 1148 33.882149 1148.000000 33.882149
887.500000 1183 34.394767 1183.000000 34.394767
888.500000 1217 34.885527 1217.000000 34.885527
889.500000 1229 35.057096 1229.000000 35.057096
890.500000 1187 34.452866 1187.000000 34.452866
891.500000 1213 34.828150 1213.000000 34.828150
892.500000 1192 34.525353 1192.000000 34.525353
893.500000 1150 33.911650 1150.000000 33.911650
894.500000 1177 34.307434 1177.000000 34.307434
895.500000 1121 33.481338 1121.000000 33.481338
896.500000 1102 33.196385 1102.000000 33.196385
897.500000 1018 31.906112 1018.000000 31.906112
898.500000 1061 32.572995 1061.000000 32.572995
899.500000 1117 33.421550 1117.000000 33.421550
900.500000 1169 34.190642 1169.000000 34.190642
901.500000 1083 32.908965 1083.000000 32.908965
902.500000 1118 33.436507 1118.000000 33.436507
903.500000 1118 33.436507 1118.000000 33.436507
904.500000 1106 33.256578 1106.000000 33.256578
905.500000 1115 33.391616 1115.000000 33.391616
906.500000 1056 32.496154 1056.000000 32.496154
907.500000 1066 32.649655 1066.000000 32.649655
908.500000 1126 33.555923 1126.000000 33.555923
909.500000 1062 32.588341 1062.000000 32.588341
910.500000 1037 32.202484 1037.000000 32.202484
911.500000 1078 32.832910 1078.000000 32.832910
912.500000 1040 32.249031 1040.000000 32.249031
913.500000 1121 33.481338 1121.000000 33.481338
914.500000 1027 32.046841 1027.000000 32.046841
915.500000 1061 32.572995 1061.000000 32.572995
916.500000 1047 32.357379 1047.000000 32.357379
917.500000 998 31.591138 998.000000 31.591138
918.500000 1015 31.859065 1015.000000 31.859065
919.500000 993 31.511903 993.000000 31.511903
920.500000 1007 31.733263 1007.000000 31.733263
921.500000 998 31.591138 998.000000 31.591138
922.500000 983 31.352831 983.000000 31.352831
923.500000 963 31.032241 963.000000 31.032241
924.500000 1002 31.654384 1002.000000 31.654384
925.500000 1026 32.031235 1026.000000 32.031235
926.500000 920 30.331502 920.000000 30.331502
927.500000 939 30.643107 939.000000 30.643107
928.500000 931 30.512293 931.000000 30.512293
929.500000 935 30.577770 935.000000 30.577770
930.500000 995 31.543621 995.000000 31.543621
931.500000 918 30.298515 918.000000 30.298515
932.500000 953 30.870698 953.000000 30.870698
933.500000 962 31.016125 962.000000 31.016125
934.500000 924 30.397368 924.000000 30.397368
935.500000 940 30.659419 940.000000 30.659419
936.500000 925 30.413813 925.000000 30.413813
937.500000 905 30.083218 905.000000 30.083218
938.500000 980 31.304952 980.000000 31.304952
939.500000 939 30.643107 939.000000 30.643107
940.500000 926 30.430248 926.000000 30.430248
941.500000 931 30.512293 931.000000 30.512293
942.500000 901 30.016662 901.000000 30.016662
943.500000 879 29.647934 879.000000 29.647934
944.500000 915 30.248967 915.000000 30.248967
945.500000 877 29.614186 877.000000 29.614186
946.500000 867 29.444864 867.000000 29.444864
947.500000 874 29.563491 874.000000 29.563491
948.500000 846 29.086079 846.000000 29.086079
949.500000 844 29.051678 844.000000 29.051678
950.500000 901 30.016662 901.000000 30.016662
951.500000 818 28.600699 818.000000 28.600699
952.500000 902 30.033315 902.000000 30.033315
953.500000 808 28.425341 808.000000 28.425341
954.500000 813 28.513155 813.000000 28.513155
955.500000 868 29.461840 868.000000 29.461840
956.500000 824 28.705400 824.000000 28.705400
957.500000 849 29.137605 849.000000 29.137605
958.500000 833 28.861739 833.000000 28.861739
959.500000 824 28.705400 824.000000 28.705400
960.500000 864 29.393877 864.000000 29.393877
961.500000 818 28.600699 818.000000 28.600699
962.500000 800 28.284271 800.000000 28.284271
963.500000 811 28.478062 811.000000 28.478062
964.500000 865 29.410882 865.000000 29.410882
965.500000 775 27.838822 775.000000 27.838822
966.500000 806 28.390139 806.000000 28.390139
967.500000 788 28.071338 788.000000 28.071338
968.500000 771 27.766887 771.000000 27.766887
969.500000 805 28.372522 805.000000 28.372522
970.500000 784 28.000000 784.000000 28.000000
971.500000 772 27.784888 772.000000 27.784888
972.500000 744 27.276363 744.000000 27.276363
973.500000 778 27.892651 778.000000 27.892651
974.500000 793 28.160256 793.000000 28.160256
975.500000 815 28.548205 815.000000 28.548205
976.500000 782 27.964263 782.000000 27.964263
977.500000 780 27.928480 780.000000 27.928480
978.500000 782 27.964263 782.000000 27.964263
979.500000 780 27.928480 780.000000 27.928480
980.500000 773 27.802878 773.000000 27.802878
981.500000 807 28.407745 807.000000 28.407745
982.500000 762 27.604347 762.000000 27.604347
983.500000 768 27.712813 768.000000 27.712813
984.500000 754 27.459060 754.000000 27.459060
985.500000 703 26.514147 703.000000 26.514147
986.500000 750 27.386128 750.000000 27.386128
987.500000 779 27.910571 779.000000 27.910571
988.500000 731 27.037012 731.000000 27.037012
989.500000 763 27.622455 763.000000 27.622455
990.500000 712 26.683328 712.000000 26.683328
991.500000 783 27.982137 783.000000 27.982137
992.500000 785 28.017851 785.000000 28.017851
993.500000 732 27.055499 732.000000 27.055499
994.500000 791 28.124722 791.000000 28.124722
995.500000 736 27.129320 736.000000 27.129320
996.500000 707 26.589472 707.000000 26.589472
997.500000 703 26.514147 703.000000 26.514147
998.500000 753 27.440845 753.000000 27.440845
999.500000 716 26.758176 716.000000 26.758176
1000.500000 719 26.814175 719.000000 26.814175
1001.500000 741 27.221315 741.000000 27.221315
1002.500000 753 27.440845 753.000000 27.440845
1003.500000 738 27.166155 738.000000 27.166155
1004.500000 754 27.459060 754.000000 27.459060
1005.500000 730 27.018512 730.000000 27.018512
1006.500000 742 27.239677 742.000000 27.239677
1007.500000 681 26.095977 681.000000 26.095977
1008.500000 728 26.981475 728.000000 26.981475
1009.500000 731 27.037012 731.000000 27.037012
1010.500000 744 27.276363 744.000000 27.276363
1011.500000 733 27.073973 733.000000 27.073973
1012.500000 730 27.018512 730.000000 27.018512
1013.500000 728 26.981475 728.000000 26.981475
1014.500000 726 26.944387 726.000000 26.944387
1015.500000 738 27.166155 738.000000 27.166155
1016.500000 723 26.888659 723.000000 26.888659
1017.500000 740 27.202941 740.000000 27.202941
1018.500000 726 26.944387 726.000000 26.944387
1019.500000 707 26.589472 707.000000 26.589472
1020.500000 707 26.589472 707.000000 26.589472
1021.500000 696 26.381812 696.000000 26.381812
1022.500000 788 28.071338 788.000000 28.071338
1023.500000 685 26.172505 685.000000 26.172505
