# name, dx, fmax, fmax_err, norm_value, norm_vale_err
# 500D_88Y 1 2839 53.28226721902888 1 0
# bin_center, freq, freq_err, norm_freq, norm_freq_err
0.500000 0 0.000000 0.000000 0.000000
1.500000 0 0.000000 0.000000 0.000000
2.500000 1 1.000000 1.000000 1.000000
3.500000 2 1.414214 2.000000 1.414214
4.500000 5 2.236068 5.000000 2.236068
5.500000 30 5.477226 30.000000 5.477226
6.500000 369 19.209373 369.000000 19.209373
7.500000 1210 34.785054 1210.000000 34.785054
8.500000 1584 39.799497 1584.000000 39.799497
9.500000 2296 47.916594 2296.000000 47.916594
10.500000 2307 48.031240 2307.000000 48.031240
11.500000 2303 47.989582 2303.000000 47.989582
12.500000 2255 47.486840 2255.000000 47.486840
13.500000 2249 47.423623 2249.000000 47.423623
14.500000 2270 47.644517 2270.000000 47.644517
15.500000 2326 48.228622 2326.000000 48.228622
16.500000 2236 47.286362 2236.000000 47.286362
17.500000 2227 47.191101 2227.000000 47.191101
18.500000 2269 47.634021 2269.000000 47.634021
19.500000 2282 47.770284 2282.000000 47.770284
20.500000 2220 47.116876 2220.000000 47.116876
21.500000 2259 47.528939 2259.000000 47.528939
22.500000 2192 46.818800 2192.000000 46.818800
23.500000 2168 46.561787 2168.000000 46.561787
24.500000 2145 46.314145 2145.000000 46.314145
25.500000 2174 46.626173 2174.000000 46.626173
26.500000 2206 46.968074 2206.000000 46.968074
27.500000 2202 46.925473 2202.000000 46.925473
28.500000 2195 46.850827 2195.000000 46.850827
29.500000 2170 46.583259 2170.000000 46.583259
30.500000 2139 46.249324 2139.000000 46.249324
31.500000 2198 46.882833 2198.000000 46.882833
32.500000 2242 47.349762 2242.000000 47.349762
33.500000 2211 47.021272 2211.000000 47.021272
34.500000 2142 46.281746 2142.000000 46.281746
35.500000 2235 47.275787 2235.000000 47.275787
36.500000 2183 46.722586 2183.000000 46.722586
37.500000 2101 45.836667 2101.000000 45.836667
38.500000 2182 46.711883 2182.000000 46.711883
39.500000 2083 45.639895 2083.000000 45.639895
40.500000 2222 47.138095 2222.000000 47.138095
41.500000 2197 46.872167 2197.000000 46.872167
42.500000 2206 46.968074 2206.000000 46.968074
43.500000 2150 46.368092 2150.000000 46.368092
44.500000 2115 45.989129 2115.000000 45.989129
45.500000 2155 46.421978 2155.000000 46.421978
46.500000 2154 46.411206 2154.000000 46.411206
47.500000 2208 46.989360 2208.000000 46.989360
48.500000 2063 45.420260 2063.000000 45.420260
49.500000 2164 46.518813 2164.000000 46.518813
50.500000 2193 46.829478 2193.000000 46.829478
51.500000 2143 46.292548 2143.000000 46.292548
52.500000 2201 46.914816 2201.000000 46.914816
53.500000 2275 47.696960 2275.000000 47.696960
54.500000 2226 47.180504 2226.000000 47.180504
55.500000 2169 46.572524 2169.000000 46.572524
56.500000 2244 47.370877 2244.000000 47.370877
57.500000 2326 48.228622 2326.000000 48.228622
58.500000 2251 47.444705 2251.000000 47.444705
59.500000 2246 47.391982 2246.000000 47.391982
60.500000 2281 47.759816 2281.000000 47.759816
61.500000 2128 46.130250 2128.000000 46.130250
62.500000 2232 47.244047 2232.000000 47.244047
63.500000 2195 46.850827 2195.000000 46.850827
64.500000 2236 47.286362 2236.000000 47.286362
65.500000 2183 46.722586 2183.000000 46.722586
66.500000 2215 47.063787 2215.000000 47.063787
67.500000 2257 47.507894 2257.000000 47.507894
68.500000 2291 47.864392 2291.000000 47.864392
69.500000 2284 47.791213 2284.000000 47.791213
70.500000 2333 48.301139 2333.000000 48.301139
71.500000 2341 48.383882 2341.000000 48.383882
72.500000 2336 48.332184 2336.000000 48.332184
73.500000 2265 47.592016 2265.000000 47.592016
74.500000 2171 46.593991 2171.000000 46.593991
75.500000 2375 48.733972 2375.000000 48.733972
76.500000 2271 47.655010 2271.000000 47.655010
77.500000 2251 47.444705 2251.000000 47.444705
78.500000 2379 48.774994 2379.000000 48.774994
79.500000 2425 49.244289 2425.000000 49.244289
80.500000 2394 48.928519 2394.000000 48.928519
81.500000 2371 48.692915 2371.000000 48.692915
82.500000 2413 49.122296 2413.000000 49.122296
83.500000 2333 48.301139 2333.000000 48.301139
84.500000 2512 50.119856 2512.000000 50.119856
85.500000 2385 48.836462 2385.000000 48.836462
86.500000 2471 49.709154 2471.000000 49.709154
87.500000 2413 49.122296 2413.000000 49.122296
88.500000 2475 49.749372 2475.000000 49.749372
89.500000 2413 49.122296 2413.000000 49.122296
90.500000 2491 49.909919 2491.000000 49.909919
91.500000 2509 50.089919 2509.000000 50.089919
92.500000 2514 50.139805 2514.000000 50.139805
93.500000 2409 49.081565 2409.000000 49.081565
94.500000 2455 49.547957 2455.000000 49.547957
95.500000 2496 49.959984 2496.000000 49.959984
96.500000 2561 50.606324 2561.000000 50.606324
97.500000 2521 50.209561 2521.000000 50.209561
98.500000 2529 50.289164 2529.000000 50.289164
99.500000 2493 49.929951 2493.000000 49.929951
100.500000 2486 49.859803 2486.000000 49.859803
101.500000 2605 51.039201 2605.000000 51.039201
102.500000 2590 50.892043 2590.000000 50.892043
103.500000 2697 51.932649 2697.000000 51.932649
104.500000 2644 51.419841 2644.000000 51.419841
105.500000 2637 51.351728 2637.000000 51.351728
106.500000 2633 51.312766 2633.000000 51.312766
107.500000 2607 51.058790 2607.000000 51.058790
108.500000 2733 52.278102 2733.000000 52.278102
109.500000 2695 51.913389 2695.000000 51.913389
110.500000 2839 53.282267 2839.000000 53.282267
111.500000 2670 51.672043 2670.000000 51.672043
112.500000 2796 52.877216 2796.000000 52.877216
113.500000 2702 51.980766 2702.000000 51.980766
114.500000 2595 50.941143 2595.000000 50.941143
115.500000 2760 52.535702 2760.000000 52.535702
116.500000 2670 51.672043 2670.000000 51.672043
117.500000 2611 51.097945 2611.000000 51.097945
118.500000 2686 51.826634 2686.000000 51.826634
119.500000 2636 51.341991 2636.000000 51.341991
120.500000 2671 51.681718 2671.000000 51.681718
121.500000 2644 51.419841 2644.000000 51.419841
122.500000 2720 52.153619 2720.000000 52.153619
123.500000 2675 51.720402 2675.000000 51.720402
124.500000 2744 52.383203 2744.000000 52.383203
125.500000 2707 52.028838 2707.000000 52.028838
126.500000 2632 51.303021 2632.000000 51.303021
127.500000 2627 51.254268 2627.000000 51.254268
128.500000 2593 50.921508 2593.000000 50.921508
129.500000 2600 50.990195 2600.000000 50.990195
130.500000 2593 50.921508 2593.000000 50.921508
131.500000 2472 49.719212 2472.000000 49.719212
132.500000 2543 50.428167 2543.000000 50.428167
133.500000 2503 50.029991 2503.000000 50.029991
134.500000 2532 50.318983 2532.000000 50.318983
135.500000 2549 50.487622 2549.000000 50.487622
136.500000 2622 51.205468 2622.000000 51.205468
137.500000 2519 50.189640 2519.000000 50.189640
138.500000 2479 49.789557 2479.000000 49.789557
139.500000 2421 49.203658 2421.000000 49.203658
140.500000 2466 49.658836 2466.000000 49.658836
141.500000 2500 50.000000 2500.000000 50.000000
142.500000 2437 49.365980 2437.000000 49.365980
143.500000 2440 49.396356 2440.000000 49.396356
144.500000 2389 48.877398 2389.000000 48.877398
145.500000 2298 47.937459 2298.000000 47.937459
146.500000 2390 48.887626 2390.000000 48.887626
147.500000 2387 48.856934 2387.000000 48.856934
148.500000 2353 48.507731 2353.000000 48.507731
149.500000 2334 48.311489 2334.000000 48.311489
150.500000 2095 45.771170 2095.000000 45.771170
151.500000 2321 48.176758 2321.000000 48.176758
152.500000 2315 48.114447 2315.000000 48.114447
153.500000 2359 48.569538 2359.000000 48.569538
154.500000 2251 47.444705 2251.000000 47.444705
155.500000 2273 47.675990 2273.000000 47.675990
156.500000 2201 46.914816 2201.000000 46.914816
157.500000 2178 46.669048 2178.000000 46.669048
158.500000 2120 46.043458 2120.000000 46.043458
159.500000 2180 46.690470 2180.000000 46.690470
160.500000 2062 45.409250 2062.000000 45.409250
161.500000 2102 45.847574 2102.000000 45.847574
162.500000 2179 46.679760 2179.000000 46.679760
163.500000 2128 46.130250 2128.000000 46.130250
164.500000 2207 46.978719 2207.000000 46.978719
165.500000 2007 44.799554 2007.000000 44.799554
166.500000 2151 46.378875 2151.000000 46.378875
167.500000 2147 46.335731 2147.000000 46.335731
168.500000 1999 44.710178 1999.000000 44.710178
169.500000 2080 45.607017 2080.000000 45.607017
170.500000 1980 44.497191 1980.000000 44.497191
171.500000 2116 46.000000 2116.000000 46.000000
172.500000 2125 46.097722 2125.000000 46.097722
173.500000 2069 45.486262 2069.000000 45.486262
174.500000 2015 44.888751 2015.000000 44.888751
175.500000 2015 44.888751 2015.000000 44.888751
176.500000 2060 45.387223 2060.000000 45.387223
177.500000 2016 44.899889 2016.000000 44.899889
178.500000 1951 44.170126 1951.000000 44.170126
179.500000 1989 44.598206 1989.000000 44.598206
180.500000 1901 43.600459 1901.000000 43.600459
181.500000 1933 43.965896 1933.000000 43.965896
182.500000 1941 44.056782 1941.000000 44.056782
183.500000 2004 44.766059 2004.000000 44.766059
184.500000 1930 43.931765 1930.000000 43.931765
185.500000 1952 44.181444 1952.000000 44.181444
186.500000 1914 43.749286 1914.000000 43.749286
187.500000 1875 43.301270 1875.000000 43.301270
188.500000 2040 45.166359 2040.000000 45.166359
189.500000 1933 43.965896 1933.000000 43.965896
190.500000 1895 43.531598 1895.000000 43.531598
191.500000 1929 43.920383 1929.000000 43.920383
192.500000 1905 43.646306 1905.000000 43.646306
193.500000 1972 44.407207 1972.000000 44.407207
194.500000 1842 42.918527 1842.000000 42.918527
195.500000 1866 43.197222 1866.000000 43.197222
196.500000 1850 43.011626 1850.000000 43.011626
197.500000 1837 42.860238 1837.000000 42.860238
198.500000 1754 41.880783 1754.000000 41.880783
199.500000 1821 42.673177 1821.000000 42.673177
200.500000 1893 43.508620 1893.000000 43.508620
201.500000 1805 42.485292 1805.000000 42.485292
202.500000 1935 43.988635 1935.000000 43.988635
203.500000 1815 42.602817 1815.000000 42.602817
204.500000 1846 42.965102 1846.000000 42.965102
205.500000 1837 42.860238 1837.000000 42.860238
206.500000 1785 42.249260 1785.000000 42.249260
207.500000 1800 42.426407 1800.000000 42.426407
208.500000 1864 43.174066 1864.000000 43.174066
209.500000 1798 42.402830 1798.000000 42.402830
210.500000 1828 42.755117 1828.000000 42.755117
211.500000 1770 42.071368 1770.000000 42.071368
212.500000 1851 43.023250 1851.000000 43.023250
213.500000 1772 42.095130 1772.000000 42.095130
214.500000 1671 40.877867 1671.000000 40.877867
215.500000 1755 41.892720 1755.000000 41.892720
216.500000 1791 42.320208 1791.000000 42.320208
217.500000 1749 41.821047 1749.000000 41.821047
218.500000 1781 42.201896 1781.000000 42.201896
219.500000 1688 41.085277 1688.000000 41.085277
220.500000 1664 40.792156 1664.000000 40.792156
221.500000 1656 40.693980 1656.000000 40.693980
222.500000 1766 42.023803 1766.000000 42.023803
223.500000 1756 41.904654 1756.000000 41.904654
224.500000 1835 42.836900 1835.000000 42.836900
225.500000 1671 40.877867 1671.000000 40.877867
226.500000 1839 42.883563 1839.000000 42.883563
227.500000 1713 41.388404 1713.000000 41.388404
228.500000 1709 41.340053 1709.000000 41.340053
229.500000 1722 41.496988 1722.000000 41.496988
230.500000 1705 41.291646 1705.000000 41.291646
231.500000 1609 40.112342 1609.000000 40.112342
232.500000 1639 40.484565 1639.000000 40.484565
233.500000 1713 41.388404 1713.000000 41.388404
234.500000 1674 40.914545 1674.000000 40.914545
235.500000 1637 40.459857 1637.000000 40.459857
236.500000 1701 41.243181 1701.000000 41.243181
237.500000 1666 40.816663 1666.000000 40.816663
238.500000 1660 40.743098 1660.000000 40.743098
239.500000 1703 41.267421 1703.000000 41.267421
240.500000 1666 40.816663 1666.000000 40.816663
241.500000 1612 40.149720 1612.000000 40.149720
242.500000 1727 41.557190 1727.000000 41.557190
243.500000 1726 41.545156 1726.000000 41.545156
244.500000 1663 40.779897 1663.000000 40.779897
245.500000 1692 41.133928 1692.000000 41.133928
246.500000 1676 40.938979 1676.000000 40.938979
247.500000 1581 39.761791 1581.000000 39.761791
248.500000 1646 40.570926 1646.000000 40.570926
249.500000 1642 40.521599 1642.000000 40.521599
250.500000 1637 40.459857 1637.000000 40.459857
251.500000 1613 40.162171 1613.000000 40.162171
252.500000 1673 40.902323 1673.000000 40.902323
253.500000 1687 41.073106 1687.000000 41.073106
254.500000 1713 41.388404 1713.000000 41.388404
255.500000 1617 40.211939 1617.000000 40.211939
256.500000 1684 41.036569 1684.000000 41.036569
257.500000 1695 41.170378 1695.000000 41.170378
258.500000 1613 40.162171 1613.000000 40.162171
259.500000 1743 41.749251 1743.000000 41.749251
260.500000 1638 40.472213 1638.000000 40.472213
261.500000 1676 40.938979 1676.000000 40.938979
262.500000 1662 40.767634 1662.000000 40.767634
263.500000 1639 40.484565 1639.000000 40.484565
264.500000 1650 40.620192 1650.000000 40.620192
265.500000 1655 40.681691 1655.000000 40.681691
266.500000 1700 41.231056 1700.000000 41.231056
267.500000 1610 40.124805 1610.000000 40.124805
268.500000 1608 40.099875 1608.000000 40.099875
269.500000 1719 41.460825 1719.000000 41.460825
270.500000 1658 40.718546 1658.000000 40.718546
271.500000 1616 40.199502 1616.000000 40.199502
272.500000 1646 40.570926 1646.000000 40.570926
273.500000 1633 40.410395 1633.000000 40.410395
274.500000 1650 40.620192 1650.000000 40.620192
275.500000 1595 39.937451 1595.000000 39.937451
276.500000 1572 39.648455 1572.000000 39.648455
277.500000 1654 40.669399 1654.000000 40.669399
278.500000 1584 39.799497 1584.000000 39.799497
279.500000 1632 40.398020 1632.000000 40.398020
280.500000 1657 40.706265 1657.000000 40.706265
281.500000 1633 40.410395 1633.000000 40.410395
282.500000 1656 40.693980 1656.000000 40.693980
283.500000 1634 40.422766 1634.000000 40.422766
284.500000 1653 40.657103 1653.000000 40.657103
285.500000 1610 40.124805 1610.000000 40.124805
286.500000 1634 40.422766 1634.000000 40.422766
287.500000 1612 40.149720 1612.000000 40.149720
288.500000 1592 39.899875 1592.000000 39.899875
289.500000 1682 41.012193 1682.000000 41.012193
290.500000 1635 40.435133 1635.000000 40.435133
291.500000 1602 40.024992 1602.000000 40.024992
292.500000 1671 40.877867 1671.000000 40.877867
293.500000 1601 40.012498 1601.000000 40.012498
294.500000 1608 40.099875 1608.000000 40.099875
295.500000 1637 40.459857 1637.000000 40.459857
296.500000 1544 39.293765 1544.000000 39.293765
297.500000 1640 40.496913 1640.000000 40.496913
298.500000 1582 39.774364 1582.000000 39.774364
299.500000 1538 39.217343 1538.000000 39.217343
300.500000 1528 39.089641 1528.000000 39.089641
301.500000 1533 39.153544 1533.000000 39.153544
302.500000 1545 39.306488 1545.000000 39.306488
303.500000 1512 38.884444 1512.000000 38.884444
304.500000 1650 40.620192 1650.000000 40.620192
305.500000 1643 40.533936 1643.000000 40.533936
306.500000 1579 39.736633 1579.000000 39.736633
307.500000 1517 38.948684 1517.000000 38.948684
308.500000 1618 40.224371 1618.000000 40.224371
309.500000 1665 40.804412 1665.000000 40.804412
310.500000 1644 40.546270 1644.000000 40.546270
311.500000 1560 39.496835 1560.000000 39.496835
312.500000 1612 40.149720 1612.000000 40.149720
313.500000 1594 39.924930 1594.000000 39.924930
314.500000 1555 39.433488 1555.000000 39.433488
315.500000 1530 39.115214 1530.000000 39.115214
316.500000 1545 39.306488 1545.000000 39.306488
317.500000 1612 40.149720 1612.000000 40.149720
318.500000 1601 40.012498 1601.000000 40.012498
319.500000 1585 39.812058 1585.000000 39.812058
320.500000 1692 41.133928 1692.000000 41.133928
321.500000 1527 39.076847 1527.000000 39.076847
322.500000 1611 40.137264 1611.000000 40.137264
323.500000 1527 39.076847 1527.000000 39.076847
324.500000 1597 39.962482 1597.000000 39.962482
325.500000 1605 40.062451 1605.000000 40.062451
326.500000 1681 41.000000 1681.000000 41.000000
327.500000 1542 39.268308 1542.000000 39.268308
328.500000 1603 40.037482 1603.000000 40.037482
329.500000 1589 39.862263 1589.000000 39.862263
330.500000 1658 40.718546 1658.000000 40.718546
331.500000 1585 39.812058 1585.000000 39.812058
332.500000 1632 40.398020 1632.000000 40.398020
333.500000 1616 40.199502 1616.000000 40.199502
334.500000 1643 40.533936 1643.000000 40.533936
335.500000 1514 38.910153 1514.000000 38.910153
336.500000 1498 38.704005 1498.000000 38.704005
337.500000 1681 41.000000 1681.000000 41.000000
338.500000 1578 39.724048 1578.000000 39.724048
339.500000 1588 39.849718 1588.000000 39.849718
340.500000 1600 40.000000 1600.000000 40.000000
341.500000 1655 40.681691 1655.000000 40.681691
342.500000 1586 39.824616 1586.000000 39.824616
343.500000 1523 39.025633 1523.000000 39.025633
344.500000 1587 39.837169 1587.000000 39.837169
345.500000 1620 40.249224 1620.000000 40.249224
346.500000 1581 39.761791 1581.000000 39.761791
347.500000 1530 39.115214 1530.000000 39.115214
348.500000 1573 39.661064 1573.000000 39.661064
349.500000 1533 39.153544 1533.000000 39.153544
350.500000 1482 38.496753 1482.000000 38.496753
351.500000 1498 38.704005 1498.000000 38.704005
352.500000 1541 39.255573 1541.000000 39.255573
353.500000 1620 40.249224 1620.000000 40.249224
354.500000 1632 40.398020 1632.000000 40.398020
355.500000 1568 39.597980 1568.000000 39.597980
356.500000 1586 39.824616 1586.000000 39.824616
357.500000 1561 39.509493 1561.000000 39.509493
358.500000 1498 38.704005 1498.000000 38.704005
359.500000 1402 37.443290 1402.000000 37.443290
360.500000 1449 38.065733 1449.000000 38.065733
361.500000 1597 39.962482 1597.000000 39.962482
362.500000 1471 38.353618 1471.000000 38.353618
363.500000 1525 39.051248 1525.000000 39.051248
364.500000 1524 39.038443 1524.000000 39.038443
365.500000 1492 38.626416 1492.000000 38.626416
366.500000 1543 39.281039 1543.000000 39.281039
367.500000 1521 39.000000 1521.000000 39.000000
368.500000 1526 39.064050 1526.000000 39.064050
369.500000 1514 38.910153 1514.000000 38.910153
370.500000 1505 38.794329 1505.000000 38.794329
371.500000 1411 37.563280 1411.000000 37.563280
372.500000 1488 38.574603 1488.000000 38.574603
373.500000 1428 37.788887 1428.000000 37.788887
374.500000 1467 38.301436 1467.000000 38.301436
375.500000 1410 37.549967 1410.000000 37.549967
376.500000 1449 38.065733 1449.000000 38.065733
377.500000 1445 38.013156 1445.000000 38.013156
378.500000 1341 36.619667 1341.000000 36.619667
379.500000 1381 37.161808 1381.000000 37.161808
380.500000 1341 36.619667 1341.000000 36.619667
381.500000 1355 36.810325 1355.000000 36.810325
382.500000 1364 36.932371 1364.000000 36.932371
383.500000 1460 38.209946 1460.000000 38.209946
384.500000 1359 36.864617 1359.000000 36.864617
385.500000 1367 36.972963 1367.000000 36.972963
386.500000 1371 37.027017 1371.000000 37.027017
387.500000 1340 36.606010 1340.000000 36.606010
388.500000 1323 36.373067 1323.000000 36.373067
389.500000 1269 35.623026 1269.000000 35.623026
390.500000 1349 36.728735 1349.000000 36.728735
391.500000 1273 35.679126 1273.000000 35.679126
392.500000 1263 35.538711 1263.000000 35.538711
393.500000 1333 36.510273 1333.000000 36.510273
394.500000 1290 35.916570 1290.000000 35.916570
395.500000 1276 35.721142 1276.000000 35.721142
396.500000 1208 34.756294 1208.000000 34.756294
397.500000 1268 35.608988 1268.000000 35.608988
398.500000 1240 35.213634 1240.000000 35.213634
399.500000 1283 35.818989 1283.000000 35.818989
400.500000 1215 34.856850 1215.000000 34.856850
401.500000 1193 34.539832 1193.000000 34.539832
402.500000 1313 36.235342 1313.000000 36.235342
403.500000 1200 34.641016 1200.000000 34.641016
404.500000 1161 34.073450 1161.000000 34.073450
405.500000 1221 34.942810 1221.000000 34.942810
406.500000 1219 34.914181 1219.000000 34.914181
407.500000 1256 35.440090 1256.000000 35.440090
408.500000 1133 33.660065 1133.000000 33.660065
409.500000 1181 34.365681 1181.000000 34.365681
410.500000 1122 33.496268 1122.000000 33.496268
411.500000 1151 33.926391 1151.000000 33.926391
412.500000 1144 33.823069 1144.000000 33.823069
413.500000 1165 34.132096 1165.000000 34.132096
414.500000 1167 34.161382 1167.000000 34.161382
415.500000 1123 33.511192 1123.000000 33.511192
416.500000 1162 34.088121 1162.000000 34.088121
417.500000 1163 34.102786 1163.000000 34.102786
418.500000 1143 33.808283 1143.000000 33.808283
419.500000 1100 33.166248 1100.000000 33.166248
420.500000 1196 34.583233 1196.000000 34.583233
421.500000 1188 34.467376 1188.000000 34.467376
422.500000 1153 33.955854 1153.000000 33.955854
423.500000 1149 33.896903 1149.000000 33.896903
424.500000 1143 33.808283 1143.000000 33.808283
425.500000 1112 33.346664 1112.000000 33.346664
426.500000 1121 33.481338 1121.000000 33.481338
427.500000 1186 34.438351 1186.000000 34.438351
428.500000 1131 33.630343 1131.000000 33.630343
429.500000 1154 33.970576 1154.000000 33.970576
430.500000 1164 34.117444 1164.000000 34.117444
431.500000 1200 34.641016 1200.000000 34.641016
432.500000 1209 34.770677 1209.000000 34.770677
433.500000 1116 33.406586 1116.000000 33.406586
434.500000 1157 34.014703 1157.000000 34.014703
435.500000 1177 34.307434 1177.000000 34.307434
436.500000 1217 34.885527 1217.000000 34.885527
437.500000 1214 34.842503 1214.000000 34.842503
438.500000 1202 34.669872 1202.000000 34.669872
439.500000 1207 34.741906 1207.000000 34.741906
440.500000 1200 34.641016 1200.000000 34.641016
441.500000 1243 35.256205 1243.000000 35.256205
442.500000 1233 35.114100 1233.000000 35.114100
443.500000 1217 34.885527 1217.000000 34.885527
444.500000 1219 34.914181 1219.000000 34.914181
445.500000 1184 34.409301 1184.000000 34.409301
446.500000 1241 35.227830 1241.000000 35.227830
447.500000 1240 35.213634 1240.000000 35.213634
448.500000 1210 34.785054 1210.000000 34.785054
449.500000 1232 35.099858 1232.000000 35.099858
450.500000 1289 35.902646 1289.000000 35.902646
451.500000 1201 34.655447 1201.000000 34.655447
452.500000 1356 36.823905 1356.000000 36.823905
453.500000 1339 36.592349 1339.000000 36.592349
454.500000 1402 37.443290 1402.000000 37.443290
455.500000 1322 36.359318 1322.000000 36.359318
456.500000 1299 36.041643 1299.000000 36.041643
457.500000 1374 37.067506 1374.000000 37.067506
458.500000 1382 37.175261 1382.000000 37.175261
459.500000 1359 36.864617 1359.000000 36.864617
460.500000 1380 37.148351 1380.000000 37.148351
461.500000 1356 36.823905 1356.000000 36.823905
462.500000 1444 38.000000 1444.000000 38.000000
463.500000 1381 37.161808 1381.000000 37.161808
464.500000 1364 36.932371 1364.000000 36.932371
465.500000 1531 39.127995 1531.000000 39.127995
466.500000 1432 37.841776 1432.000000 37.841776
467.500000 1502 38.755645 1502.000000 38.755645
468.500000 1443 37.986840 1443.000000 37.986840
469.500000 1470 38.340579 1470.000000 38.340579
470.500000 1439 37.934153 1439.000000 37.934153
471.500000 1527 39.076847 1527.000000 39.076847
472.500000 1439 37.934153 1439.000000 37.934153
473.500000 1537 39.204592 1537.000000 39.204592
474.500000 1520 38.987177 1520.000000 38.987177
475.500000 1520 38.987177 1520.000000 38.987177
476.500000 1529 39.102430 1529.000000 39.102430
477.500000 1538 39.217343 1538.000000 39.217343
478.500000 1575 39.686270 1575.000000 39.686270
479.500000 1553 39.408121 1553.000000 39.408121
480.500000 1533 39.153544 1533.000000 39.153544
481.500000 1543 39.281039 1543.000000 39.281039
482.500000 1509 38.845849 1509.000000 38.845849
483.500000 1554 39.420807 1554.000000 39.420807
484.500000 1552 39.395431 1552.000000 39.395431
485.500000 1520 38.987177 1520.000000 38.987177
486.500000 1564 39.547440 1564.000000 39.547440
487.500000 1587 39.837169 1587.000000 39.837169
488.500000 1665 40.804412 1665.000000 40.804412
489.500000 1579 39.736633 1579.000000 39.736633
490.500000 1493 38.639358 1493.000000 38.639358
491.500000 1436 37.894591 1436.000000 37.894591
492.500000 1663 40.779897 1663.000000 40.779897
493.500000 1542 39.268308 1542.000000 39.268308
494.500000 1542 39.268308 1542.000000 39.268308
495.500000 1537 39.204592 1537.000000 39.204592
496.500000 1534 39.166312 1534.000000 39.166312
497.500000 1579 39.736633 1579.000000 39.736633
498.500000 1553 39.408121 1553.000000 39.408121
499.500000 1531 39.127995 1531.000000 39.127995
500.500000 1536 39.191836 1536.000000 39.191836
501.500000 1488 38.574603 1488.000000 38.574603
502.500000 1429 37.802116 1429.000000 37.802116
503.500000 1497 38.691084 1497.000000 38.691084
504.500000 1441 37.960506 1441.000000 37.960506
505.500000 1474 38.392708 1474.000000 38.392708
506.500000 1407 37.509999 1407.000000 37.509999
507.500000 1510 38.858718 1510.000000 38.858718
508.500000 1451 38.091994 1451.000000 38.091994
509.500000 1447 38.039453 1447.000000 38.039453
510.500000 1457 38.170669 1457.000000 38.170669
511.500000 1399 37.403208 1399.000000 37.403208
512.500000 1407 37.509999 1407.000000 37.509999
513.500000 1322 36.359318 1322.000000 36.359318
514.500000 1338 36.578682 1338.000000 36.578682
515.500000 1345 36.674242 1345.000000 36.674242
516.500000 1291 35.930488 1291.000000 35.930488
517.500000 1352 36.769553 1352.000000 36.769553
518.500000 1307 36.152455 1307.000000 36.152455
519.500000 1275 35.707142 1275.000000 35.707142
520.500000 1389 37.269290 1389.000000 37.269290
521.500000 1259 35.482390 1259.000000 35.482390
522.500000 1253 35.397740 1253.000000 35.397740
523.500000 1219 34.914181 1219.000000 34.914181
524.500000 1192 34.525353 1192.000000 34.525353
525.500000 1282 35.805028 1282.000000 35.805028
526.500000 1231 35.085610 1231.000000 35.085610
527.500000 1188 34.467376 1188.000000 34.467376
528.500000 1318 36.304270 1318.000000 36.304270
529.500000 1183 34.394767 1183.000000 34.394767
530.500000 1227 35.028560 1227.000000 35.028560
531.500000 1198 34.612137 1198.000000 34.612137
532.500000 1156 34.000000 1156.000000 34.000000
533.500000 1212 34.813790 1212.000000 34.813790
534.500000 1158 34.029399 1158.000000 34.029399
535.500000 1149 33.896903 1149.000000 33.896903
536.500000 1130 33.615473 1130.000000 33.615473
537.500000 1146 33.852622 1146.000000 33.852622
538.500000 1062 32.588341 1062.000000 32.588341
539.500000 1147 33.867388 1147.000000 33.867388
540.500000 1118 33.436507 1118.000000 33.436507
541.500000 1133 33.660065 1133.000000 33.660065
542.500000 1041 32.264532 1041.000000 32.264532
543.500000 1017 31.890437 1017.000000 31.890437
544.500000 1101 33.181320 1101.000000 33.181320
545.500000 1026 32.031235 1026.000000 32.031235
546.500000 1034 32.155870 1034.000000 32.155870
547.500000 1003 31.670175 1003.000000 31.670175
548.500000 1054 32.465366 1054.000000 32.465366
549.500000 1029 32.078030 1029.000000 32.078030
550.500000 1022 31.968735 1022.000000 31.968735
551.500000 991 31.480152 991.000000 31.480152
552.500000 1029 32.078030 1029.000000 32.078030
553.500000 975 31.224990 975.000000 31.224990
554.500000 948 30.789609 948.000000 30.789609
555.500000 1090 33.015148 1090.000000 33.015148
556.500000 1005 31.701735 1005.000000 31.701735
557.500000 1001 31.638584 1001.000000 31.638584
558.500000 982 31.336879 982.000000 31.336879
559.500000 936 30.594117 936.000000 30.594117
560.500000 958 30.951575 958.000000 30.951575
561.500000 970 31.144823 970.000000 31.144823
562.500000 891 29.849623 891.000000 29.849623
563.500000 904 30.066593 904.000000 30.066593
564.500000 845 29.068884 845.000000 29.068884
565.500000 902 30.033315 902.000000 30.033315
566.500000 903 30.049958 903.000000 30.049958
567.500000 908 30.133038 908.000000 30.133038
568.500000 903 30.049958 903.000000 30.049958
569.500000 878 29.631065 878.000000 29.631065
570.500000 839 28.965497 839.000000 28.965497
571.500000 841 29.000000 841.000000 29.000000
572.500000 868 29.461840 868.000000 29.461840
573.500000 878 29.631065 878.000000 29.631065
574.500000 863 29.376862 863.000000 29.376862
575.500000 854 29.223278 854.000000 29.223278
576.500000 829 28.792360 829.000000 28.792360
577.500000 843 29.034462 843.000000 29.034462
578.500000 802 28.319605 802.000000 28.319605
579.500000 851 29.171904 851.000000 29.171904
580.500000 857 29.274562 857.000000 29.274562
581.500000 825 28.722813 825.000000 28.722813
582.500000 806 28.390139 806.000000 28.390139
583.500000 745 27.294688 745.000000 27.294688
584.500000 874 29.563491 874.000000 29.563491
585.500000 823 28.687977 823.000000 28.687977
586.500000 814 28.530685 814.000000 28.530685
587.500000 806 28.390139 806.000000 28.390139
588.500000 789 28.089144 789.000000 28.089144
589.500000 706 26.570661 706.000000 26.570661
590.500000 792 28.142495 792.000000 28.142495
591.500000 787 28.053520 787.000000 28.053520
592.500000 760 27.568098 760.000000 27.568098
593.500000 772 27.784888 772.000000 27.784888
594.500000 802 28.319605 802.000000 28.319605
595.500000 770 27.748874 770.000000 27.748874
596.500000 746 27.313001 746.000000 27.313001
597.500000 741 27.221315 741.000000 27.221315
598.500000 756 27.495454 756.000000 27.495454
599.500000 744 27.276363 744.000000 27.276363
600.500000 724 26.907248 724.000000 26.907248
601.500000 744 27.276363 744.000000 27.276363
602.500000 745 27.294688 745.000000 27.294688
603.500000 719 26.814175 719.000000 26.814175
604.500000 728 26.981475 728.000000 26.981475
605.500000 725 26.925824 725.000000 26.925824
606.500000 730 27.018512 730.000000 27.018512
607.500000 725 26.925824 725.000000 26.925824
608.500000 693 26.324893 693.000000 26.324893
609.500000 721 26.851443 721.000000 26.851443
610.500000 724 26.907248 724.000000 26.907248
611.500000 647 25.436195 647.000000 25.436195
612.500000 671 25.903668 671.000000 25.903668
613.500000 724 26.907248 724.000000 26.907248
614.500000 677 26.019224 677.000000 26.019224
615.500000 686 26.191602 686.000000 26.191602
616.500000 703 26.514147 703.000000 26.514147
617.500000 688 26.229754 688.000000 26.229754
618.500000 689 26.248809 689.000000 26.248809
619.500000 689 26.248809 689.000000 26.248809
620.500000 608 24.657656 608.000000 24.657656
621.500000 698 26.419690 698.000000 26.419690
622.500000 658 25.651511 658.000000 25.651511
623.500000 659 25.670995 659.000000 25.670995
624.500000 646 25.416530 646.000000 25.416530
625.500000 661 25.709920 661.000000 25.709920
626.500000 674 25.961510 674.000000 25.961510
627.500000 649 25.475478 649.000000 25.475478
628.500000 595 24.392622 595.000000 24.392622
629.500000 654 25.573424 654.000000 25.573424
630.500000 628 25.059928 628.000000 25.059928
631.500000 690 26.267851 690.000000 26.267851
632.500000 642 25.337719 642.000000 25.337719
633.500000 620 24.899799 620.000000 24.899799
634.500000 596 24.413111 596.000000 24.413111
635.500000 622 24.939928 622.000000 24.939928
636.500000 655 25.592968 655.000000 25.592968
637.500000 633 25.159491 633.000000 25.159491
638.500000 616 24.819347 616.000000 24.819347
639.500000 635 25.199206 635.000000 25.199206
640.500000 622 24.939928 622.000000 24.939928
641.500000 620 24.899799 620.000000 24.899799
642.500000 649 25.475478 649.000000 25.475478
643.500000 606 24.617067 606.000000 24.617067
644.500000 596 24.413111 596.000000 24.413111
645.500000 636 25.219040 636.000000 25.219040
646.500000 634 25.179357 634.000000 25.179357
647.500000 579 24.062419 579.000000 24.062419
648.500000 605 24.596748 605.000000 24.596748
649.500000 624 24.979992 624.000000 24.979992
650.500000 583 24.145393 583.000000 24.145393
651.500000 615 24.799194 615.000000 24.799194
652.500000 626 25.019992 626.000000 25.019992
653.500000 606 24.617067 606.000000 24.617067
654.500000 604 24.576411 604.000000 24.576411
655.500000 584 24.166092 584.000000 24.166092
656.500000 584 24.166092 584.000000 24.166092
657.500000 648 25.455844 648.000000 25.455844
658.500000 606 24.617067 606.000000 24.617067
659.500000 583 24.145393 583.000000 24.145393
660.500000 609 24.677925 609.000000 24.677925
661.500000 600 24.494897 600.000000 24.494897
662.500000 576 24.000000 576.000000 24.000000
663.500000 648 25.455844 648.000000 25.455844
664.500000 576 24.000000 576.000000 24.000000
665.500000 605 24.596748 605.000000 24.596748
666.500000 585 24.186773 585.000000 24.186773
667.500000 608 24.657656 608.000000 24.657656
668.500000 650 25.495098 650.000000 25.495098
669.500000 667 25.826343 667.000000 25.826343
670.500000 599 24.474477 599.000000 24.474477
671.500000 636 25.219040 636.000000 25.219040
672.500000 618 24.859606 618.000000 24.859606
673.500000 566 23.790755 566.000000 23.790755
674.500000 635 25.199206 635.000000 25.199206
675.500000 569 23.853721 569.000000 23.853721
676.500000 600 24.494897 600.000000 24.494897
677.500000 621 24.919872 621.000000 24.919872
678.500000 586 24.207437 586.000000 24.207437
679.500000 595 24.392622 595.000000 24.392622
680.500000 592 24.331050 592.000000 24.331050
681.500000 633 25.159491 633.000000 25.159491
682.500000 570 23.874673 570.000000 23.874673
683.500000 562 23.706539 562.000000 23.706539
684.500000 593 24.351591 593.000000 24.351591
685.500000 623 24.959968 623.000000 24.959968
686.500000 619 24.879711 619.000000 24.879711
687.500000 591 24.310492 591.000000 24.310492
688.500000 610 24.698178 610.000000 24.698178
689.500000 618 24.859606 618.000000 24.859606
690.500000 577 24.020824 577.000000 24.020824
691.500000 600 24.494897 600.000000 24.494897
692.500000 585 24.186773 585.000000 24.186773
693.500000 611 24.718414 611.000000 24.718414
694.500000 626 25.019992 626.000000 25.019992
695.500000 604 24.576411 604.000000 24.576411
696.500000 634 25.179357 634.000000 25.179357
697.500000 616 24.819347 616.000000 24.819347
698.500000 638 25.258662 638.000000 25.258662
699.500000 592 24.331050 592.000000 24.331050
700.500000 594 24.372115 594.000000 24.372115
701.500000 591 24.310492 591.000000 24.310492
702.500000 580 24.083189 580.000000 24.083189
703.500000 591 24.310492 591.000000 24.310492
704.500000 617 24.839485 617.000000 24.839485
705.500000 603 24.556058 603.000000 24.556058
706.500000 585 24.186773 585.000000 24.186773
707.500000 625 25.000000 625.000000 25.000000
708.500000 601 24.515301 601.000000 24.515301
709.500000 634 25.179357 634.000000 25.179357
710.500000 617 24.839485 617.000000 24.839485
711.500000 657 25.632011 657.000000 25.632011
712.500000 628 25.059928 628.000000 25.059928
713.500000 605 24.596748 605.000000 24.596748
714.500000 616 24.819347 616.000000 24.819347
715.500000 588 24.248711 588.000000 24.248711
716.500000 577 24.020824 577.000000 24.020824
717.500000 599 24.474477 599.000000 24.474477
718.500000 637 25.238859 637.000000 25.238859
719.500000 627 25.039968 627.000000 25.039968
720.500000 586 24.207437 586.000000 24.207437
721.500000 620 24.899799 620.000000 24.899799
722.500000 604 24.576411 604.000000 24.576411
723.500000 591 24.310492 591.000000 24.310492
724.500000 649 25.475478 649.000000 25.475478
725.500000 620 24.899799 620.000000 24.899799
726.500000 640 25.298221 640.000000 25.298221
727.500000 658 25.651511 658.000000 25.651511
728.500000 590 24.289916 590.000000 24.289916
729.500000 596 24.413111 596.000000 24.413111
730.500000 602 24.535688 602.000000 24.535688
731.500000 590 24.289916 590.000000 24.289916
732.500000 605 24.596748 605.000000 24.596748
733.500000 624 24.979992 624.000000 24.979992
734.500000 594 24.372115 594.000000 24.372115
735.500000 613 24.758837 613.000000 24.758837
736.500000 621 24.919872 621.000000 24.919872
737.500000 573 23.937418 573.000000 23.937418
738.500000 625 25.000000 625.000000 25.000000
739.500000 596 24.413111 596.000000 24.413111
740.500000 631 25.119713 631.000000 25.119713
741.500000 642 25.337719 642.000000 25.337719
742.500000 606 24.617067 606.000000 24.617067
743.500000 609 24.677925 609.000000 24.677925
744.500000 626 25.019992 626.000000 25.019992
745.500000 583 24.145393 583.000000 24.145393
746.500000 613 24.758837 613.000000 24.758837
747.500000 657 25.632011 657.000000 25.632011
748.500000 609 24.677925 609.000000 24.677925
749.500000 573 23.937418 573.000000 23.937418
750.500000 555 23.558438 555.000000 23.558438
751.500000 625 25.000000 625.000000 25.000000
752.500000 572 23.916521 572.000000 23.916521
753.500000 666 25.806976 666.000000 25.806976
754.500000 642 25.337719 642.000000 25.337719
755.500000 606 24.617067 606.000000 24.617067
756.500000 638 25.258662 638.000000 25.258662
757.500000 589 24.269322 589.000000 24.269322
758.500000 626 25.019992 626.000000 25.019992
759.500000 635 25.199206 635.000000 25.199206
760.500000 619 24.879711 619.000000 24.879711
761.500000 581 24.103942 581.000000 24.103942
762.500000 614 24.779023 614.000000 24.779023
763.500000 622 24.939928 622.000000 24.939928
764.500000 591 24.310492 591.000000 24.310492
765.500000 629 25.079872 629.000000 25.079872
766.500000 623 24.959968 623.000000 24.959968
767.500000 597 24.433583 597.000000 24.433583
768.500000 611 24.718414 611.000000 24.718414
769.500000 571 23.895606 571.000000 23.895606
770.500000 629 25.079872 629.000000 25.079872
771.500000 601 24.515301 601.000000 24.515301
772.500000 617 24.839485 617.000000 24.839485
773.500000 631 25.119713 631.000000 25.119713
774.500000 599 24.474477 599.000000 24.474477
775.500000 581 24.103942 581.000000 24.103942
776.500000 679 26.057628 679.000000 26.057628
777.500000 625 25.000000 625.000000 25.000000
778.500000 636 25.219040 636.000000 25.219040
779.500000 613 24.758837 613.000000 24.758837
780.500000 572 23.916521 572.000000 23.916521
781.500000 602 24.535688 602.000000 24.535688
782.500000 599 24.474477 599.000000 24.474477
783.500000 585 24.186773 585.000000 24.186773
784.500000 604 24.576411 604.000000 24.576411
785.500000 578 24.041631 578.000000 24.041631
786.500000 577 24.020824 577.000000 24.020824
787.500000 583 24.145393 583.000000 24.145393
788.500000 637 25.238859 637.000000 25.238859
789.500000 614 24.779023 614.000000 24.779023
790.500000 604 24.576411 604.000000 24.576411
791.500000 594 24.372115 594.000000 24.372115
792.500000 630 25.099801 630.000000 25.099801
793.500000 555 23.558438 555.000000 23.558438
794.500000 612 24.738634 612.000000 24.738634
795.500000 626 25.019992 626.000000 25.019992
796.500000 609 24.677925 609.000000 24.677925
797.500000 583 24.145393 583.000000 24.145393
798.500000 612 24.738634 612.000000 24.738634
799.500000 623 24.959968 623.000000 24.959968
800.500000 603 24.556058 603.000000 24.556058
801.500000 567 23.811762 567.000000 23.811762
802.500000 610 24.698178 610.000000 24.698178
803.500000 598 24.454039 598.000000 24.454039
804.500000 592 24.331050 592.000000 24.331050
805.500000 622 24.939928 622.000000 24.939928
806.500000 607 24.637370 607.000000 24.637370
807.500000 581 24.103942 581.000000 24.103942
808.500000 610 24.698178 610.000000 24.698178
809.500000 563 23.727621 563.000000 23.727621
810.500000 616 24.819347 616.000000 24.819347
811.500000 579 24.062419 579.000000 24.062419
812.500000 559 23.643181 559.000000 23.643181
813.500000 583 24.145393 583.000000 24.145393
814.500000 537 23.173260 537.000000 23.173260
815.500000 563 23.727621 563.000000 23.727621
816.500000 553 23.515952 553.000000 23.515952
817.500000 619 24.879711 619.000000 24.879711
818.500000 609 24.677925 609.000000 24.677925
819.500000 580 24.083189 580.000000 24.083189
820.500000 561 23.685439 561.000000 23.685439
821.500000 580 24.083189 580.000000 24.083189
822.500000 575 23.979158 575.000000 23.979158
823.500000 568 23.832751 568.000000 23.832751
824.500000 549 23.430749 549.000000 23.430749
825.500000 581 24.103942 581.000000 24.103942
826.500000 527 22.956481 527.000000 22.956481
827.500000 584 24.166092 584.000000 24.166092
828.500000 575 23.979158 575.000000 23.979158
829.500000 588 24.248711 588.000000 24.248711
830.500000 551 23.473389 551.000000 23.473389
831.500000 549 23.430749 549.000000 23.430749
832.500000 571 23.895606 571.000000 23.895606
833.500000 552 23.494680 552.000000 23.494680
834.500000 498 22.315914 498.000000 22.315914
835.500000 513 22.649503 513.000000 22.649503
836.500000 575 23.979158 575.000000 23.979158
837.500000 528 22.978251 528.000000 22.978251
838.500000 536 23.151674 536.000000 23.151674
839.500000 497 22.293497 497.000000 22.293497
840.500000 492 22.181073 492.000000 22.181073
841.500000 493 22.203603 493.000000 22.203603
842.500000 551 23.473389 551.000000 23.473389
843.500000 535 23.130067 535.000000 23.130067
844.500000 510 22.583180 510.000000 22.583180
845.500000 527 22.956481 527.000000 22.956481
846.500000 494 22.226111 494.000000 22.226111
847.500000 554 23.537205 554.000000 23.537205
848.500000 514 22.671568 514.000000 22.671568
849.500000 475 21.794495 475.000000 21.794495
850.500000 477 21.840330 477.000000 21.840330
851.500000 500 22.360680 500.000000 22.360680
852.500000 453 21.283797 453.000000 21.283797
853.500000 452 21.260292 452.000000 21.260292
854.500000 460 21.447611 460.000000 21.447611
855.500000 526 22.934690 526.000000 22.934690
856.500000 485 22.022716 485.000000 22.022716
857.500000 441 21.000000 441.000000 21.000000
858.500000 497 22.293497 497.000000 22.293497
859.500000 463 21.517435 463.000000 21.517435
860.500000 477 21.840330 477.000000 21.840330
861.500000 488 22.090722 488.000000 22.090722
862.500000 457 21.377558 457.000000 21.377558
863.500000 468 21.633308 468.000000 21.633308
864.500000 495 22.248595 495.000000 22.248595
865.500000 435 20.856654 435.000000 20.856654
866.500000 468 21.633308 468.000000 21.633308
867.500000 440 20.976177 440.000000 20.976177
868.500000 463 21.517435 463.000000 21.517435
869.500000 466 21.587033 466.000000 21.587033
870.500000 474 21.771541 474.000000 21.771541
871.500000 439 20.952327 439.000000 20.952327
872.500000 449 21.189620 449.000000 21.189620
873.500000 447 21.142375 447.000000 21.142375
874.500000 436 20.880613 436.000000 20.880613
875.500000 469 21.656408 469.000000 21.656408
876.500000 471 21.702534 471.000000 21.702534
877.500000 497 22.293497 497.000000 22.293497
878.500000 442 21.023796 442.000000 21.023796
879.500000 431 20.760539 431.000000 20.760539
880.500000 438 20.928450 438.000000 20.928450
881.500000 418 20.445048 418.000000 20.445048
882.500000 421 20.518285 421.000000 20.518285
883.500000 417 20.420578 417.000000 20.420578
884.500000 445 21.095023 445.000000 21.095023
885.500000 426 20.639767 426.000000 20.639767
886.500000 470 21.679483 470.000000 21.679483
887.500000 420 20.493902 420.000000 20.493902
888.500000 460 21.447611 460.000000 21.447611
889.500000 442 21.023796 442.000000 21.023796
890.500000 438 20.928450 438.000000 20.928450
891.500000 463 21.517435 463.000000 21.517435
892.500000 423 20.566964 423.000000 20.566964
893.500000 402 20.049938 402.000000 20.049938
894.500000 421 20.518285 421.000000 20.518285
895.500000 480 21.908902 480.000000 21.908902
896.500000 453 21.283797 453.000000 21.283797
897.500000 450 21.213203 450.000000 21.213203
898.500000 448 21.166010 448.000000 21.166010
899.500000 432 20.784610 432.000000 20.784610
900.500000 426 20.639767 426.000000 20.639767
901.500000 404 20.099751 404.000000 20.099751
902.500000 423 20.566964 423.000000 20.566964
903.500000 464 21.540659 464.000000 21.540659
904.500000 393 19.824228 393.000000 19.824228
905.500000 411 20.273135 411.000000 20.273135
906.500000 446 21.118712 446.000000 21.118712
907.500000 452 21.260292 452.000000 21.260292
908.500000 442 21.023796 442.000000 21.023796
909.500000 422 20.542639 422.000000 20.542639
910.500000 455 21.330729 455.000000 21.330729
911.500000 434 20.832667 434.000000 20.832667
912.500000 432 20.784610 432.000000 20.784610
913.500000 384 19.595918 384.000000 19.595918
914.500000 416 20.396078 416.000000 20.396078
915.500000 392 19.798990 392.000000 19.798990
916.500000 406 20.149442 406.000000 20.149442
917.500000 424 20.591260 424.000000 20.591260
918.500000 445 21.095023 445.000000 21.095023
919.500000 446 21.118712 446.000000 21.118712
920.500000 429 20.712315 429.000000 20.712315
921.500000 426 20.639767 426.000000 20.639767
922.500000 455 21.330729 455.000000 21.330729
923.500000 418 20.445048 418.000000 20.445048
924.500000 447 21.142375 447.000000 21.142375
925.500000 423 20.566964 423.000000 20.566964
926.500000 431 20.760539 431.000000 20.760539
927.500000 438 20.928450 438.000000 20.928450
928.500000 411 20.273135 411.000000 20.273135
929.500000 429 20.712315 429.000000 20.712315
930.500000 419 20.469489 419.000000 20.469489
931.500000 434 20.832667 434.000000 20.832667
932.500000 411 20.273135 411.000000 20.273135
933.500000 402 20.049938 402.000000 20.049938
934.500000 381 19.519221 381.000000 19.519221
935.500000 429 20.712315 429.000000 20.712315
936.500000 410 20.248457 410.000000 20.248457
937.500000 444 21.071308 444.000000 21.071308
938.500000 405 20.124612 405.000000 20.124612
939.500000 407 20.174241 407.000000 20.174241
940.500000 442 21.023796 442.000000 21.023796
941.500000 423 20.566964 423.000000 20.566964
942.500000 431 20.760539 431.000000 20.760539
943.500000 406 20.149442 406.000000 20.149442
944.500000 408 20.199010 408.000000 20.199010
945.500000 376 19.390719 376.000000 19.390719
946.500000 386 19.646883 386.000000 19.646883
947.500000 396 19.899749 396.000000 19.899749
948.500000 378 19.442222 378.000000 19.442222
949.500000 394 19.849433 394.000000 19.849433
950.500000 392 19.798990 392.000000 19.798990
951.500000 414 20.346990 414.000000 20.346990
952.500000 384 19.595918 384.000000 19.595918
953.500000 375 19.364917 375.000000 19.364917
954.500000 376 19.390719 376.000000 19.390719
955.500000 370 19.235384 370.000000 19.235384
956.500000 341 18.466185 341.000000 18.466185
957.500000 340 18.439089 340.000000 18.439089
958.500000 409 20.223748 409.000000 20.223748
959.500000 375 19.364917 375.000000 19.364917
960.500000 333 18.248288 333.000000 18.248288
961.500000 368 19.183326 368.000000 19.183326
962.500000 354 18.814888 354.000000 18.814888
963.500000 381 19.519221 381.000000 19.519221
964.500000 357 18.894444 357.000000 18.894444
965.500000 335 18.303005 335.000000 18.303005
966.500000 343 18.520259 343.000000 18.520259
967.500000 334 18.275667 334.000000 18.275667
968.500000 373 19.313208 373.000000 19.313208
969.500000 380 19.493589 380.000000 19.493589
970.500000 328 18.110770 328.000000 18.110770
971.500000 344 18.547237 344.000000 18.547237
972.500000 383 19.570386 383.000000 19.570386
973.500000 351 18.734994 351.000000 18.734994
974.500000 362 19.026298 362.000000 19.026298
975.500000 333 18.248288 333.000000 18.248288
976.500000 362 19.026298 362.000000 19.026298
977.500000 314 17.720045 314.000000 17.720045
978.500000 363 19.052559 363.000000 19.052559
979.500000 323 17.972201 323.000000 17.972201
980.500000 357 18.894444 357.000000 18.894444
981.500000 344 18.547237 344.000000 18.547237
982.500000 313 17.691806 313.000000 17.691806
983.500000 332 18.220867 332.000000 18.220867
984.500000 330 18.165902 330.000000 18.165902
985.500000 335 18.303005 335.000000 18.303005
986.500000 296 17.204651 296.000000 17.204651
987.500000 320 17.888544 320.000000 17.888544
988.500000 292 17.088007 292.000000 17.088007
989.500000 295 17.175564 295.000000 17.175564
990.500000 285 16.881943 285.000000 16.881943
991.500000 351 18.734994 351.000000 18.734994
992.500000 354 18.814888 354.000000 18.814888
993.500000 283 16.822604 283.000000 16.822604
994.500000 309 17.578396 309.000000 17.578396
995.500000 315 17.748239 315.000000 17.748239
996.500000 312 17.663522 312.000000 17.663522
997.500000 337 18.357560 337.000000 18.357560
998.500000 267 16.340135 267.000000 16.340135
999.500000 288 16.970563 288.000000 16.970563
1000.500000 308 17.549929 308.000000 17.549929
1001.500000 254 15.937377 254.000000 15.937377
1002.500000 299 17.291616 299.000000 17.291616
1003.500000 314 17.720045 314.000000 17.720045
1004.500000 309 17.578396 309.000000 17.578396
1005.500000 271 16.462078 271.000000 16.462078
1006.500000 323 17.972201 323.000000 17.972201
1007.500000 288 16.970563 288.000000 16.970563
1008.500000 276 16.613248 276.000000 16.613248
1009.500000 285 16.881943 285.000000 16.881943
1010.500000 275 16.583124 275.000000 16.583124
1011.500000 285 16.881943 285.000000 16.881943
1012.500000 273 16.522712 273.000000 16.522712
1013.500000 238 15.427249 238.000000 15.427249
1014.500000 283 16.822604 283.000000 16.822604
1015.500000 297 17.233688 297.000000 17.233688
1016.500000 282 16.792856 282.000000 16.792856
1017.500000 288 16.970563 288.000000 16.970563
1018.500000 267 16.340135 267.000000 16.340135
1019.500000 262 16.186414 262.000000 16.186414
1020.500000 263 16.217275 263.000000 16.217275
1021.500000 257 16.031220 257.000000 16.031220
1022.500000 263 16.217275 263.000000 16.217275
1023.500000 241 15.524175 241.000000 15.524175
