# name, dx, fmax, fmax_err, norm_value, norm_vale_err
# 22Na_outD 1 150322 387.713811979919 215082 463.76933921940116
# bin_center, freq, freq_err, norm_freq, norm_freq_err
0.500000 0 0.000000 0.000000 0.000000
1.500000 0 0.000000 0.000000 0.000000
2.500000 0 0.000000 0.000000 0.000000
3.500000 0 0.000000 0.000000 0.000000
4.500000 0 0.000000 0.000000 0.000000
5.500000 4 2.000000 0.000019 0.000009
6.500000 162 12.727922 0.000753 0.000059
7.500000 3773 61.424751 0.017542 0.000288
8.500000 25653 160.165539 0.119271 0.000788
9.500000 52981 230.176020 0.246329 0.001195
10.500000 77345 278.109691 0.359607 0.001508
11.500000 100898 317.644455 0.469114 0.001790
12.500000 102711 320.485569 0.477543 0.001811
13.500000 103417 321.585136 0.480826 0.001819
14.500000 103450 321.636441 0.480979 0.001820
15.500000 103648 321.944095 0.481900 0.001822
16.500000 104729 323.618603 0.486926 0.001835
17.500000 105378 324.619778 0.489943 0.001842
18.500000 105206 324.354744 0.489144 0.001840
19.500000 106771 326.758320 0.496420 0.001858
20.500000 107518 327.899375 0.499893 0.001867
21.500000 108663 329.640714 0.505217 0.001880
22.500000 109006 330.160567 0.506811 0.001884
23.500000 111042 333.229651 0.516278 0.001908
24.500000 112137 334.868631 0.521369 0.001920
25.500000 113265 336.548659 0.526613 0.001933
26.500000 114847 338.890838 0.533968 0.001951
27.500000 116358 341.112885 0.540994 0.001969
28.500000 117343 342.553645 0.545573 0.001980
29.500000 118690 344.514151 0.551836 0.001995
30.500000 120545 347.195910 0.560461 0.002016
31.500000 122800 350.428309 0.570945 0.002042
32.500000 124656 353.066566 0.579574 0.002063
33.500000 126162 355.192905 0.586576 0.002080
34.500000 127354 356.866922 0.592118 0.002094
35.500000 130249 360.900263 0.605578 0.002126
36.500000 132401 363.869482 0.615584 0.002150
37.500000 134499 366.741053 0.625338 0.002174
38.500000 136819 369.890524 0.636125 0.002200
39.500000 138700 372.424489 0.644870 0.002221
40.500000 140846 375.294551 0.654848 0.002245
41.500000 143055 378.226123 0.665118 0.002269
42.500000 144602 380.265697 0.672311 0.002286
43.500000 146935 383.321014 0.683158 0.002312
44.500000 147948 384.640092 0.687868 0.002323
45.500000 148633 385.529506 0.691053 0.002331
46.500000 150013 387.315117 0.697469 0.002346
47.500000 149932 387.210537 0.697092 0.002345
48.500000 150322 387.713812 0.698906 0.002350
49.500000 149827 387.074928 0.696604 0.002344
50.500000 149199 386.262864 0.693684 0.002337
51.500000 148266 385.053243 0.689346 0.002327
52.500000 148145 384.896090 0.688784 0.002326
53.500000 147965 384.662189 0.687947 0.002324
54.500000 145742 381.761706 0.677611 0.002299
55.500000 144415 380.019736 0.671442 0.002284
56.500000 142963 378.104483 0.664691 0.002268
57.500000 141302 375.901583 0.656968 0.002250
58.500000 139818 373.922452 0.650068 0.002233
59.500000 138475 372.122292 0.643824 0.002218
60.500000 136648 369.659303 0.635330 0.002198
61.500000 134136 366.245819 0.623651 0.002170
62.500000 132738 364.332266 0.617151 0.002154
63.500000 130211 360.847613 0.605402 0.002126
64.500000 128675 358.712977 0.598260 0.002108
65.500000 127590 357.197424 0.593216 0.002096
66.500000 125998 354.961970 0.585814 0.002078
67.500000 124554 352.922088 0.579100 0.002062
68.500000 122894 350.562405 0.571382 0.002043
69.500000 120801 347.564383 0.561651 0.002019
70.500000 120145 346.619388 0.558601 0.002012
71.500000 118642 344.444480 0.551613 0.001995
72.500000 117301 342.492336 0.545378 0.001980
73.500000 115732 340.194062 0.538083 0.001962
74.500000 114712 338.691600 0.533341 0.001950
75.500000 113406 336.758073 0.527269 0.001935
76.500000 112680 335.678418 0.523893 0.001927
77.500000 111093 333.306166 0.516515 0.001908
78.500000 109840 331.421182 0.510689 0.001894
79.500000 108973 330.110588 0.506658 0.001884
80.500000 107457 327.806345 0.499609 0.001866
81.500000 107090 327.246085 0.497903 0.001862
82.500000 106216 325.907962 0.493840 0.001852
83.500000 105554 324.890751 0.490762 0.001844
84.500000 104773 323.686577 0.487130 0.001835
85.500000 102863 320.722622 0.478250 0.001813
86.500000 101993 319.363429 0.474205 0.001803
87.500000 101100 317.962262 0.470053 0.001792
88.500000 99818 315.939868 0.464093 0.001777
89.500000 99124 314.839642 0.460866 0.001769
90.500000 97492 312.237089 0.453278 0.001750
91.500000 96242 310.228948 0.447467 0.001735
92.500000 95399 308.867285 0.443547 0.001725
93.500000 93545 305.851271 0.434927 0.001703
94.500000 91964 303.255668 0.427576 0.001685
95.500000 91238 302.056286 0.424201 0.001676
96.500000 89691 299.484557 0.417008 0.001658
97.500000 87316 295.492809 0.405966 0.001629
98.500000 85659 292.675588 0.398262 0.001609
99.500000 84102 290.003448 0.391023 0.001590
100.500000 82420 287.088836 0.383203 0.001570
101.500000 80465 283.663533 0.374113 0.001546
102.500000 78141 279.537117 0.363308 0.001518
103.500000 76382 276.372936 0.355130 0.001496
104.500000 75302 274.412099 0.350108 0.001482
105.500000 72648 269.532929 0.337769 0.001449
106.500000 70984 266.428227 0.330032 0.001429
107.500000 69317 263.281218 0.322282 0.001408
108.500000 67857 260.493762 0.315494 0.001389
109.500000 66333 257.551937 0.308408 0.001370
110.500000 64023 253.027666 0.297668 0.001340
111.500000 63355 251.704191 0.294562 0.001332
112.500000 62130 249.258902 0.288867 0.001316
113.500000 60830 246.637386 0.282822 0.001299
114.500000 60010 244.969386 0.279010 0.001288
115.500000 59568 244.065565 0.276955 0.001282
116.500000 59127 243.160441 0.274904 0.001277
117.500000 57965 240.759216 0.269502 0.001261
118.500000 57945 240.717677 0.269409 0.001261
119.500000 57775 240.364307 0.268618 0.001259
120.500000 57758 240.328941 0.268539 0.001259
121.500000 58405 241.671264 0.271548 0.001267
122.500000 58521 241.911141 0.272087 0.001269
123.500000 59503 243.932368 0.276653 0.001281
124.500000 60330 245.621660 0.280498 0.001292
125.500000 61217 247.420694 0.284622 0.001304
126.500000 62343 249.685803 0.289857 0.001318
127.500000 64376 253.724260 0.299309 0.001345
128.500000 66013 256.929952 0.306920 0.001366
129.500000 68299 261.340774 0.317549 0.001395
130.500000 70681 265.858985 0.328624 0.001425
131.500000 73183 270.523566 0.340256 0.001456
132.500000 75991 275.664651 0.353312 0.001491
133.500000 79971 282.791443 0.371816 0.001540
134.500000 83225 288.487435 0.386945 0.001580
135.500000 86908 294.801628 0.404069 0.001624
136.500000 90134 300.223250 0.419068 0.001663
137.500000 94568 307.519105 0.439683 0.001716
138.500000 99053 314.726866 0.460536 0.001768
139.500000 103190 321.232003 0.479771 0.001817
140.500000 107681 328.147833 0.500651 0.001869
141.500000 112648 335.630749 0.523744 0.001926
142.500000 116837 341.814277 0.543221 0.001974
143.500000 120639 347.331254 0.560898 0.002018
144.500000 124902 353.414770 0.580718 0.002066
145.500000 128925 359.061276 0.599423 0.002111
146.500000 133298 365.099986 0.619754 0.002160
147.500000 136318 369.212676 0.633795 0.002194
148.500000 138779 372.530536 0.645238 0.002222
149.500000 141434 376.077120 0.657582 0.002251
150.500000 143992 379.462778 0.669475 0.002280
151.500000 145689 381.692284 0.677365 0.002298
152.500000 146390 382.609461 0.680624 0.002306
153.500000 146972 383.369274 0.683330 0.002313
154.500000 146942 383.330145 0.683191 0.002312
155.500000 147649 384.251220 0.686478 0.002320
156.500000 146142 382.285234 0.679471 0.002303
157.500000 144282 379.844705 0.670823 0.002283
158.500000 142688 377.740652 0.663412 0.002265
159.500000 140647 375.029332 0.653923 0.002242
160.500000 137810 371.227693 0.640732 0.002211
161.500000 134578 366.848743 0.625706 0.002175
162.500000 131235 362.263716 0.610163 0.002137
163.500000 128058 357.851925 0.595392 0.002102
164.500000 124287 352.543614 0.577859 0.002059
165.500000 120309 346.855878 0.559363 0.002014
166.500000 117383 342.612025 0.545759 0.001980
167.500000 112894 335.997024 0.524888 0.001929
168.500000 109228 330.496596 0.507844 0.001887
169.500000 106081 325.700783 0.493212 0.001850
170.500000 101895 319.209962 0.473750 0.001802
171.500000 97428 312.134586 0.452981 0.001749
172.500000 94307 307.094448 0.438470 0.001712
173.500000 90969 301.610676 0.422950 0.001673
174.500000 87243 295.369260 0.405627 0.001628
175.500000 84236 290.234388 0.391646 0.001592
176.500000 81006 284.615530 0.376628 0.001553
177.500000 78314 279.846386 0.364112 0.001520
178.500000 75163 274.158713 0.349462 0.001481
179.500000 72549 269.349216 0.337309 0.001448
180.500000 70212 264.975471 0.326443 0.001419
181.500000 67720 260.230667 0.314857 0.001387
182.500000 65356 255.648196 0.303866 0.001357
183.500000 62810 250.619233 0.292028 0.001324
184.500000 61102 247.188187 0.284087 0.001302
185.500000 58877 242.645832 0.273742 0.001273
186.500000 57498 239.787406 0.267331 0.001255
187.500000 55449 235.476113 0.257804 0.001228
188.500000 52869 229.932599 0.245809 0.001193
189.500000 51157 226.179133 0.237849 0.001170
190.500000 49218 221.851302 0.228834 0.001143
191.500000 48601 220.456345 0.225965 0.001135
192.500000 46643 215.969905 0.216861 0.001108
193.500000 45160 212.508823 0.209966 0.001087
194.500000 43844 209.389589 0.203848 0.001068
195.500000 42495 206.143154 0.197576 0.001049
196.500000 41365 203.383874 0.192322 0.001033
197.500000 39869 199.672231 0.185367 0.001011
198.500000 38408 195.979591 0.178574 0.000989
199.500000 37720 194.216374 0.175375 0.000979
200.500000 36505 191.062817 0.169726 0.000961
201.500000 35670 188.865031 0.165844 0.000948
202.500000 34708 186.300832 0.161371 0.000933
203.500000 33864 184.021738 0.157447 0.000920
204.500000 32707 180.850767 0.152068 0.000903
205.500000 32065 179.067027 0.149083 0.000892
206.500000 31409 177.225845 0.146033 0.000882
207.500000 30745 175.342522 0.142945 0.000872
208.500000 29991 173.179098 0.139440 0.000859
209.500000 29712 172.371691 0.138143 0.000855
210.500000 29066 170.487536 0.135139 0.000845
211.500000 28750 169.558250 0.133670 0.000839
212.500000 28059 167.508209 0.130457 0.000828
213.500000 27922 167.098773 0.129820 0.000826
214.500000 27552 165.987951 0.128100 0.000820
215.500000 26968 164.219365 0.125385 0.000810
216.500000 26739 163.520641 0.124320 0.000806
217.500000 26524 162.861905 0.123320 0.000803
218.500000 26273 162.089481 0.122153 0.000798
219.500000 26001 161.248256 0.120889 0.000794
220.500000 25540 159.812390 0.118745 0.000786
221.500000 25704 160.324671 0.119508 0.000789
222.500000 25394 159.354950 0.118067 0.000783
223.500000 24959 157.984176 0.116044 0.000776
224.500000 25140 158.555984 0.116886 0.000779
225.500000 25147 158.578056 0.116918 0.000779
226.500000 24618 156.901243 0.114459 0.000770
227.500000 24218 155.621335 0.112599 0.000763
228.500000 24526 156.607790 0.114031 0.000769
229.500000 24202 155.569920 0.112525 0.000763
230.500000 23965 154.806331 0.111423 0.000759
231.500000 23859 154.463588 0.110930 0.000757
232.500000 23836 154.389119 0.110823 0.000757
233.500000 23846 154.421501 0.110869 0.000757
234.500000 23753 154.120083 0.110437 0.000755
235.500000 23302 152.649926 0.108340 0.000747
236.500000 23379 152.901929 0.108698 0.000749
237.500000 23439 153.098008 0.108977 0.000750
238.500000 23231 152.417191 0.108010 0.000746
239.500000 23246 152.466390 0.108080 0.000746
240.500000 23353 152.816884 0.108577 0.000748
241.500000 23037 151.779445 0.107108 0.000743
242.500000 23250 152.479507 0.108098 0.000746
243.500000 22918 151.386921 0.106555 0.000740
244.500000 22899 151.324155 0.106466 0.000740
245.500000 22849 151.158857 0.106234 0.000739
246.500000 22566 150.219839 0.104918 0.000734
247.500000 22410 149.699699 0.104193 0.000731
248.500000 22265 149.214611 0.103519 0.000729
249.500000 22405 149.682998 0.104170 0.000731
250.500000 22447 149.823229 0.104365 0.000732
251.500000 22265 149.214611 0.103519 0.000729
252.500000 22247 149.154283 0.103435 0.000728
253.500000 21974 148.236298 0.102166 0.000724
254.500000 21888 147.945936 0.101766 0.000722
255.500000 22095 148.643870 0.102728 0.000726
256.500000 22146 148.815322 0.102965 0.000727
257.500000 21910 148.020269 0.101868 0.000722
258.500000 21937 148.111445 0.101994 0.000723
259.500000 21843 147.793775 0.101557 0.000721
260.500000 21963 148.199190 0.102115 0.000723
261.500000 22352 149.505853 0.103923 0.000730
262.500000 21558 146.826428 0.100232 0.000716
263.500000 21697 147.299016 0.100878 0.000719
264.500000 21775 147.563546 0.101240 0.000720
265.500000 21575 146.884308 0.100311 0.000716
266.500000 21491 146.598090 0.099920 0.000715
267.500000 21493 146.604911 0.099929 0.000715
268.500000 21685 147.258277 0.100822 0.000718
269.500000 21246 145.760077 0.098781 0.000710
270.500000 21556 146.819617 0.100222 0.000716
271.500000 21132 145.368497 0.098251 0.000708
272.500000 21558 146.826428 0.100232 0.000716
273.500000 21545 146.782152 0.100171 0.000716
274.500000 21029 145.013792 0.097772 0.000706
275.500000 21292 145.917785 0.098995 0.000711
276.500000 21488 146.587858 0.099906 0.000715
277.500000 21032 145.024136 0.097786 0.000706
278.500000 20878 144.492214 0.097070 0.000704
279.500000 20857 144.419528 0.096972 0.000703
280.500000 20813 144.267113 0.096768 0.000702
281.500000 21015 144.965513 0.097707 0.000706
282.500000 21185 145.550678 0.098497 0.000709
283.500000 20889 144.530274 0.097121 0.000704
284.500000 21253 145.784087 0.098813 0.000711
285.500000 21107 145.282483 0.098135 0.000708
286.500000 20935 144.689322 0.097335 0.000705
287.500000 20923 144.647848 0.097279 0.000704
288.500000 20680 143.805424 0.096149 0.000700
289.500000 20891 144.537192 0.097130 0.000704
290.500000 20594 143.506097 0.095750 0.000698
291.500000 20981 144.848196 0.097549 0.000706
292.500000 20848 144.388365 0.096930 0.000703
293.500000 20806 144.242851 0.096735 0.000702
294.500000 20606 143.547901 0.095805 0.000699
295.500000 20565 143.405021 0.095615 0.000698
296.500000 20615 143.579246 0.095847 0.000699
297.500000 20815 144.274045 0.096777 0.000702
298.500000 20493 143.153763 0.095280 0.000697
299.500000 20652 143.708037 0.096019 0.000699
300.500000 20461 143.041952 0.095131 0.000696
301.500000 20186 142.077444 0.093853 0.000691
302.500000 20204 142.140775 0.093936 0.000691
303.500000 20464 143.052438 0.095145 0.000696
304.500000 20232 142.239235 0.094066 0.000692
305.500000 20212 142.168914 0.093973 0.000691
306.500000 20232 142.239235 0.094066 0.000692
307.500000 20112 141.816783 0.093509 0.000690
308.500000 19986 141.371850 0.092923 0.000687
309.500000 20070 141.668627 0.093313 0.000689
310.500000 19531 139.753354 0.090807 0.000679
311.500000 19729 140.459959 0.091728 0.000682
312.500000 19601 140.003571 0.091133 0.000680
313.500000 19401 139.287473 0.090203 0.000676
314.500000 19662 140.221254 0.091416 0.000681
315.500000 19209 138.596537 0.089310 0.000673
316.500000 19140 138.347389 0.088989 0.000671
317.500000 18971 137.735253 0.088204 0.000668
318.500000 19169 138.452158 0.089124 0.000672
319.500000 18640 136.528385 0.086665 0.000662
320.500000 18840 137.258879 0.087594 0.000666
321.500000 18732 136.864897 0.087092 0.000663
322.500000 18497 136.003676 0.086000 0.000659
323.500000 18291 135.244224 0.085042 0.000655
324.500000 17919 133.861869 0.083312 0.000648
325.500000 18062 134.394940 0.083977 0.000651
326.500000 17915 133.846927 0.083294 0.000648
327.500000 17882 133.723596 0.083140 0.000647
328.500000 17494 132.264886 0.081336 0.000639
329.500000 17562 132.521696 0.081653 0.000641
330.500000 17327 131.632063 0.080560 0.000636
331.500000 17560 132.514150 0.081643 0.000641
332.500000 17203 131.160207 0.079983 0.000634
333.500000 17041 130.541181 0.079230 0.000631
334.500000 17187 131.099199 0.079909 0.000633
335.500000 16504 128.467895 0.076734 0.000620
336.500000 16624 128.934092 0.077291 0.000622
337.500000 16491 128.417289 0.076673 0.000620
338.500000 16080 126.806940 0.074762 0.000611
339.500000 16483 128.386136 0.076636 0.000619
340.500000 16194 127.255648 0.075292 0.000614
341.500000 16245 127.455875 0.075529 0.000615
342.500000 16059 126.724110 0.074665 0.000611
343.500000 16119 126.960624 0.074944 0.000612
344.500000 16013 126.542483 0.074451 0.000610
345.500000 15755 125.518923 0.073251 0.000605
346.500000 15624 124.996000 0.072642 0.000602
347.500000 15707 125.327571 0.073028 0.000604
348.500000 15679 125.215814 0.072898 0.000603
349.500000 15574 124.795833 0.072410 0.000601
350.500000 15537 124.647503 0.072238 0.000600
351.500000 15603 124.911969 0.072544 0.000601
352.500000 15728 125.411323 0.073126 0.000604
353.500000 15756 125.522906 0.073256 0.000605
354.500000 15745 125.479082 0.073205 0.000604
355.500000 15798 125.690095 0.073451 0.000605
356.500000 15652 125.107953 0.072772 0.000602
357.500000 15563 124.751753 0.072358 0.000601
358.500000 15954 126.309145 0.074176 0.000609
359.500000 15669 125.175876 0.072851 0.000603
360.500000 16097 126.873953 0.074841 0.000612
361.500000 15661 125.143917 0.072814 0.000603
362.500000 15829 125.813354 0.073595 0.000606
363.500000 15931 126.218065 0.074069 0.000608
364.500000 15674 125.195847 0.072875 0.000603
365.500000 16187 127.228142 0.075260 0.000613
366.500000 16413 128.113231 0.076310 0.000618
367.500000 16185 127.220281 0.075250 0.000613
368.500000 16037 126.637277 0.074562 0.000610
369.500000 16207 127.306716 0.075353 0.000614
370.500000 16164 127.137721 0.075153 0.000613
371.500000 16186 127.224212 0.075255 0.000613
372.500000 16410 128.101522 0.076296 0.000618
373.500000 16215 127.338133 0.075390 0.000614
374.500000 16090 126.846364 0.074809 0.000611
375.500000 16142 127.051171 0.075050 0.000612
376.500000 16166 127.145586 0.075162 0.000613
377.500000 16011 126.534580 0.074441 0.000610
378.500000 16260 127.514705 0.075599 0.000615
379.500000 15939 126.249752 0.074107 0.000608
380.500000 15752 125.506972 0.073237 0.000605
381.500000 15872 125.984126 0.073795 0.000607
382.500000 15810 125.737822 0.073507 0.000606
383.500000 15586 124.843903 0.072465 0.000601
384.500000 15775 125.598567 0.073344 0.000605
385.500000 15382 124.024191 0.071517 0.000597
386.500000 15298 123.685084 0.071126 0.000595
387.500000 15173 123.178732 0.070545 0.000593
388.500000 15155 123.105646 0.070461 0.000592
389.500000 14738 121.400165 0.068523 0.000583
390.500000 14691 121.206435 0.068304 0.000582
391.500000 14470 120.291313 0.067277 0.000578
392.500000 14035 118.469405 0.065254 0.000568
393.500000 13900 117.898261 0.064627 0.000566
394.500000 13952 118.118584 0.064868 0.000567
395.500000 13904 117.915224 0.064645 0.000566
396.500000 13376 115.654658 0.062190 0.000554
397.500000 13388 115.706525 0.062246 0.000554
398.500000 13210 114.934764 0.061418 0.000551
399.500000 12980 113.929803 0.060349 0.000545
400.500000 12534 111.955348 0.058275 0.000535
401.500000 12537 111.968746 0.058289 0.000536
402.500000 12392 111.319360 0.057615 0.000532
403.500000 12309 110.945933 0.057229 0.000530
404.500000 11856 108.885261 0.055123 0.000520
405.500000 11628 107.833205 0.054063 0.000515
406.500000 11375 106.653645 0.052887 0.000509
407.500000 11265 106.136704 0.052375 0.000506
408.500000 11149 105.588825 0.051836 0.000503
409.500000 10688 103.382784 0.049693 0.000492
410.500000 10424 102.097992 0.048465 0.000486
411.500000 10342 101.695624 0.048084 0.000484
412.500000 10342 101.695624 0.048084 0.000484
413.500000 10127 100.632997 0.047084 0.000479
414.500000 9830 99.146356 0.045703 0.000471
415.500000 9465 97.288232 0.044006 0.000462
416.500000 9334 96.612629 0.043397 0.000459
417.500000 9323 96.555683 0.043346 0.000459
418.500000 9202 95.927056 0.042784 0.000455
419.500000 9086 95.320512 0.042244 0.000452
420.500000 8874 94.201911 0.041259 0.000447
421.500000 8787 93.738999 0.040854 0.000445
422.500000 8535 92.385064 0.039683 0.000438
423.500000 8559 92.514864 0.039794 0.000439
424.500000 8292 91.060420 0.038553 0.000431
425.500000 8237 90.757920 0.038297 0.000430
426.500000 8253 90.846024 0.038371 0.000430
427.500000 7963 89.235643 0.037023 0.000423
428.500000 7772 88.158947 0.036135 0.000417
429.500000 7840 88.543774 0.036451 0.000419
430.500000 7804 88.340251 0.036284 0.000418
431.500000 7581 87.068938 0.035247 0.000412
432.500000 7426 86.174242 0.034526 0.000408
433.500000 7385 85.936023 0.034336 0.000406
434.500000 7262 85.217369 0.033764 0.000403
435.500000 7052 83.976187 0.032787 0.000397
436.500000 7046 83.940455 0.032760 0.000397
437.500000 6910 83.126410 0.032127 0.000393
438.500000 6678 81.719031 0.031049 0.000386
439.500000 6632 81.437092 0.030835 0.000384
440.500000 6603 81.258846 0.030700 0.000384
441.500000 6594 81.203448 0.030658 0.000383
442.500000 6338 79.611557 0.029468 0.000376
443.500000 6356 79.724526 0.029552 0.000376
444.500000 6371 79.818544 0.029621 0.000377
445.500000 6296 79.347338 0.029273 0.000374
446.500000 6097 78.083289 0.028347 0.000368
447.500000 6015 77.556431 0.027966 0.000366
448.500000 5935 77.038951 0.027594 0.000363
449.500000 5870 76.615925 0.027292 0.000361
450.500000 5757 75.874897 0.026767 0.000357
451.500000 5749 75.822160 0.026729 0.000357
452.500000 5425 73.654599 0.025223 0.000347
453.500000 5518 74.283242 0.025655 0.000350
454.500000 5474 73.986485 0.025451 0.000348
455.500000 5519 74.289972 0.025660 0.000350
456.500000 5377 73.328030 0.025000 0.000345
457.500000 5426 73.661387 0.025228 0.000347
458.500000 5142 71.707740 0.023907 0.000337
459.500000 5159 71.826179 0.023986 0.000338
460.500000 5050 71.063352 0.023479 0.000334
461.500000 5099 71.407283 0.023707 0.000336
462.500000 4860 69.713700 0.022596 0.000328
463.500000 4807 69.332532 0.022350 0.000326
464.500000 4829 69.491007 0.022452 0.000327
465.500000 4684 68.439755 0.021778 0.000322
466.500000 4605 67.860150 0.021410 0.000319
467.500000 4552 67.468511 0.021164 0.000317
468.500000 4440 66.633325 0.020643 0.000313
469.500000 4361 66.037868 0.020276 0.000310
470.500000 4449 66.700825 0.020685 0.000313
471.500000 4314 65.681047 0.020057 0.000308
472.500000 4249 65.184354 0.019755 0.000306
473.500000 4178 64.637450 0.019425 0.000303
474.500000 4049 63.631753 0.018825 0.000299
475.500000 4017 63.379808 0.018677 0.000297
476.500000 3993 63.190189 0.018565 0.000297
477.500000 3956 62.896741 0.018393 0.000295
478.500000 3803 61.668468 0.017682 0.000289
479.500000 3727 61.049161 0.017328 0.000286
480.500000 3773 61.424751 0.017542 0.000288
481.500000 3638 60.315835 0.016914 0.000283
482.500000 3653 60.440053 0.016984 0.000283
483.500000 3608 60.066630 0.016775 0.000282
484.500000 3599 59.991666 0.016733 0.000281
485.500000 3505 59.203040 0.016296 0.000277
486.500000 3400 58.309519 0.015808 0.000273
487.500000 3313 57.558666 0.015403 0.000270
488.500000 3367 58.025856 0.015654 0.000272
489.500000 3412 58.412327 0.015864 0.000274
490.500000 3276 57.236352 0.015231 0.000268
491.500000 3229 56.824291 0.015013 0.000266
492.500000 3160 56.213877 0.014692 0.000263
493.500000 3212 56.674509 0.014934 0.000265
494.500000 3097 55.650696 0.014399 0.000261
495.500000 3153 56.151581 0.014660 0.000263
496.500000 2992 54.699177 0.013911 0.000256
497.500000 3042 55.154329 0.014143 0.000258
498.500000 3010 54.863467 0.013995 0.000257
499.500000 2922 54.055527 0.013586 0.000253
500.500000 2964 54.442630 0.013781 0.000255
501.500000 2932 54.147945 0.013632 0.000253
502.500000 2854 53.422842 0.013269 0.000250
503.500000 2896 53.814496 0.013465 0.000252
504.500000 2831 53.207142 0.013162 0.000249
505.500000 2815 53.056574 0.013088 0.000248
506.500000 2804 52.952809 0.013037 0.000248
507.500000 2811 53.018865 0.013069 0.000248
508.500000 2682 51.788030 0.012470 0.000242
509.500000 2627 51.254268 0.012214 0.000240
510.500000 2654 51.516987 0.012339 0.000241
511.500000 2632 51.303021 0.012237 0.000240
512.500000 2642 51.400389 0.012284 0.000240
513.500000 2655 51.526692 0.012344 0.000241
514.500000 2643 51.410116 0.012288 0.000240
515.500000 2608 51.068581 0.012126 0.000239
516.500000 2494 49.939964 0.011596 0.000234
517.500000 2500 50.000000 0.011623 0.000234
518.500000 2571 50.705029 0.011954 0.000237
519.500000 2432 49.315312 0.011307 0.000231
520.500000 2438 49.376108 0.011335 0.000231
521.500000 2549 50.487622 0.011851 0.000236
522.500000 2432 49.315312 0.011307 0.000231
523.500000 2374 48.723711 0.011038 0.000228
524.500000 2355 48.528342 0.010949 0.000227
525.500000 2409 49.081565 0.011200 0.000229
526.500000 2231 47.233463 0.010373 0.000221
527.500000 2315 48.114447 0.010763 0.000225
528.500000 2396 48.948953 0.011140 0.000229
529.500000 2147 46.335731 0.009982 0.000217
530.500000 2313 48.093659 0.010754 0.000225
531.500000 2234 47.265209 0.010387 0.000221
532.500000 2239 47.318073 0.010410 0.000221
533.500000 2203 46.936127 0.010243 0.000219
534.500000 2169 46.572524 0.010085 0.000218
535.500000 2175 46.636895 0.010112 0.000218
536.500000 2152 46.389654 0.010005 0.000217
537.500000 2184 46.733286 0.010154 0.000218
538.500000 2106 45.891176 0.009792 0.000214
539.500000 2184 46.733286 0.010154 0.000218
540.500000 2115 45.989129 0.009833 0.000215
541.500000 2180 46.690470 0.010136 0.000218
542.500000 2046 45.232732 0.009513 0.000211
543.500000 2114 45.978256 0.009829 0.000215
544.500000 2077 45.574115 0.009657 0.000213
545.500000 1967 44.350874 0.009145 0.000207
546.500000 1912 43.726422 0.008890 0.000204
547.500000 2061 45.398238 0.009582 0.000212
548.500000 1943 44.079474 0.009034 0.000206
549.500000 2001 44.732538 0.009303 0.000209
550.500000 1904 43.634848 0.008852 0.000204
551.500000 1959 44.260592 0.009108 0.000207
552.500000 1927 43.897608 0.008959 0.000205
553.500000 1974 44.429720 0.009178 0.000208
554.500000 1865 43.185646 0.008671 0.000202
555.500000 1877 43.324358 0.008727 0.000202
556.500000 1835 42.836900 0.008532 0.000200
557.500000 1871 43.255058 0.008699 0.000202
558.500000 1788 42.284749 0.008313 0.000197
559.500000 1865 43.185646 0.008671 0.000202
560.500000 1860 43.127717 0.008648 0.000201
561.500000 1840 42.895221 0.008555 0.000200
562.500000 1786 42.261093 0.008304 0.000197
563.500000 1740 41.713307 0.008090 0.000195
564.500000 1909 43.692105 0.008876 0.000204
565.500000 1687 41.073106 0.007844 0.000192
566.500000 1700 41.231056 0.007904 0.000192
567.500000 1794 42.355637 0.008341 0.000198
568.500000 1788 42.284749 0.008313 0.000197
569.500000 1717 41.436699 0.007983 0.000193
570.500000 1746 41.785165 0.008118 0.000195
571.500000 1699 41.218928 0.007899 0.000192
572.500000 1719 41.460825 0.007992 0.000194
573.500000 1642 40.521599 0.007634 0.000189
574.500000 1610 40.124805 0.007486 0.000187
575.500000 1724 41.521079 0.008016 0.000194
576.500000 1684 41.036569 0.007830 0.000192
577.500000 1734 41.641326 0.008062 0.000194
578.500000 1631 40.385641 0.007583 0.000188
579.500000 1669 40.853396 0.007760 0.000191
580.500000 1638 40.472213 0.007616 0.000189
581.500000 1741 41.725292 0.008095 0.000195
582.500000 1666 40.816663 0.007746 0.000191
583.500000 1598 39.974992 0.007430 0.000187
584.500000 1616 40.199502 0.007513 0.000188
585.500000 1634 40.422766 0.007597 0.000189
586.500000 1648 40.595566 0.007662 0.000189
587.500000 1619 40.236799 0.007527 0.000188
588.500000 1587 39.837169 0.007379 0.000186
589.500000 1684 41.036569 0.007830 0.000192
590.500000 1589 39.862263 0.007388 0.000186
591.500000 1604 40.049969 0.007458 0.000187
592.500000 1592 39.899875 0.007402 0.000186
593.500000 1571 39.635842 0.007304 0.000185
594.500000 1558 39.471509 0.007244 0.000184
595.500000 1510 38.858718 0.007021 0.000181
596.500000 1569 39.610605 0.007295 0.000185
597.500000 1557 39.458839 0.007239 0.000184
598.500000 1572 39.648455 0.007309 0.000185
599.500000 1446 38.026307 0.006723 0.000177
600.500000 1573 39.661064 0.007313 0.000185
601.500000 1531 39.127995 0.007118 0.000183
602.500000 1607 40.087405 0.007472 0.000187
603.500000 1605 40.062451 0.007462 0.000187
604.500000 1547 39.331921 0.007193 0.000184
605.500000 1494 38.652296 0.006946 0.000180
606.500000 1522 39.012818 0.007076 0.000182
607.500000 1550 39.370039 0.007207 0.000184
608.500000 1586 39.824616 0.007374 0.000186
609.500000 1545 39.306488 0.007183 0.000183
610.500000 1531 39.127995 0.007118 0.000183
611.500000 1552 39.395431 0.007216 0.000184
612.500000 1523 39.025633 0.007081 0.000182
613.500000 1480 38.470768 0.006881 0.000179
614.500000 1496 38.678159 0.006955 0.000180
615.500000 1521 39.000000 0.007072 0.000182
616.500000 1498 38.704005 0.006965 0.000181
617.500000 1489 38.587563 0.006923 0.000180
618.500000 1475 38.405729 0.006858 0.000179
619.500000 1519 38.974351 0.007062 0.000182
620.500000 1553 39.408121 0.007221 0.000184
621.500000 1443 37.986840 0.006709 0.000177
622.500000 1480 38.470768 0.006881 0.000179
623.500000 1467 38.301436 0.006821 0.000179
624.500000 1466 38.288379 0.006816 0.000179
625.500000 1456 38.157568 0.006770 0.000178
626.500000 1468 38.314488 0.006825 0.000179
627.500000 1447 38.039453 0.006728 0.000177
628.500000 1451 38.091994 0.006746 0.000178
629.500000 1452 38.105118 0.006751 0.000178
630.500000 1460 38.209946 0.006788 0.000178
631.500000 1385 37.215588 0.006439 0.000174
632.500000 1355 36.810325 0.006300 0.000172
633.500000 1395 37.349699 0.006486 0.000174
634.500000 1372 37.040518 0.006379 0.000173
635.500000 1353 36.783148 0.006291 0.000172
636.500000 1441 37.960506 0.006700 0.000177
637.500000 1406 37.496667 0.006537 0.000175
638.500000 1394 37.336309 0.006481 0.000174
639.500000 1383 37.188708 0.006430 0.000173
640.500000 1342 36.633318 0.006239 0.000171
641.500000 1377 37.107951 0.006402 0.000173
642.500000 1437 37.907783 0.006681 0.000177
643.500000 1365 36.945906 0.006346 0.000172
644.500000 1351 36.755952 0.006281 0.000171
645.500000 1325 36.400549 0.006160 0.000170
646.500000 1341 36.619667 0.006235 0.000171
647.500000 1374 37.067506 0.006388 0.000173
648.500000 1308 36.166283 0.006081 0.000169
649.500000 1348 36.715120 0.006267 0.000171
650.500000 1375 37.080992 0.006393 0.000173
651.500000 1253 35.397740 0.005826 0.000165
652.500000 1327 36.428011 0.006170 0.000170
653.500000 1303 36.097091 0.006058 0.000168
654.500000 1219 34.914181 0.005668 0.000163
655.500000 1329 36.455452 0.006179 0.000170
656.500000 1314 36.249138 0.006109 0.000169
657.500000 1282 35.805028 0.005961 0.000167
658.500000 1310 36.193922 0.006091 0.000169
659.500000 1338 36.578682 0.006221 0.000171
660.500000 1250 35.355339 0.005812 0.000165
661.500000 1229 35.057096 0.005714 0.000163
662.500000 1229 35.057096 0.005714 0.000163
663.500000 1252 35.383612 0.005821 0.000165
664.500000 1249 35.341194 0.005807 0.000165
665.500000 1248 35.327043 0.005802 0.000165
666.500000 1254 35.411862 0.005830 0.000165
667.500000 1193 34.539832 0.005547 0.000161
668.500000 1259 35.482390 0.005854 0.000165
669.500000 1232 35.099858 0.005728 0.000164
670.500000 1205 34.713110 0.005603 0.000162
671.500000 1235 35.142567 0.005742 0.000164
672.500000 1175 34.278273 0.005463 0.000160
673.500000 1191 34.510868 0.005537 0.000161
674.500000 1157 34.014703 0.005379 0.000159
675.500000 1133 33.660065 0.005268 0.000157
676.500000 1180 34.351128 0.005486 0.000160
677.500000 1213 34.828150 0.005640 0.000162
678.500000 1174 34.263683 0.005458 0.000160
679.500000 1146 33.852622 0.005328 0.000158
680.500000 1123 33.511192 0.005221 0.000156
681.500000 1176 34.292856 0.005468 0.000160
682.500000 1140 33.763886 0.005300 0.000157
683.500000 1153 33.955854 0.005361 0.000158
684.500000 1191 34.510868 0.005537 0.000161
685.500000 1132 33.645208 0.005263 0.000157
686.500000 1097 33.120990 0.005100 0.000154
687.500000 1106 33.256578 0.005142 0.000155
688.500000 1096 33.105891 0.005096 0.000154
689.500000 1123 33.511192 0.005221 0.000156
690.500000 1108 33.286634 0.005152 0.000155
691.500000 1079 32.848135 0.005017 0.000153
692.500000 1080 32.863353 0.005021 0.000153
693.500000 1071 32.726136 0.004979 0.000153
694.500000 1066 32.649655 0.004956 0.000152
695.500000 1093 33.060551 0.005082 0.000154
696.500000 1068 32.680269 0.004966 0.000152
697.500000 1049 32.388269 0.004877 0.000151
698.500000 1014 31.843367 0.004714 0.000148
699.500000 1035 32.171416 0.004812 0.000150
700.500000 1074 32.771939 0.004993 0.000153
701.500000 1078 32.832910 0.005012 0.000153
702.500000 1051 32.419130 0.004887 0.000151
703.500000 987 31.416556 0.004589 0.000146
704.500000 1059 32.542280 0.004924 0.000152
705.500000 989 31.448370 0.004598 0.000147
706.500000 1023 31.984371 0.004756 0.000149
707.500000 971 31.160873 0.004515 0.000145
708.500000 1034 32.155870 0.004807 0.000150
709.500000 1009 31.764760 0.004691 0.000148
710.500000 976 31.240999 0.004538 0.000146
711.500000 1022 31.968735 0.004752 0.000149
712.500000 984 31.368774 0.004575 0.000146
713.500000 981 31.320920 0.004561 0.000146
714.500000 960 30.983867 0.004463 0.000144
715.500000 944 30.724583 0.004389 0.000143
716.500000 944 30.724583 0.004389 0.000143
717.500000 981 31.320920 0.004561 0.000146
718.500000 972 31.176915 0.004519 0.000145
719.500000 939 30.643107 0.004366 0.000143
720.500000 909 30.149627 0.004226 0.000140
721.500000 943 30.708305 0.004384 0.000143
722.500000 975 31.224990 0.004533 0.000146
723.500000 944 30.724583 0.004389 0.000143
724.500000 950 30.822070 0.004417 0.000144
725.500000 911 30.182777 0.004236 0.000141
726.500000 955 30.903074 0.004440 0.000144
727.500000 924 30.397368 0.004296 0.000142
728.500000 946 30.757113 0.004398 0.000143
729.500000 919 30.315013 0.004273 0.000141
730.500000 905 30.083218 0.004208 0.000140
731.500000 932 30.528675 0.004333 0.000142
732.500000 954 30.886890 0.004436 0.000144
733.500000 869 29.478806 0.004040 0.000137
734.500000 859 29.308702 0.003994 0.000137
735.500000 899 29.983329 0.004180 0.000140
736.500000 813 28.513155 0.003780 0.000133
737.500000 886 29.765752 0.004119 0.000139
738.500000 879 29.647934 0.004087 0.000138
739.500000 818 28.600699 0.003803 0.000133
740.500000 824 28.705400 0.003831 0.000134
741.500000 758 27.531800 0.003524 0.000128
742.500000 834 28.879058 0.003878 0.000135
743.500000 874 29.563491 0.004064 0.000138
744.500000 864 29.393877 0.004017 0.000137
745.500000 815 28.548205 0.003789 0.000133
746.500000 828 28.774989 0.003850 0.000134
747.500000 861 29.342802 0.004003 0.000137
748.500000 811 28.478062 0.003771 0.000133
749.500000 788 28.071338 0.003664 0.000131
750.500000 810 28.460499 0.003766 0.000133
751.500000 819 28.618176 0.003808 0.000133
752.500000 792 28.142495 0.003682 0.000131
753.500000 769 27.730849 0.003575 0.000129
754.500000 821 28.653098 0.003817 0.000133
755.500000 783 27.982137 0.003640 0.000130
756.500000 755 27.477263 0.003510 0.000128
757.500000 828 28.774989 0.003850 0.000134
758.500000 795 28.195744 0.003696 0.000131
759.500000 799 28.266588 0.003715 0.000132
760.500000 774 27.820855 0.003599 0.000130
761.500000 786 28.035692 0.003654 0.000131
762.500000 736 27.129320 0.003422 0.000126
763.500000 751 27.404379 0.003492 0.000128
764.500000 766 27.676705 0.003561 0.000129
765.500000 798 28.248894 0.003710 0.000132
766.500000 793 28.160256 0.003687 0.000131
767.500000 755 27.477263 0.003510 0.000128
768.500000 754 27.459060 0.003506 0.000128
769.500000 777 27.874720 0.003613 0.000130
770.500000 723 26.888659 0.003362 0.000125
771.500000 783 27.982137 0.003640 0.000130
772.500000 749 27.367864 0.003482 0.000127
773.500000 768 27.712813 0.003571 0.000129
774.500000 754 27.459060 0.003506 0.000128
775.500000 750 27.386128 0.003487 0.000128
776.500000 816 28.565714 0.003794 0.000133
777.500000 710 26.645825 0.003301 0.000124
778.500000 743 27.258026 0.003454 0.000127
779.500000 728 26.981475 0.003385 0.000126
780.500000 703 26.514147 0.003269 0.000123
781.500000 772 27.784888 0.003589 0.000129
782.500000 753 27.440845 0.003501 0.000128
783.500000 718 26.795522 0.003338 0.000125
784.500000 725 26.925824 0.003371 0.000125
785.500000 728 26.981475 0.003385 0.000126
786.500000 726 26.944387 0.003375 0.000125
787.500000 688 26.229754 0.003199 0.000122
788.500000 688 26.229754 0.003199 0.000122
789.500000 716 26.758176 0.003329 0.000125
790.500000 733 27.073973 0.003408 0.000126
791.500000 699 26.438608 0.003250 0.000123
792.500000 681 26.095977 0.003166 0.000122
793.500000 721 26.851443 0.003352 0.000125
794.500000 744 27.276363 0.003459 0.000127
795.500000 675 25.980762 0.003138 0.000121
796.500000 636 25.219040 0.002957 0.000117
797.500000 720 26.832816 0.003348 0.000125
798.500000 706 26.570661 0.003282 0.000124
799.500000 729 27.000000 0.003389 0.000126
800.500000 725 26.925824 0.003371 0.000125
801.500000 722 26.870058 0.003357 0.000125
802.500000 673 25.942244 0.003129 0.000121
803.500000 652 25.534291 0.003031 0.000119
804.500000 729 27.000000 0.003389 0.000126
805.500000 681 26.095977 0.003166 0.000122
806.500000 712 26.683328 0.003310 0.000124
807.500000 671 25.903668 0.003120 0.000121
808.500000 669 25.865034 0.003110 0.000120
809.500000 719 26.814175 0.003343 0.000125
810.500000 679 26.057628 0.003157 0.000121
811.500000 648 25.455844 0.003013 0.000119
812.500000 655 25.592968 0.003045 0.000119
813.500000 717 26.776856 0.003334 0.000125
814.500000 711 26.664583 0.003306 0.000124
815.500000 690 26.267851 0.003208 0.000122
816.500000 708 26.608269 0.003292 0.000124
817.500000 650 25.495098 0.003022 0.000119
818.500000 657 25.632011 0.003055 0.000119
819.500000 682 26.115130 0.003171 0.000122
820.500000 682 26.115130 0.003171 0.000122
821.500000 648 25.455844 0.003013 0.000119
822.500000 670 25.884358 0.003115 0.000121
823.500000 687 26.210685 0.003194 0.000122
824.500000 626 25.019992 0.002911 0.000116
825.500000 644 25.377155 0.002994 0.000118
826.500000 695 26.362853 0.003231 0.000123
827.500000 627 25.039968 0.002915 0.000117
828.500000 693 26.324893 0.003222 0.000123
829.500000 657 25.632011 0.003055 0.000119
830.500000 664 25.768197 0.003087 0.000120
831.500000 659 25.670995 0.003064 0.000120
832.500000 634 25.179357 0.002948 0.000117
833.500000 672 25.922963 0.003124 0.000121
834.500000 649 25.475478 0.003017 0.000119
835.500000 695 26.362853 0.003231 0.000123
836.500000 649 25.475478 0.003017 0.000119
837.500000 600 24.494897 0.002790 0.000114
838.500000 609 24.677925 0.002831 0.000115
839.500000 570 23.874673 0.002650 0.000111
840.500000 642 25.337719 0.002985 0.000118
841.500000 582 24.124676 0.002706 0.000112
842.500000 624 24.979992 0.002901 0.000116
843.500000 617 24.839485 0.002869 0.000116
844.500000 612 24.738634 0.002845 0.000115
845.500000 571 23.895606 0.002655 0.000111
846.500000 598 24.454039 0.002780 0.000114
847.500000 560 23.664319 0.002604 0.000110
848.500000 594 24.372115 0.002762 0.000113
849.500000 565 23.769729 0.002627 0.000111
850.500000 570 23.874673 0.002650 0.000111
851.500000 575 23.979158 0.002673 0.000112
852.500000 558 23.622024 0.002594 0.000110
853.500000 517 22.737634 0.002404 0.000106
854.500000 552 23.494680 0.002566 0.000109
855.500000 517 22.737634 0.002404 0.000106
856.500000 540 23.237900 0.002511 0.000108
857.500000 546 23.366643 0.002539 0.000109
858.500000 531 23.043437 0.002469 0.000107
859.500000 515 22.693611 0.002394 0.000106
860.500000 494 22.226111 0.002297 0.000103
861.500000 519 22.781571 0.002413 0.000106
862.500000 498 22.315914 0.002315 0.000104
863.500000 510 22.583180 0.002371 0.000105
864.500000 525 22.912878 0.002441 0.000107
865.500000 499 22.338308 0.002320 0.000104
866.500000 498 22.315914 0.002315 0.000104
867.500000 508 22.538855 0.002362 0.000105
868.500000 443 21.047565 0.002060 0.000098
869.500000 474 21.771541 0.002204 0.000101
870.500000 440 20.976177 0.002046 0.000098
871.500000 464 21.540659 0.002157 0.000100
872.500000 430 20.736441 0.001999 0.000097
873.500000 455 21.330729 0.002115 0.000099
874.500000 438 20.928450 0.002036 0.000097
875.500000 420 20.493902 0.001953 0.000095
876.500000 450 21.213203 0.002092 0.000099
877.500000 394 19.849433 0.001832 0.000092
878.500000 425 20.615528 0.001976 0.000096
879.500000 426 20.639767 0.001981 0.000096
880.500000 413 20.322401 0.001920 0.000095
881.500000 400 20.000000 0.001860 0.000093
882.500000 406 20.149442 0.001888 0.000094
883.500000 356 18.867962 0.001655 0.000088
884.500000 416 20.396078 0.001934 0.000095
885.500000 385 19.621417 0.001790 0.000091
886.500000 389 19.723083 0.001809 0.000092
887.500000 374 19.339080 0.001739 0.000090
888.500000 397 19.924859 0.001846 0.000093
889.500000 363 19.052559 0.001688 0.000089
890.500000 342 18.493242 0.001590 0.000086
891.500000 356 18.867962 0.001655 0.000088
892.500000 381 19.519221 0.001771 0.000091
893.500000 338 18.384776 0.001571 0.000086
894.500000 362 19.026298 0.001683 0.000089
895.500000 384 19.595918 0.001785 0.000091
896.500000 301 17.349352 0.001399 0.000081
897.500000 334 18.275667 0.001553 0.000085
898.500000 322 17.944358 0.001497 0.000083
899.500000 289 17.000000 0.001344 0.000079
900.500000 289 17.000000 0.001344 0.000079
901.500000 296 17.204651 0.001376 0.000080
902.500000 317 17.804494 0.001474 0.000083
903.500000 315 17.748239 0.001465 0.000083
904.500000 341 18.466185 0.001585 0.000086
905.500000 283 16.822604 0.001316 0.000078
906.500000 293 17.117243 0.001362 0.000080
907.500000 307 17.521415 0.001427 0.000082
908.500000 281 16.763055 0.001306 0.000078
909.500000 273 16.522712 0.001269 0.000077
910.500000 286 16.911535 0.001330 0.000079
911.500000 264 16.248077 0.001227 0.000076
912.500000 284 16.852300 0.001320 0.000078
913.500000 268 16.370706 0.001246 0.000076
914.500000 246 15.684387 0.001144 0.000073
915.500000 260 16.124515 0.001209 0.000075
916.500000 248 15.748016 0.001153 0.000073
917.500000 247 15.716234 0.001148 0.000073
918.500000 241 15.524175 0.001121 0.000072
919.500000 235 15.329710 0.001093 0.000071
920.500000 242 15.556349 0.001125 0.000072
921.500000 232 15.231546 0.001079 0.000071
922.500000 236 15.362291 0.001097 0.000071
923.500000 240 15.491933 0.001116 0.000072
924.500000 226 15.033296 0.001051 0.000070
925.500000 209 14.456832 0.000972 0.000067
926.500000 230 15.165751 0.001069 0.000071
927.500000 231 15.198684 0.001074 0.000071
928.500000 228 15.099669 0.001060 0.000070
929.500000 233 15.264338 0.001083 0.000071
930.500000 210 14.491377 0.000976 0.000067
931.500000 238 15.427249 0.001107 0.000072
932.500000 197 14.035669 0.000916 0.000065
933.500000 203 14.247807 0.000944 0.000066
934.500000 203 14.247807 0.000944 0.000066
935.500000 225 15.000000 0.001046 0.000070
936.500000 205 14.317821 0.000953 0.000067
937.500000 218 14.764823 0.001014 0.000069
938.500000 203 14.247807 0.000944 0.000066
939.500000 196 14.000000 0.000911 0.000065
940.500000 202 14.212670 0.000939 0.000066
941.500000 192 13.856406 0.000893 0.000064
942.500000 173 13.152946 0.000804 0.000061
943.500000 166 12.884099 0.000772 0.000060
944.500000 173 13.152946 0.000804 0.000061
945.500000 187 13.674794 0.000869 0.000064
946.500000 175 13.228757 0.000814 0.000062
947.500000 176 13.266499 0.000818 0.000062
948.500000 185 13.601471 0.000860 0.000063
949.500000 182 13.490738 0.000846 0.000063
950.500000 156 12.489996 0.000725 0.000058
951.500000 157 12.529964 0.000730 0.000058
952.500000 181 13.453624 0.000842 0.000063
953.500000 178 13.341664 0.000828 0.000062
954.500000 161 12.688578 0.000749 0.000059
955.500000 150 12.247449 0.000697 0.000057
956.500000 156 12.489996 0.000725 0.000058
957.500000 149 12.206556 0.000693 0.000057
958.500000 141 11.874342 0.000656 0.000055
959.500000 137 11.704700 0.000637 0.000054
960.500000 139 11.789826 0.000646 0.000055
961.500000 155 12.449900 0.000721 0.000058
962.500000 127 11.269428 0.000590 0.000052
963.500000 140 11.832160 0.000651 0.000055
964.500000 121 11.000000 0.000563 0.000051
965.500000 143 11.958261 0.000665 0.000056
966.500000 124 11.135529 0.000577 0.000052
967.500000 160 12.649111 0.000744 0.000059
968.500000 127 11.269428 0.000590 0.000052
969.500000 127 11.269428 0.000590 0.000052
970.500000 130 11.401754 0.000604 0.000053
971.500000 119 10.908712 0.000553 0.000051
972.500000 131 11.445523 0.000609 0.000053
973.500000 121 11.000000 0.000563 0.000051
974.500000 101 10.049876 0.000470 0.000047
975.500000 121 11.000000 0.000563 0.000051
976.500000 116 10.770330 0.000539 0.000050
977.500000 120 10.954451 0.000558 0.000051
978.500000 119 10.908712 0.000553 0.000051
979.500000 127 11.269428 0.000590 0.000052
980.500000 119 10.908712 0.000553 0.000051
981.500000 106 10.295630 0.000493 0.000048
982.500000 93 9.643651 0.000432 0.000045
983.500000 111 10.535654 0.000516 0.000049
984.500000 103 10.148892 0.000479 0.000047
985.500000 112 10.583005 0.000521 0.000049
986.500000 91 9.539392 0.000423 0.000044
987.500000 102 10.099505 0.000474 0.000047
988.500000 108 10.392305 0.000502 0.000048
989.500000 96 9.797959 0.000446 0.000046
990.500000 109 10.440307 0.000507 0.000049
991.500000 100 10.000000 0.000465 0.000047
992.500000 100 10.000000 0.000465 0.000047
993.500000 103 10.148892 0.000479 0.000047
994.500000 80 8.944272 0.000372 0.000042
995.500000 85 9.219544 0.000395 0.000043
996.500000 87 9.327379 0.000404 0.000043
997.500000 82 9.055385 0.000381 0.000042
998.500000 81 9.000000 0.000377 0.000042
999.500000 84 9.165151 0.000391 0.000043
1000.500000 93 9.643651 0.000432 0.000045
1001.500000 85 9.219544 0.000395 0.000043
1002.500000 74 8.602325 0.000344 0.000040
1003.500000 75 8.660254 0.000349 0.000040
1004.500000 95 9.746794 0.000442 0.000045
1005.500000 73 8.544004 0.000339 0.000040
1006.500000 81 9.000000 0.000377 0.000042
1007.500000 71 8.426150 0.000330 0.000039
1008.500000 77 8.774964 0.000358 0.000041
1009.500000 79 8.888194 0.000367 0.000041
1010.500000 78 8.831761 0.000363 0.000041
1011.500000 67 8.185353 0.000312 0.000038
1012.500000 71 8.426150 0.000330 0.000039
1013.500000 79 8.888194 0.000367 0.000041
1014.500000 77 8.774964 0.000358 0.000041
1015.500000 71 8.426150 0.000330 0.000039
1016.500000 69 8.306624 0.000321 0.000039
1017.500000 79 8.888194 0.000367 0.000041
1018.500000 67 8.185353 0.000312 0.000038
1019.500000 79 8.888194 0.000367 0.000041
1020.500000 57 7.549834 0.000265 0.000035
1021.500000 71 8.426150 0.000330 0.000039
1022.500000 73 8.544004 0.000339 0.000040
1023.500000 51 7.141428 0.000237 0.000033
