# name, dx, fmax, fmax_err, norm_value, norm_vale_err
# 22Na_500D 1 173987 417.11748944392156 1 0
# bin_center, freq, freq_err, norm_freq, norm_freq_err
0.500000 143 11.958261 143.000000 11.958261
1.500000 159 12.609520 159.000000 12.609520
2.500000 137 11.704700 137.000000 11.704700
3.500000 173 13.152946 173.000000 13.152946
4.500000 929 30.479501 929.000000 30.479501
5.500000 3424 58.514955 3424.000000 58.514955
6.500000 21830 147.749788 21830.000000 147.749788
7.500000 66542 257.957361 66542.000000 257.957361
8.500000 84059 289.929302 84059.000000 289.929302
9.500000 125305 353.984463 125305.000000 353.984463
10.500000 123697 351.705843 123697.000000 351.705843
11.500000 120841 347.621921 120841.000000 347.621921
12.500000 121705 348.862437 121705.000000 348.862437
13.500000 122593 350.132832 122593.000000 350.132832
14.500000 123147 350.923068 123147.000000 350.923068
15.500000 124136 352.329391 124136.000000 352.329391
16.500000 126091 355.092946 126091.000000 355.092946
17.500000 127588 357.194625 127588.000000 357.194625
18.500000 129104 359.310451 129104.000000 359.310451
19.500000 130593 361.376535 130593.000000 361.376535
20.500000 132625 364.177155 132625.000000 364.177155
21.500000 134693 367.005450 134693.000000 367.005450
22.500000 136104 368.922756 136104.000000 368.922756
23.500000 138230 371.792953 138230.000000 371.792953
24.500000 140220 374.459611 140220.000000 374.459611
25.500000 143405 378.688526 143405.000000 378.688526
26.500000 145204 381.056426 145204.000000 381.056426
27.500000 147680 384.291556 147680.000000 384.291556
28.500000 151078 388.687535 151078.000000 388.687535
29.500000 153994 392.420693 153994.000000 392.420693
30.500000 157936 397.411625 157936.000000 397.411625
31.500000 160149 400.186207 160149.000000 400.186207
32.500000 163779 404.696182 163779.000000 404.696182
33.500000 166274 407.767090 166274.000000 407.767090
34.500000 168771 410.817478 168771.000000 410.817478
35.500000 169982 412.288734 169982.000000 412.288734
36.500000 172306 415.097579 172306.000000 415.097579
37.500000 172960 415.884599 172960.000000 415.884599
38.500000 173589 416.640132 173589.000000 416.640132
39.500000 173891 417.002398 173891.000000 417.002398
40.500000 173987 417.117489 173987.000000 417.117489
41.500000 173444 416.466085 173444.000000 416.466085
42.500000 173273 416.260736 173273.000000 416.260736
43.500000 170787 413.263838 170787.000000 413.263838
44.500000 169435 411.624829 169435.000000 411.624829
45.500000 167648 409.448409 167648.000000 409.448409
46.500000 166024 407.460428 166024.000000 407.460428
47.500000 164140 405.141950 164140.000000 405.141950
48.500000 161646 402.052235 161646.000000 402.052235
49.500000 158940 398.672798 158940.000000 398.672798
50.500000 157131 396.397528 157131.000000 396.397528
51.500000 154360 392.886752 154360.000000 392.886752
52.500000 152465 390.467668 152465.000000 390.467668
53.500000 149079 386.107498 149079.000000 386.107498
54.500000 147224 383.697798 147224.000000 383.697798
55.500000 145095 380.913376 145095.000000 380.913376
56.500000 142987 378.136219 142987.000000 378.136219
57.500000 140743 375.157300 140743.000000 375.157300
58.500000 139525 373.530454 139525.000000 373.530454
59.500000 137028 370.172933 137028.000000 370.172933
60.500000 134714 367.034058 134714.000000 367.034058
61.500000 134255 366.408242 134255.000000 366.408242
62.500000 132537 364.056314 132537.000000 364.056314
63.500000 130622 361.416657 130622.000000 361.416657
64.500000 129178 359.413411 129178.000000 359.413411
65.500000 127747 357.417123 127747.000000 357.417123
66.500000 126113 355.123922 126113.000000 355.123922
67.500000 125123 353.727296 125123.000000 353.727296
68.500000 122894 350.562405 122894.000000 350.562405
69.500000 122214 349.591190 122214.000000 349.591190
70.500000 120652 347.349968 120652.000000 347.349968
71.500000 120071 346.512626 120071.000000 346.512626
72.500000 118277 343.914233 118277.000000 343.914233
73.500000 116745 341.679675 116745.000000 341.679675
74.500000 115969 340.542215 115969.000000 340.542215
75.500000 113397 336.744710 113397.000000 336.744710
76.500000 112589 335.542844 112589.000000 335.542844
77.500000 110388 332.246896 110388.000000 332.246896
78.500000 108494 329.384274 108494.000000 329.384274
79.500000 106507 326.354102 106507.000000 326.354102
80.500000 103657 321.958072 103657.000000 321.958072
81.500000 102270 319.796810 102270.000000 319.796810
82.500000 99891 316.055375 99891.000000 316.055375
83.500000 97356 312.019230 97356.000000 312.019230
84.500000 94470 307.359724 94470.000000 307.359724
85.500000 91880 303.117139 91880.000000 303.117139
86.500000 89772 299.619759 89772.000000 299.619759
87.500000 86530 294.159821 86530.000000 294.159821
88.500000 83694 289.299153 83694.000000 289.299153
89.500000 81887 286.159047 81887.000000 286.159047
90.500000 79593 282.122314 79593.000000 282.122314
91.500000 77756 278.847629 77756.000000 278.847629
92.500000 75527 274.821760 75527.000000 274.821760
93.500000 73288 270.717565 73288.000000 270.717565
94.500000 71885 268.113782 71885.000000 268.113782
95.500000 71141 266.722702 71141.000000 266.722702
96.500000 69350 263.343882 69350.000000 263.343882
97.500000 68952 262.587128 68952.000000 262.587128
98.500000 67653 260.101903 67653.000000 260.101903
99.500000 67699 260.190315 67699.000000 260.190315
100.500000 67387 259.590061 67387.000000 259.590061
101.500000 67717 260.224903 67717.000000 260.224903
102.500000 68062 260.886949 68062.000000 260.886949
103.500000 68734 262.171699 68734.000000 262.171699
104.500000 69833 264.259342 69833.000000 264.259342
105.500000 71395 267.198428 71395.000000 267.198428
106.500000 73736 271.543735 73736.000000 271.543735
107.500000 75913 275.523139 75913.000000 275.523139
108.500000 77860 279.034048 77860.000000 279.034048
109.500000 81658 285.758639 81658.000000 285.758639
110.500000 85103 291.724185 85103.000000 291.724185
111.500000 88398 297.318012 88398.000000 297.318012
112.500000 93006 304.968851 93006.000000 304.968851
113.500000 97731 312.619577 97731.000000 312.619577
114.500000 102998 320.933015 102998.000000 320.933015
115.500000 108271 329.045590 108271.000000 329.045590
116.500000 113858 337.428511 113858.000000 337.428511
117.500000 119677 345.943637 119677.000000 345.943637
118.500000 126350 355.457452 126350.000000 355.457452
119.500000 131544 362.689950 131544.000000 362.689950
120.500000 138693 372.415091 138693.000000 372.415091
121.500000 143439 378.733415 143439.000000 378.733415
122.500000 149430 386.561767 149430.000000 386.561767
123.500000 154847 393.506036 154847.000000 393.506036
124.500000 158699 398.370431 158699.000000 398.370431
125.500000 163601 404.476204 163601.000000 404.476204
126.500000 166230 407.713134 166230.000000 407.713134
127.500000 169425 411.612682 169425.000000 411.612682
128.500000 170402 412.797771 170402.000000 412.797771
129.500000 171044 413.574661 171044.000000 413.574661
130.500000 171864 414.564832 171864.000000 414.564832
131.500000 170531 412.953993 170531.000000 412.953993
132.500000 168928 411.008516 168928.000000 411.008516
133.500000 166689 408.275642 166689.000000 408.275642
134.500000 163742 404.650466 163742.000000 404.650466
135.500000 160830 401.036158 160830.000000 401.036158
136.500000 156594 395.719598 156594.000000 395.719598
137.500000 151950 389.807645 151950.000000 389.807645
138.500000 148122 384.866211 148122.000000 384.866211
139.500000 142641 377.678435 142641.000000 377.678435
140.500000 137105 370.276923 137105.000000 370.276923
141.500000 131611 362.782304 131611.000000 362.782304
142.500000 126515 355.689471 126515.000000 355.689471
143.500000 121330 348.324561 121330.000000 348.324561
144.500000 116652 341.543555 116652.000000 341.543555
145.500000 111282 333.589568 111282.000000 333.589568
146.500000 106157 325.817434 106157.000000 325.817434
147.500000 101746 318.976488 101746.000000 318.976488
148.500000 97555 312.337958 97555.000000 312.337958
149.500000 92937 304.855704 92937.000000 304.855704
150.500000 89657 299.427788 89657.000000 299.427788
151.500000 85559 292.504701 85559.000000 292.504701
152.500000 82729 287.626494 82729.000000 287.626494
153.500000 79297 281.597230 79297.000000 281.597230
154.500000 75845 275.399710 75845.000000 275.399710
155.500000 72759 269.738763 72759.000000 269.738763
156.500000 69397 263.433103 69397.000000 263.433103
157.500000 67120 259.075279 67120.000000 259.075279
158.500000 63831 252.647976 63831.000000 252.647976
159.500000 62062 249.122460 62062.000000 249.122460
160.500000 59378 243.676014 59378.000000 243.676014
161.500000 57590 239.979166 57590.000000 239.979166
162.500000 55155 234.851017 55155.000000 234.851017
163.500000 53435 231.160118 53435.000000 231.160118
164.500000 50865 225.532703 50865.000000 225.532703
165.500000 49423 222.312843 49423.000000 222.312843
166.500000 47817 218.670986 47817.000000 218.670986
167.500000 45722 213.827033 45722.000000 213.827033
168.500000 44147 210.111875 44147.000000 210.111875
169.500000 42703 206.647042 42703.000000 206.647042
170.500000 41462 203.622199 41462.000000 203.622199
171.500000 39608 199.017587 39608.000000 199.017587
172.500000 39165 197.901491 39165.000000 197.901491
173.500000 37580 193.855616 37580.000000 193.855616
174.500000 36923 192.153584 36923.000000 192.153584
175.500000 36049 189.865742 36049.000000 189.865742
176.500000 35154 187.494000 35154.000000 187.494000
177.500000 34352 185.342925 34352.000000 185.342925
178.500000 33909 184.143965 33909.000000 184.143965
179.500000 33563 183.202074 33563.000000 183.202074
180.500000 32625 180.623919 32625.000000 180.623919
181.500000 32043 179.005587 32043.000000 179.005587
182.500000 31730 178.129167 31730.000000 178.129167
183.500000 31059 176.235638 31059.000000 176.235638
184.500000 30742 175.333967 30742.000000 175.333967
185.500000 30611 174.959995 30611.000000 174.959995
186.500000 30066 173.395502 30066.000000 173.395502
187.500000 29595 172.031974 29595.000000 172.031974
188.500000 29569 171.956390 29569.000000 171.956390
189.500000 29084 170.540318 29084.000000 170.540318
190.500000 28627 169.195154 28627.000000 169.195154
191.500000 28963 170.185193 28963.000000 170.185193
192.500000 28641 169.236521 28641.000000 169.236521
193.500000 28516 168.866811 28516.000000 168.866811
194.500000 28221 167.991071 28221.000000 167.991071
195.500000 28176 167.857082 28176.000000 167.857082
196.500000 28097 167.621598 28097.000000 167.621598
197.500000 27925 167.107750 27925.000000 167.107750
198.500000 27701 166.436174 27701.000000 166.436174
199.500000 27461 165.713608 27461.000000 165.713608
200.500000 27440 165.650234 27440.000000 165.650234
201.500000 27201 164.927257 27201.000000 164.927257
202.500000 27115 164.666329 27115.000000 164.666329
203.500000 27155 164.787742 27155.000000 164.787742
204.500000 26756 163.572614 26756.000000 163.572614
205.500000 26928 164.097532 26928.000000 164.097532
206.500000 26887 163.972559 26887.000000 163.972559
207.500000 26509 162.815847 26509.000000 162.815847
208.500000 26231 161.959872 26231.000000 161.959872
209.500000 26499 162.785134 26499.000000 162.785134
210.500000 26256 162.037033 26256.000000 162.037033
211.500000 26253 162.027775 26253.000000 162.027775
212.500000 26093 161.533278 26093.000000 161.533278
213.500000 26241 161.990740 26241.000000 161.990740
214.500000 25971 161.155205 25971.000000 161.155205
215.500000 25647 160.146808 25647.000000 160.146808
216.500000 25750 160.468065 25750.000000 160.468065
217.500000 25518 159.743544 25518.000000 159.743544
218.500000 25525 159.765453 25525.000000 159.765453
219.500000 25544 159.824904 25544.000000 159.824904
220.500000 25793 160.601993 25793.000000 160.601993
221.500000 25423 159.445916 25423.000000 159.445916
222.500000 25246 158.889899 25246.000000 158.889899
223.500000 25310 159.091169 25310.000000 159.091169
224.500000 25584 159.949992 25584.000000 159.949992
225.500000 24921 157.863865 24921.000000 157.863865
226.500000 24986 158.069605 24986.000000 158.069605
227.500000 24898 157.791001 24898.000000 157.791001
228.500000 24906 157.816349 24906.000000 157.816349
229.500000 24822 157.549992 24822.000000 157.549992
230.500000 24996 158.101233 24996.000000 158.101233
231.500000 24678 157.092330 24678.000000 157.092330
232.500000 25048 158.265600 25048.000000 158.265600
233.500000 24534 156.633330 24534.000000 156.633330
234.500000 24727 157.248211 24727.000000 157.248211
235.500000 24818 157.537297 24818.000000 157.537297
236.500000 24768 157.378525 24768.000000 157.378525
237.500000 24771 157.388055 24771.000000 157.388055
238.500000 24738 157.283184 24738.000000 157.283184
239.500000 24541 156.655673 24541.000000 156.655673
240.500000 24618 156.901243 24618.000000 156.901243
241.500000 24314 155.929471 24314.000000 155.929471
242.500000 24191 155.534562 24191.000000 155.534562
243.500000 24446 156.352167 24446.000000 156.352167
244.500000 24453 156.374550 24453.000000 156.374550
245.500000 24364 156.089718 24364.000000 156.089718
246.500000 23982 154.861228 23982.000000 154.861228
247.500000 24062 155.119309 24062.000000 155.119309
248.500000 24297 155.874950 24297.000000 155.874950
249.500000 24294 155.865326 24294.000000 155.865326
250.500000 24064 155.125755 24064.000000 155.125755
251.500000 23987 154.877371 23987.000000 154.877371
252.500000 24146 155.389832 24146.000000 155.389832
253.500000 23770 154.175225 23770.000000 154.175225
254.500000 24232 155.666310 24232.000000 155.666310
255.500000 23806 154.291931 23806.000000 154.291931
256.500000 23449 153.130663 23449.000000 153.130663
257.500000 23536 153.414471 23536.000000 153.414471
258.500000 23606 153.642442 23606.000000 153.642442
259.500000 23356 152.826699 23356.000000 152.826699
260.500000 23561 153.495928 23561.000000 153.495928
261.500000 23297 152.633548 23297.000000 152.633548
262.500000 23169 152.213666 23169.000000 152.213666
263.500000 23005 151.673992 23005.000000 151.673992
264.500000 22969 151.555270 22969.000000 151.555270
265.500000 22751 150.834346 22751.000000 150.834346
266.500000 22742 150.804509 22742.000000 150.804509
267.500000 22607 150.356244 22607.000000 150.356244
268.500000 22725 150.748134 22725.000000 150.748134
269.500000 22345 149.482440 22345.000000 149.482440
270.500000 22127 148.751471 22127.000000 148.751471
271.500000 22041 148.462116 22041.000000 148.462116
272.500000 21553 146.809400 21553.000000 146.809400
273.500000 21681 147.244694 21681.000000 147.244694
274.500000 21343 146.092436 21343.000000 146.092436
275.500000 21054 145.099966 21054.000000 145.099966
276.500000 21167 145.488831 21167.000000 145.488831
277.500000 21008 144.941367 21008.000000 144.941367
278.500000 20552 143.359687 20552.000000 143.359687
279.500000 20399 142.825068 20399.000000 142.825068
280.500000 19975 141.332940 19975.000000 141.332940
281.500000 20274 142.386797 20274.000000 142.386797
282.500000 19958 141.272786 19958.000000 141.272786
283.500000 19712 140.399430 19712.000000 140.399430
284.500000 20045 141.580366 20045.000000 141.580366
285.500000 19670 140.249777 19670.000000 140.249777
286.500000 19263 138.791210 19263.000000 138.791210
287.500000 19478 139.563606 19478.000000 139.563606
288.500000 19242 138.715536 19242.000000 138.715536
289.500000 18591 136.348817 18591.000000 136.348817
290.500000 18968 137.724362 18968.000000 137.724362
291.500000 18789 137.072973 18789.000000 137.072973
292.500000 18604 136.396481 18604.000000 136.396481
293.500000 18629 136.488095 18629.000000 136.488095
294.500000 18510 136.051461 18510.000000 136.051461
295.500000 18487 135.966908 18487.000000 135.966908
296.500000 18300 135.277493 18300.000000 135.277493
297.500000 18444 135.808689 18444.000000 135.808689
298.500000 18134 134.662541 18134.000000 134.662541
299.500000 18181 134.836939 18181.000000 134.836939
300.500000 18067 134.413541 18067.000000 134.413541
301.500000 18091 134.502788 18091.000000 134.502788
302.500000 18005 134.182711 18005.000000 134.182711
303.500000 18221 134.985184 18221.000000 134.985184
304.500000 18234 135.033329 18234.000000 135.033329
305.500000 18403 135.657657 18403.000000 135.657657
306.500000 18184 134.848063 18184.000000 134.848063
307.500000 18401 135.650286 18401.000000 135.650286
308.500000 18572 136.279125 18572.000000 136.279125
309.500000 18450 135.830777 18450.000000 135.830777
310.500000 18740 136.894120 18740.000000 136.894120
311.500000 18599 136.378151 18599.000000 136.378151
312.500000 18699 136.744287 18699.000000 136.744287
313.500000 18678 136.667480 18678.000000 136.667480
314.500000 18862 137.338997 18862.000000 137.338997
315.500000 18692 136.718689 18692.000000 136.718689
316.500000 18765 136.985401 18765.000000 136.985401
317.500000 18951 137.662631 18951.000000 137.662631
318.500000 18608 136.411143 18608.000000 136.411143
319.500000 18984 137.782437 18984.000000 137.782437
320.500000 18878 137.397234 18878.000000 137.397234
321.500000 19019 137.909391 19019.000000 137.909391
322.500000 18692 136.718689 18692.000000 136.718689
323.500000 18857 137.320792 18857.000000 137.320792
324.500000 18457 135.856542 18457.000000 135.856542
325.500000 18235 135.037032 18235.000000 135.037032
326.500000 18033 134.287006 18033.000000 134.287006
327.500000 18186 134.855478 18186.000000 134.855478
328.500000 17988 134.119350 17988.000000 134.119350
329.500000 17603 132.676298 17603.000000 132.676298
330.500000 17536 132.423563 17536.000000 132.423563
331.500000 17304 131.544669 17304.000000 131.544669
332.500000 17077 130.678996 17077.000000 130.678996
333.500000 17024 130.476051 17024.000000 130.476051
334.500000 16568 128.716743 16568.000000 128.716743
335.500000 16142 127.051171 16142.000000 127.051171
336.500000 16189 127.236001 16189.000000 127.236001
337.500000 15846 125.880896 15846.000000 125.880896
338.500000 15599 124.895957 15599.000000 124.895957
339.500000 15271 123.575888 15271.000000 123.575888
340.500000 14844 121.835955 14844.000000 121.835955
341.500000 14490 120.374416 14490.000000 120.374416
342.500000 14488 120.366108 14488.000000 120.366108
343.500000 14073 118.629676 14073.000000 118.629676
344.500000 13771 117.349904 13771.000000 117.349904
345.500000 13496 116.172286 13496.000000 116.172286
346.500000 13184 114.821601 13184.000000 114.821601
347.500000 12968 113.877127 12968.000000 113.877127
348.500000 12535 111.959814 12535.000000 111.959814
349.500000 12313 110.963958 12313.000000 110.963958
350.500000 12209 110.494344 12209.000000 110.494344
351.500000 11839 108.807169 11839.000000 108.807169
352.500000 11676 108.055541 11676.000000 108.055541
353.500000 11384 106.695829 11384.000000 106.695829
354.500000 11252 106.075445 11252.000000 106.075445
355.500000 11076 105.242577 11076.000000 105.242577
356.500000 10927 104.532292 10927.000000 104.532292
357.500000 10527 102.601170 10527.000000 102.601170
358.500000 10337 101.671038 10337.000000 101.671038
359.500000 10108 100.538550 10108.000000 100.538550
360.500000 10103 100.513681 10103.000000 100.513681
361.500000 9781 98.898938 9781.000000 98.898938
362.500000 9499 97.462813 9499.000000 97.462813
363.500000 9396 96.932967 9396.000000 96.932967
364.500000 9218 96.010416 9218.000000 96.010416
365.500000 9056 95.163018 9056.000000 95.163018
366.500000 8972 94.720642 8972.000000 94.720642
367.500000 8542 92.422941 8542.000000 92.422941
368.500000 8731 93.439820 8731.000000 93.439820
369.500000 8491 92.146622 8491.000000 92.146622
370.500000 8410 91.706052 8410.000000 91.706052
371.500000 8251 90.835015 8251.000000 90.835015
372.500000 8205 90.581455 8205.000000 90.581455
373.500000 8116 90.088845 8116.000000 90.088845
374.500000 7840 88.543774 7840.000000 88.543774
375.500000 7770 88.147603 7770.000000 88.147603
376.500000 7498 86.590993 7498.000000 86.590993
377.500000 7538 86.821656 7538.000000 86.821656
378.500000 7307 85.480992 7307.000000 85.480992
379.500000 7191 84.799764 7191.000000 84.799764
380.500000 7232 85.041167 7232.000000 85.041167
381.500000 7052 83.976187 7052.000000 83.976187
382.500000 6817 82.565126 6817.000000 82.565126
383.500000 6762 82.231381 6762.000000 82.231381
384.500000 6688 81.780193 6688.000000 81.780193
385.500000 6663 81.627201 6663.000000 81.627201
386.500000 6590 81.178815 6590.000000 81.178815
387.500000 6339 79.617837 6339.000000 79.617837
388.500000 6319 79.492138 6319.000000 79.492138
389.500000 6067 77.890949 6067.000000 77.890949
390.500000 6166 78.523882 6166.000000 78.523882
391.500000 6017 77.569324 6017.000000 77.569324
392.500000 5942 77.084369 5942.000000 77.084369
393.500000 5661 75.239617 5661.000000 75.239617
394.500000 5623 74.986665 5623.000000 74.986665
395.500000 5680 75.365775 5680.000000 75.365775
396.500000 5491 74.101282 5491.000000 74.101282
397.500000 5455 73.857972 5455.000000 73.857972
398.500000 5386 73.389373 5386.000000 73.389373
399.500000 5210 72.180330 5210.000000 72.180330
400.500000 5136 71.665891 5136.000000 71.665891
401.500000 5052 71.077423 5052.000000 71.077423
402.500000 4951 70.363343 4951.000000 70.363343
403.500000 4685 68.447060 4685.000000 68.447060
404.500000 4781 69.144776 4781.000000 69.144776
405.500000 4679 68.403216 4679.000000 68.403216
406.500000 4515 67.193750 4515.000000 67.193750
407.500000 4477 66.910388 4477.000000 66.910388
408.500000 4450 66.708320 4450.000000 66.708320
409.500000 4262 65.283995 4262.000000 65.283995
410.500000 4324 65.757129 4324.000000 65.757129
411.500000 4260 65.268675 4260.000000 65.268675
412.500000 4185 64.691576 4185.000000 64.691576
413.500000 4044 63.592452 4044.000000 63.592452
414.500000 4086 63.921827 4086.000000 63.921827
415.500000 4120 64.187226 4120.000000 64.187226
416.500000 3911 62.537988 3911.000000 62.537988
417.500000 3855 62.088646 3855.000000 62.088646
418.500000 3894 62.401923 3894.000000 62.401923
419.500000 3730 61.073726 3730.000000 61.073726
420.500000 3707 60.885138 3707.000000 60.885138
421.500000 3623 60.191362 3623.000000 60.191362
422.500000 3510 59.245253 3510.000000 59.245253
423.500000 3469 58.898217 3469.000000 58.898217
424.500000 3505 59.203040 3505.000000 59.203040
425.500000 3472 58.923679 3472.000000 58.923679
426.500000 3411 58.403767 3411.000000 58.403767
427.500000 3392 58.240879 3392.000000 58.240879
428.500000 3305 57.489129 3305.000000 57.489129
429.500000 3321 57.628118 3321.000000 57.628118
430.500000 3227 56.806690 3227.000000 56.806690
431.500000 3264 57.131427 3264.000000 57.131427
432.500000 3200 56.568542 3200.000000 56.568542
433.500000 3197 56.542020 3197.000000 56.542020
434.500000 3171 56.311633 3171.000000 56.311633
435.500000 3025 55.000000 3025.000000 55.000000
436.500000 3154 56.160484 3154.000000 56.160484
437.500000 3135 55.991071 3135.000000 55.991071
438.500000 2971 54.506880 2971.000000 54.506880
439.500000 2987 54.653454 2987.000000 54.653454
440.500000 2970 54.497706 2970.000000 54.497706
441.500000 3037 55.108983 3037.000000 55.108983
442.500000 2947 54.286278 2947.000000 54.286278
443.500000 2895 53.805204 2895.000000 53.805204
444.500000 2749 52.430907 2749.000000 52.430907
445.500000 2734 52.287666 2734.000000 52.287666
446.500000 2783 52.754147 2783.000000 52.754147
447.500000 2730 52.249402 2730.000000 52.249402
448.500000 2807 52.981129 2807.000000 52.981129
449.500000 2804 52.952809 2804.000000 52.952809
450.500000 2684 51.807335 2684.000000 51.807335
451.500000 2696 51.923020 2696.000000 51.923020
452.500000 2682 51.788030 2682.000000 51.788030
453.500000 2686 51.826634 2686.000000 51.826634
454.500000 2609 51.078371 2609.000000 51.078371
455.500000 2549 50.487622 2549.000000 50.487622
456.500000 2653 51.507281 2653.000000 51.507281
457.500000 2617 51.156622 2617.000000 51.156622
458.500000 2546 50.457903 2546.000000 50.457903
459.500000 2412 49.112117 2412.000000 49.112117
460.500000 2485 49.849774 2485.000000 49.849774
461.500000 2364 48.620983 2364.000000 48.620983
462.500000 2439 49.386233 2439.000000 49.386233
463.500000 2378 48.764741 2378.000000 48.764741
464.500000 2423 49.223978 2423.000000 49.223978
465.500000 2332 48.290786 2332.000000 48.290786
466.500000 2318 48.145612 2318.000000 48.145612
467.500000 2223 47.148701 2223.000000 47.148701
468.500000 2301 47.968740 2301.000000 47.968740
469.500000 2270 47.644517 2270.000000 47.644517
470.500000 2139 46.249324 2139.000000 46.249324
471.500000 2165 46.529560 2165.000000 46.529560
472.500000 2165 46.529560 2165.000000 46.529560
473.500000 2116 46.000000 2116.000000 46.000000
474.500000 2177 46.658333 2177.000000 46.658333
475.500000 2114 45.978256 2114.000000 45.978256
476.500000 2084 45.650849 2084.000000 45.650849
477.500000 2126 46.108568 2126.000000 46.108568
478.500000 2019 44.933284 2019.000000 44.933284
479.500000 2167 46.551047 2167.000000 46.551047
480.500000 2153 46.400431 2153.000000 46.400431
481.500000 1955 44.215382 1955.000000 44.215382
482.500000 2007 44.799554 2007.000000 44.799554
483.500000 2019 44.933284 2019.000000 44.933284
484.500000 1994 44.654227 1994.000000 44.654227
485.500000 1996 44.676616 1996.000000 44.676616
486.500000 2079 45.596052 2079.000000 45.596052
487.500000 1905 43.646306 1905.000000 43.646306
488.500000 2083 45.639895 2083.000000 45.639895
489.500000 2129 46.141088 2129.000000 46.141088
490.500000 1972 44.407207 1972.000000 44.407207
491.500000 1998 44.698993 1998.000000 44.698993
492.500000 1909 43.692105 1909.000000 43.692105
493.500000 1941 44.056782 1941.000000 44.056782
494.500000 1971 44.395946 1971.000000 44.395946
495.500000 1868 43.220366 1868.000000 43.220366
496.500000 1939 44.034078 1939.000000 44.034078
497.500000 1896 43.543082 1896.000000 43.543082
498.500000 1912 43.726422 1912.000000 43.726422
499.500000 1924 43.863424 1924.000000 43.863424
500.500000 1811 42.555846 1811.000000 42.555846
501.500000 1813 42.579338 1813.000000 42.579338
502.500000 1936 44.000000 1936.000000 44.000000
503.500000 1933 43.965896 1933.000000 43.965896
504.500000 1823 42.696604 1823.000000 42.696604
505.500000 1945 44.102154 1945.000000 44.102154
506.500000 1777 42.154478 1777.000000 42.154478
507.500000 1791 42.320208 1791.000000 42.320208
508.500000 1836 42.848571 1836.000000 42.848571
509.500000 1834 42.825226 1834.000000 42.825226
510.500000 1773 42.107007 1773.000000 42.107007
511.500000 1776 42.142615 1776.000000 42.142615
512.500000 1712 41.376322 1712.000000 41.376322
513.500000 1822 42.684892 1822.000000 42.684892
514.500000 1756 41.904654 1756.000000 41.904654
515.500000 1813 42.579338 1813.000000 42.579338
516.500000 1824 42.708313 1824.000000 42.708313
517.500000 1720 41.472883 1720.000000 41.472883
518.500000 1774 42.118879 1774.000000 42.118879
519.500000 1742 41.737274 1742.000000 41.737274
520.500000 1704 41.279535 1704.000000 41.279535
521.500000 1789 42.296572 1789.000000 42.296572
522.500000 1698 41.206796 1698.000000 41.206796
523.500000 1838 42.871902 1838.000000 42.871902
524.500000 1725 41.533119 1725.000000 41.533119
525.500000 1747 41.797129 1747.000000 41.797129
526.500000 1704 41.279535 1704.000000 41.279535
527.500000 1674 40.914545 1674.000000 40.914545
528.500000 1714 41.400483 1714.000000 41.400483
529.500000 1740 41.713307 1740.000000 41.713307
530.500000 1741 41.725292 1741.000000 41.725292
531.500000 1696 41.182521 1696.000000 41.182521
532.500000 1723 41.509035 1723.000000 41.509035
533.500000 1633 40.410395 1633.000000 40.410395
534.500000 1630 40.373258 1630.000000 40.373258
535.500000 1644 40.546270 1644.000000 40.546270
536.500000 1721 41.484937 1721.000000 41.484937
537.500000 1643 40.533936 1643.000000 40.533936
538.500000 1661 40.755368 1661.000000 40.755368
539.500000 1580 39.749214 1580.000000 39.749214
540.500000 1635 40.435133 1635.000000 40.435133
541.500000 1642 40.521599 1642.000000 40.521599
542.500000 1596 39.949969 1596.000000 39.949969
543.500000 1609 40.112342 1609.000000 40.112342
544.500000 1665 40.804412 1665.000000 40.804412
545.500000 1643 40.533936 1643.000000 40.533936
546.500000 1661 40.755368 1661.000000 40.755368
547.500000 1585 39.812058 1585.000000 39.812058
548.500000 1500 38.729833 1500.000000 38.729833
549.500000 1604 40.049969 1604.000000 40.049969
550.500000 1535 39.179076 1535.000000 39.179076
551.500000 1532 39.140772 1532.000000 39.140772
552.500000 1615 40.187063 1615.000000 40.187063
553.500000 1545 39.306488 1545.000000 39.306488
554.500000 1541 39.255573 1541.000000 39.255573
555.500000 1558 39.471509 1558.000000 39.471509
556.500000 1512 38.884444 1512.000000 38.884444
557.500000 1492 38.626416 1492.000000 38.626416
558.500000 1522 39.012818 1522.000000 39.012818
559.500000 1488 38.574603 1488.000000 38.574603
560.500000 1486 38.548671 1486.000000 38.548671
561.500000 1518 38.961519 1518.000000 38.961519
562.500000 1497 38.691084 1497.000000 38.691084
563.500000 1440 37.947332 1440.000000 37.947332
564.500000 1439 37.934153 1439.000000 37.934153
565.500000 1472 38.366652 1472.000000 38.366652
566.500000 1492 38.626416 1492.000000 38.626416
567.500000 1411 37.563280 1411.000000 37.563280
568.500000 1413 37.589892 1413.000000 37.589892
569.500000 1391 37.296112 1391.000000 37.296112
570.500000 1440 37.947332 1440.000000 37.947332
571.500000 1407 37.509999 1407.000000 37.509999
572.500000 1356 36.823905 1356.000000 36.823905
573.500000 1420 37.682887 1420.000000 37.682887
574.500000 1442 37.973675 1442.000000 37.973675
575.500000 1445 38.013156 1445.000000 38.013156
576.500000 1353 36.783148 1353.000000 36.783148
577.500000 1403 37.456642 1403.000000 37.456642
578.500000 1400 37.416574 1400.000000 37.416574
579.500000 1362 36.905284 1362.000000 36.905284
580.500000 1412 37.576588 1412.000000 37.576588
581.500000 1345 36.674242 1345.000000 36.674242
582.500000 1366 36.959437 1366.000000 36.959437
583.500000 1361 36.891733 1361.000000 36.891733
584.500000 1346 36.687873 1346.000000 36.687873
585.500000 1338 36.578682 1338.000000 36.578682
586.500000 1362 36.905284 1362.000000 36.905284
587.500000 1326 36.414283 1326.000000 36.414283
588.500000 1306 36.138622 1306.000000 36.138622
589.500000 1286 35.860842 1286.000000 35.860842
590.500000 1259 35.482390 1259.000000 35.482390
591.500000 1297 36.013886 1297.000000 36.013886
592.500000 1311 36.207734 1311.000000 36.207734
593.500000 1215 34.856850 1215.000000 34.856850
594.500000 1263 35.538711 1263.000000 35.538711
595.500000 1313 36.235342 1313.000000 36.235342
596.500000 1222 34.957117 1222.000000 34.957117
597.500000 1258 35.468296 1258.000000 35.468296
598.500000 1216 34.871192 1216.000000 34.871192
599.500000 1227 35.028560 1227.000000 35.028560
600.500000 1214 34.842503 1214.000000 34.842503
601.500000 1195 34.568772 1195.000000 34.568772
602.500000 1163 34.102786 1163.000000 34.102786
603.500000 1192 34.525353 1192.000000 34.525353
604.500000 1234 35.128336 1234.000000 35.128336
605.500000 1195 34.568772 1195.000000 34.568772
606.500000 1177 34.307434 1177.000000 34.307434
607.500000 1197 34.597688 1197.000000 34.597688
608.500000 1169 34.190642 1169.000000 34.190642
609.500000 1158 34.029399 1158.000000 34.029399
610.500000 1175 34.278273 1175.000000 34.278273
611.500000 1108 33.286634 1108.000000 33.286634
612.500000 1158 34.029399 1158.000000 34.029399
613.500000 1080 32.863353 1080.000000 32.863353
614.500000 1116 33.406586 1116.000000 33.406586
615.500000 1086 32.954514 1086.000000 32.954514
616.500000 1161 34.073450 1161.000000 34.073450
617.500000 1101 33.181320 1101.000000 33.181320
618.500000 1064 32.619013 1064.000000 32.619013
619.500000 1133 33.660065 1133.000000 33.660065
620.500000 1071 32.726136 1071.000000 32.726136
621.500000 1032 32.124757 1032.000000 32.124757
622.500000 1070 32.710854 1070.000000 32.710854
623.500000 1053 32.449961 1053.000000 32.449961
624.500000 1056 32.496154 1056.000000 32.496154
625.500000 1026 32.031235 1026.000000 32.031235
626.500000 1025 32.015621 1025.000000 32.015621
627.500000 1007 31.733263 1007.000000 31.733263
628.500000 1055 32.480764 1055.000000 32.480764
629.500000 1009 31.764760 1009.000000 31.764760
630.500000 1037 32.202484 1037.000000 32.202484
631.500000 974 31.208973 974.000000 31.208973
632.500000 947 30.773365 947.000000 30.773365
633.500000 982 31.336879 982.000000 31.336879
634.500000 956 30.919250 956.000000 30.919250
635.500000 1049 32.388269 1049.000000 32.388269
636.500000 902 30.033315 902.000000 30.033315
637.500000 974 31.208973 974.000000 31.208973
638.500000 926 30.430248 926.000000 30.430248
639.500000 962 31.016125 962.000000 31.016125
640.500000 997 31.575307 997.000000 31.575307
641.500000 966 31.080541 966.000000 31.080541
642.500000 935 30.577770 935.000000 30.577770
643.500000 980 31.304952 980.000000 31.304952
644.500000 945 30.740852 945.000000 30.740852
645.500000 891 29.849623 891.000000 29.849623
646.500000 951 30.838288 951.000000 30.838288
647.500000 932 30.528675 932.000000 30.528675
648.500000 879 29.647934 879.000000 29.647934
649.500000 890 29.832868 890.000000 29.832868
650.500000 909 30.149627 909.000000 30.149627
651.500000 939 30.643107 939.000000 30.643107
652.500000 849 29.137605 849.000000 29.137605
653.500000 856 29.257478 856.000000 29.257478
654.500000 899 29.983329 899.000000 29.983329
655.500000 904 30.066593 904.000000 30.066593
656.500000 877 29.614186 877.000000 29.614186
657.500000 845 29.068884 845.000000 29.068884
658.500000 917 30.282008 917.000000 30.282008
659.500000 900 30.000000 900.000000 30.000000
660.500000 932 30.528675 932.000000 30.528675
661.500000 860 29.325757 860.000000 29.325757
662.500000 853 29.206164 853.000000 29.206164
663.500000 846 29.086079 846.000000 29.086079
664.500000 858 29.291637 858.000000 29.291637
665.500000 830 28.809721 830.000000 28.809721
666.500000 883 29.715316 883.000000 29.715316
667.500000 846 29.086079 846.000000 29.086079
668.500000 891 29.849623 891.000000 29.849623
669.500000 869 29.478806 869.000000 29.478806
670.500000 806 28.390139 806.000000 28.390139
671.500000 864 29.393877 864.000000 29.393877
672.500000 817 28.583212 817.000000 28.583212
673.500000 855 29.240383 855.000000 29.240383
674.500000 819 28.618176 819.000000 28.618176
675.500000 821 28.653098 821.000000 28.653098
676.500000 829 28.792360 829.000000 28.792360
677.500000 864 29.393877 864.000000 29.393877
678.500000 828 28.774989 828.000000 28.774989
679.500000 827 28.757608 827.000000 28.757608
680.500000 819 28.618176 819.000000 28.618176
681.500000 780 27.928480 780.000000 27.928480
682.500000 843 29.034462 843.000000 29.034462
683.500000 845 29.068884 845.000000 29.068884
684.500000 768 27.712813 768.000000 27.712813
685.500000 825 28.722813 825.000000 28.722813
686.500000 801 28.301943 801.000000 28.301943
687.500000 811 28.478062 811.000000 28.478062
688.500000 788 28.071338 788.000000 28.071338
689.500000 760 27.568098 760.000000 27.568098
690.500000 803 28.337255 803.000000 28.337255
691.500000 855 29.240383 855.000000 29.240383
692.500000 806 28.390139 806.000000 28.390139
693.500000 822 28.670542 822.000000 28.670542
694.500000 783 27.982137 783.000000 27.982137
695.500000 793 28.160256 793.000000 28.160256
696.500000 795 28.195744 795.000000 28.195744
697.500000 775 27.838822 775.000000 27.838822
698.500000 800 28.284271 800.000000 28.284271
699.500000 796 28.213472 796.000000 28.213472
700.500000 784 28.000000 784.000000 28.000000
701.500000 754 27.459060 754.000000 27.459060
702.500000 782 27.964263 782.000000 27.964263
703.500000 777 27.874720 777.000000 27.874720
704.500000 745 27.294688 745.000000 27.294688
705.500000 789 28.089144 789.000000 28.089144
706.500000 757 27.513633 757.000000 27.513633
707.500000 718 26.795522 718.000000 26.795522
708.500000 713 26.702060 713.000000 26.702060
709.500000 781 27.946377 781.000000 27.946377
710.500000 797 28.231188 797.000000 28.231188
711.500000 791 28.124722 791.000000 28.124722
712.500000 759 27.549955 759.000000 27.549955
713.500000 716 26.758176 716.000000 26.758176
714.500000 735 27.110883 735.000000 27.110883
715.500000 724 26.907248 724.000000 26.907248
716.500000 727 26.962938 727.000000 26.962938
717.500000 701 26.476405 701.000000 26.476405
718.500000 696 26.381812 696.000000 26.381812
719.500000 744 27.276363 744.000000 27.276363
720.500000 691 26.286879 691.000000 26.286879
721.500000 725 26.925824 725.000000 26.925824
722.500000 673 25.942244 673.000000 25.942244
723.500000 626 25.019992 626.000000 25.019992
724.500000 675 25.980762 675.000000 25.980762
725.500000 629 25.079872 629.000000 25.079872
726.500000 637 25.238859 637.000000 25.238859
727.500000 691 26.286879 691.000000 26.286879
728.500000 658 25.651511 658.000000 25.651511
729.500000 641 25.317978 641.000000 25.317978
730.500000 630 25.099801 630.000000 25.099801
731.500000 652 25.534291 652.000000 25.534291
732.500000 648 25.455844 648.000000 25.455844
733.500000 655 25.592968 655.000000 25.592968
734.500000 575 23.979158 575.000000 23.979158
735.500000 621 24.919872 621.000000 24.919872
736.500000 658 25.651511 658.000000 25.651511
737.500000 554 23.537205 554.000000 23.537205
738.500000 565 23.769729 565.000000 23.769729
739.500000 551 23.473389 551.000000 23.473389
740.500000 574 23.958297 574.000000 23.958297
741.500000 570 23.874673 570.000000 23.874673
742.500000 513 22.649503 513.000000 22.649503
743.500000 555 23.558438 555.000000 23.558438
744.500000 539 23.216374 539.000000 23.216374
745.500000 512 22.627417 512.000000 22.627417
746.500000 500 22.360680 500.000000 22.360680
747.500000 482 21.954498 482.000000 21.954498
748.500000 500 22.360680 500.000000 22.360680
749.500000 471 21.702534 471.000000 21.702534
750.500000 491 22.158520 491.000000 22.158520
751.500000 518 22.759613 518.000000 22.759613
752.500000 468 21.633308 468.000000 21.633308
753.500000 453 21.283797 453.000000 21.283797
754.500000 444 21.071308 444.000000 21.071308
755.500000 484 22.000000 484.000000 22.000000
756.500000 481 21.931712 481.000000 21.931712
757.500000 478 21.863211 478.000000 21.863211
758.500000 476 21.817424 476.000000 21.817424
759.500000 421 20.518285 421.000000 20.518285
760.500000 456 21.354157 456.000000 21.354157
761.500000 429 20.712315 429.000000 20.712315
762.500000 396 19.899749 396.000000 19.899749
763.500000 414 20.346990 414.000000 20.346990
764.500000 382 19.544820 382.000000 19.544820
765.500000 391 19.773720 391.000000 19.773720
766.500000 384 19.595918 384.000000 19.595918
767.500000 347 18.627936 347.000000 18.627936
768.500000 360 18.973666 360.000000 18.973666
769.500000 372 19.287302 372.000000 19.287302
770.500000 389 19.723083 389.000000 19.723083
771.500000 335 18.303005 335.000000 18.303005
772.500000 332 18.220867 332.000000 18.220867
773.500000 363 19.052559 363.000000 19.052559
774.500000 352 18.761663 352.000000 18.761663
775.500000 326 18.055470 326.000000 18.055470
776.500000 314 17.720045 314.000000 17.720045
777.500000 328 18.110770 328.000000 18.110770
778.500000 339 18.411953 339.000000 18.411953
779.500000 305 17.464249 305.000000 17.464249
780.500000 312 17.663522 312.000000 17.663522
781.500000 354 18.814888 354.000000 18.814888
782.500000 288 16.970563 288.000000 16.970563
783.500000 279 16.703293 279.000000 16.703293
784.500000 319 17.860571 319.000000 17.860571
785.500000 279 16.703293 279.000000 16.703293
786.500000 267 16.340135 267.000000 16.340135
787.500000 265 16.278821 265.000000 16.278821
788.500000 279 16.703293 279.000000 16.703293
789.500000 301 17.349352 301.000000 17.349352
790.500000 267 16.340135 267.000000 16.340135
791.500000 245 15.652476 245.000000 15.652476
792.500000 252 15.874508 252.000000 15.874508
793.500000 236 15.362291 236.000000 15.362291
794.500000 264 16.248077 264.000000 16.248077
795.500000 246 15.684387 246.000000 15.684387
796.500000 241 15.524175 241.000000 15.524175
797.500000 255 15.968719 255.000000 15.968719
798.500000 243 15.588457 243.000000 15.588457
799.500000 256 16.000000 256.000000 16.000000
800.500000 237 15.394804 237.000000 15.394804
801.500000 209 14.456832 209.000000 14.456832
802.500000 255 15.968719 255.000000 15.968719
803.500000 238 15.427249 238.000000 15.427249
804.500000 220 14.832397 220.000000 14.832397
805.500000 213 14.594520 213.000000 14.594520
806.500000 195 13.964240 195.000000 13.964240
807.500000 213 14.594520 213.000000 14.594520
808.500000 201 14.177447 201.000000 14.177447
809.500000 162 12.727922 162.000000 12.727922
810.500000 199 14.106736 199.000000 14.106736
811.500000 213 14.594520 213.000000 14.594520
812.500000 191 13.820275 191.000000 13.820275
813.500000 198 14.071247 198.000000 14.071247
814.500000 189 13.747727 189.000000 13.747727
815.500000 205 14.317821 205.000000 14.317821
816.500000 186 13.638182 186.000000 13.638182
817.500000 167 12.922848 167.000000 12.922848
818.500000 168 12.961481 168.000000 12.961481
819.500000 176 13.266499 176.000000 13.266499
820.500000 190 13.784049 190.000000 13.784049
821.500000 159 12.609520 159.000000 12.609520
822.500000 174 13.190906 174.000000 13.190906
823.500000 168 12.961481 168.000000 12.961481
824.500000 183 13.527749 183.000000 13.527749
825.500000 138 11.747340 138.000000 11.747340
826.500000 150 12.247449 150.000000 12.247449
827.500000 154 12.409674 154.000000 12.409674
828.500000 155 12.449900 155.000000 12.449900
829.500000 147 12.124356 147.000000 12.124356
830.500000 134 11.575837 134.000000 11.575837
831.500000 150 12.247449 150.000000 12.247449
832.500000 141 11.874342 141.000000 11.874342
833.500000 134 11.575837 134.000000 11.575837
834.500000 130 11.401754 130.000000 11.401754
835.500000 146 12.083046 146.000000 12.083046
836.500000 137 11.704700 137.000000 11.704700
837.500000 125 11.180340 125.000000 11.180340
838.500000 128 11.313708 128.000000 11.313708
839.500000 132 11.489125 132.000000 11.489125
840.500000 111 10.535654 111.000000 10.535654
841.500000 128 11.313708 128.000000 11.313708
842.500000 122 11.045361 122.000000 11.045361
843.500000 121 11.000000 121.000000 11.000000
844.500000 114 10.677078 114.000000 10.677078
845.500000 100 10.000000 100.000000 10.000000
846.500000 107 10.344080 107.000000 10.344080
847.500000 119 10.908712 119.000000 10.908712
848.500000 120 10.954451 120.000000 10.954451
849.500000 107 10.344080 107.000000 10.344080
850.500000 122 11.045361 122.000000 11.045361
851.500000 101 10.049876 101.000000 10.049876
852.500000 114 10.677078 114.000000 10.677078
853.500000 105 10.246951 105.000000 10.246951
854.500000 110 10.488088 110.000000 10.488088
855.500000 96 9.797959 96.000000 9.797959
856.500000 95 9.746794 95.000000 9.746794
857.500000 104 10.198039 104.000000 10.198039
858.500000 101 10.049876 101.000000 10.049876
859.500000 84 9.165151 84.000000 9.165151
860.500000 107 10.344080 107.000000 10.344080
861.500000 83 9.110434 83.000000 9.110434
862.500000 101 10.049876 101.000000 10.049876
863.500000 94 9.695360 94.000000 9.695360
864.500000 92 9.591663 92.000000 9.591663
865.500000 79 8.888194 79.000000 8.888194
866.500000 107 10.344080 107.000000 10.344080
867.500000 87 9.327379 87.000000 9.327379
868.500000 98 9.899495 98.000000 9.899495
869.500000 93 9.643651 93.000000 9.643651
870.500000 72 8.485281 72.000000 8.485281
871.500000 89 9.433981 89.000000 9.433981
872.500000 87 9.327379 87.000000 9.327379
873.500000 99 9.949874 99.000000 9.949874
874.500000 86 9.273618 86.000000 9.273618
875.500000 76 8.717798 76.000000 8.717798
876.500000 84 9.165151 84.000000 9.165151
877.500000 66 8.124038 66.000000 8.124038
878.500000 64 8.000000 64.000000 8.000000
879.500000 86 9.273618 86.000000 9.273618
880.500000 78 8.831761 78.000000 8.831761
881.500000 67 8.185353 67.000000 8.185353
882.500000 85 9.219544 85.000000 9.219544
883.500000 81 9.000000 81.000000 9.000000
884.500000 50 7.071068 50.000000 7.071068
885.500000 62 7.874008 62.000000 7.874008
886.500000 65 8.062258 65.000000 8.062258
887.500000 73 8.544004 73.000000 8.544004
888.500000 61 7.810250 61.000000 7.810250
889.500000 61 7.810250 61.000000 7.810250
890.500000 70 8.366600 70.000000 8.366600
891.500000 70 8.366600 70.000000 8.366600
892.500000 65 8.062258 65.000000 8.062258
893.500000 54 7.348469 54.000000 7.348469
894.500000 66 8.124038 66.000000 8.124038
895.500000 75 8.660254 75.000000 8.660254
896.500000 73 8.544004 73.000000 8.544004
897.500000 58 7.615773 58.000000 7.615773
898.500000 59 7.681146 59.000000 7.681146
899.500000 56 7.483315 56.000000 7.483315
900.500000 62 7.874008 62.000000 7.874008
901.500000 55 7.416198 55.000000 7.416198
902.500000 51 7.141428 51.000000 7.141428
903.500000 49 7.000000 49.000000 7.000000
904.500000 53 7.280110 53.000000 7.280110
905.500000 52 7.211103 52.000000 7.211103
906.500000 55 7.416198 55.000000 7.416198
907.500000 62 7.874008 62.000000 7.874008
908.500000 36 6.000000 36.000000 6.000000
909.500000 47 6.855655 47.000000 6.855655
910.500000 30 5.477226 30.000000 5.477226
911.500000 57 7.549834 57.000000 7.549834
912.500000 38 6.164414 38.000000 6.164414
913.500000 51 7.141428 51.000000 7.141428
914.500000 42 6.480741 42.000000 6.480741
915.500000 43 6.557439 43.000000 6.557439
916.500000 47 6.855655 47.000000 6.855655
917.500000 43 6.557439 43.000000 6.557439
918.500000 27 5.196152 27.000000 5.196152
919.500000 32 5.656854 32.000000 5.656854
920.500000 38 6.164414 38.000000 6.164414
921.500000 24 4.898979 24.000000 4.898979
922.500000 31 5.567764 31.000000 5.567764
923.500000 29 5.385165 29.000000 5.385165
924.500000 20 4.472136 20.000000 4.472136
925.500000 28 5.291503 28.000000 5.291503
926.500000 31 5.567764 31.000000 5.567764
927.500000 31 5.567764 31.000000 5.567764
928.500000 23 4.795832 23.000000 4.795832
929.500000 29 5.385165 29.000000 5.385165
930.500000 36 6.000000 36.000000 6.000000
931.500000 29 5.385165 29.000000 5.385165
932.500000 28 5.291503 28.000000 5.291503
933.500000 18 4.242641 18.000000 4.242641
934.500000 20 4.472136 20.000000 4.472136
935.500000 24 4.898979 24.000000 4.898979
936.500000 25 5.000000 25.000000 5.000000
937.500000 16 4.000000 16.000000 4.000000
938.500000 23 4.795832 23.000000 4.795832
939.500000 11 3.316625 11.000000 3.316625
940.500000 19 4.358899 19.000000 4.358899
941.500000 11 3.316625 11.000000 3.316625
942.500000 22 4.690416 22.000000 4.690416
943.500000 15 3.872983 15.000000 3.872983
944.500000 17 4.123106 17.000000 4.123106
945.500000 18 4.242641 18.000000 4.242641
946.500000 14 3.741657 14.000000 3.741657
947.500000 9 3.000000 9.000000 3.000000
948.500000 16 4.000000 16.000000 4.000000
949.500000 11 3.316625 11.000000 3.316625
950.500000 17 4.123106 17.000000 4.123106
951.500000 9 3.000000 9.000000 3.000000
952.500000 11 3.316625 11.000000 3.316625
953.500000 5 2.236068 5.000000 2.236068
954.500000 5 2.236068 5.000000 2.236068
955.500000 6 2.449490 6.000000 2.449490
956.500000 8 2.828427 8.000000 2.828427
957.500000 7 2.645751 7.000000 2.645751
958.500000 6 2.449490 6.000000 2.449490
959.500000 8 2.828427 8.000000 2.828427
960.500000 9 3.000000 9.000000 3.000000
961.500000 1 1.000000 1.000000 1.000000
962.500000 11 3.316625 11.000000 3.316625
963.500000 1 1.000000 1.000000 1.000000
964.500000 2 1.414214 2.000000 1.414214
965.500000 3 1.732051 3.000000 1.732051
966.500000 1 1.000000 1.000000 1.000000
967.500000 2 1.414214 2.000000 1.414214
968.500000 2 1.414214 2.000000 1.414214
969.500000 3 1.732051 3.000000 1.732051
970.500000 5 2.236068 5.000000 2.236068
971.500000 2 1.414214 2.000000 1.414214
972.500000 1 1.000000 1.000000 1.000000
973.500000 2 1.414214 2.000000 1.414214
974.500000 0 0.000000 0.000000 0.000000
975.500000 0 0.000000 0.000000 0.000000
976.500000 2 1.414214 2.000000 1.414214
977.500000 1 1.000000 1.000000 1.000000
978.500000 2 1.414214 2.000000 1.414214
979.500000 3 1.732051 3.000000 1.732051
980.500000 0 0.000000 0.000000 0.000000
981.500000 1 1.000000 1.000000 1.000000
982.500000 0 0.000000 0.000000 0.000000
983.500000 0 0.000000 0.000000 0.000000
984.500000 1 1.000000 1.000000 1.000000
985.500000 1 1.000000 1.000000 1.000000
986.500000 1 1.000000 1.000000 1.000000
987.500000 1 1.000000 1.000000 1.000000
988.500000 1 1.000000 1.000000 1.000000
989.500000 2 1.414214 2.000000 1.414214
990.500000 0 0.000000 0.000000 0.000000
991.500000 2 1.414214 2.000000 1.414214
992.500000 1 1.000000 1.000000 1.000000
993.500000 0 0.000000 0.000000 0.000000
994.500000 0 0.000000 0.000000 0.000000
995.500000 0 0.000000 0.000000 0.000000
996.500000 1 1.000000 1.000000 1.000000
997.500000 0 0.000000 0.000000 0.000000
998.500000 1 1.000000 1.000000 1.000000
999.500000 0 0.000000 0.000000 0.000000
1000.500000 0 0.000000 0.000000 0.000000
1001.500000 0 0.000000 0.000000 0.000000
1002.500000 1 1.000000 1.000000 1.000000
1003.500000 0 0.000000 0.000000 0.000000
1004.500000 1 1.000000 1.000000 1.000000
1005.500000 0 0.000000 0.000000 0.000000
1006.500000 0 0.000000 0.000000 0.000000
1007.500000 1 1.000000 1.000000 1.000000
1008.500000 1 1.000000 1.000000 1.000000
1009.500000 1 1.000000 1.000000 1.000000
1010.500000 2 1.414214 2.000000 1.414214
1011.500000 0 0.000000 0.000000 0.000000
1012.500000 0 0.000000 0.000000 0.000000
1013.500000 0 0.000000 0.000000 0.000000
1014.500000 0 0.000000 0.000000 0.000000
1015.500000 1 1.000000 1.000000 1.000000
1016.500000 0 0.000000 0.000000 0.000000
1017.500000 0 0.000000 0.000000 0.000000
1018.500000 0 0.000000 0.000000 0.000000
1019.500000 0 0.000000 0.000000 0.000000
1020.500000 1 1.000000 1.000000 1.000000
1021.500000 0 0.000000 0.000000 0.000000
1022.500000 0 0.000000 0.000000 0.000000
1023.500000 0 0.000000 0.000000 0.000000
