# name, dx, fmax, fmax_err, norm_value, norm_vale_err
# bkgd 1 745 27.294688127912362 1 0
# bin_center, freq, freq_err, norm_freq, norm_freq_err
0.500000 0 0.000000 0.000000 0.000000
1.500000 0 0.000000 0.000000 0.000000
2.500000 0 0.000000 0.000000 0.000000
3.500000 0 0.000000 0.000000 0.000000
4.500000 3 1.732051 3.000000 1.732051
5.500000 8 2.828427 8.000000 2.828427
6.500000 36 6.000000 36.000000 6.000000
7.500000 69 8.306624 69.000000 8.306624
8.500000 89 9.433981 89.000000 9.433981
9.500000 135 11.618950 135.000000 11.618950
10.500000 141 11.874342 141.000000 11.874342
11.500000 169 13.000000 169.000000 13.000000
12.500000 152 12.328828 152.000000 12.328828
13.500000 186 13.638182 186.000000 13.638182
14.500000 185 13.601471 185.000000 13.601471
15.500000 218 14.764823 218.000000 14.764823
16.500000 208 14.422205 208.000000 14.422205
17.500000 258 16.062378 258.000000 16.062378
18.500000 238 15.427249 238.000000 15.427249
19.500000 295 17.175564 295.000000 17.175564
20.500000 298 17.262677 298.000000 17.262677
21.500000 323 17.972201 323.000000 17.972201
22.500000 333 18.248288 333.000000 18.248288
23.500000 343 18.520259 343.000000 18.520259
24.500000 351 18.734994 351.000000 18.734994
25.500000 372 19.287302 372.000000 19.287302
26.500000 361 19.000000 361.000000 19.000000
27.500000 384 19.595918 384.000000 19.595918
28.500000 409 20.223748 409.000000 20.223748
29.500000 381 19.519221 381.000000 19.519221
30.500000 407 20.174241 407.000000 20.174241
31.500000 375 19.364917 375.000000 19.364917
32.500000 394 19.849433 394.000000 19.849433
33.500000 391 19.773720 391.000000 19.773720
34.500000 394 19.849433 394.000000 19.849433
35.500000 426 20.639767 426.000000 20.639767
36.500000 404 20.099751 404.000000 20.099751
37.500000 408 20.199010 408.000000 20.199010
38.500000 388 19.697716 388.000000 19.697716
39.500000 407 20.174241 407.000000 20.174241
40.500000 405 20.124612 405.000000 20.124612
41.500000 407 20.174241 407.000000 20.174241
42.500000 405 20.124612 405.000000 20.124612
43.500000 398 19.949937 398.000000 19.949937
44.500000 414 20.346990 414.000000 20.346990
45.500000 395 19.874607 395.000000 19.874607
46.500000 389 19.723083 389.000000 19.723083
47.500000 371 19.261360 371.000000 19.261360
48.500000 377 19.416488 377.000000 19.416488
49.500000 416 20.396078 416.000000 20.396078
50.500000 419 20.469489 419.000000 20.469489
51.500000 407 20.174241 407.000000 20.174241
52.500000 402 20.049938 402.000000 20.049938
53.500000 396 19.899749 396.000000 19.899749
54.500000 416 20.396078 416.000000 20.396078
55.500000 408 20.199010 408.000000 20.199010
56.500000 408 20.199010 408.000000 20.199010
57.500000 396 19.899749 396.000000 19.899749
58.500000 376 19.390719 376.000000 19.390719
59.500000 408 20.199010 408.000000 20.199010
60.500000 398 19.949937 398.000000 19.949937
61.500000 374 19.339080 374.000000 19.339080
62.500000 386 19.646883 386.000000 19.646883
63.500000 398 19.949937 398.000000 19.949937
64.500000 423 20.566964 423.000000 20.566964
65.500000 385 19.621417 385.000000 19.621417
66.500000 425 20.615528 425.000000 20.615528
67.500000 390 19.748418 390.000000 19.748418
68.500000 424 20.591260 424.000000 20.591260
69.500000 423 20.566964 423.000000 20.566964
70.500000 430 20.736441 430.000000 20.736441
71.500000 415 20.371549 415.000000 20.371549
72.500000 442 21.023796 442.000000 21.023796
73.500000 410 20.248457 410.000000 20.248457
74.500000 452 21.260292 452.000000 21.260292
75.500000 421 20.518285 421.000000 20.518285
76.500000 431 20.760539 431.000000 20.760539
77.500000 444 21.071308 444.000000 21.071308
78.500000 418 20.445048 418.000000 20.445048
79.500000 468 21.633308 468.000000 21.633308
80.500000 447 21.142375 447.000000 21.142375
81.500000 466 21.587033 466.000000 21.587033
82.500000 466 21.587033 466.000000 21.587033
83.500000 430 20.736441 430.000000 20.736441
84.500000 470 21.679483 470.000000 21.679483
85.500000 497 22.293497 497.000000 22.293497
86.500000 466 21.587033 466.000000 21.587033
87.500000 501 22.383029 501.000000 22.383029
88.500000 507 22.516660 507.000000 22.516660
89.500000 537 23.173260 537.000000 23.173260
90.500000 524 22.891046 524.000000 22.891046
91.500000 555 23.558438 555.000000 23.558438
92.500000 594 24.372115 594.000000 24.372115
93.500000 568 23.832751 568.000000 23.832751
94.500000 570 23.874673 570.000000 23.874673
95.500000 574 23.958297 574.000000 23.958297
96.500000 535 23.130067 535.000000 23.130067
97.500000 605 24.596748 605.000000 24.596748
98.500000 561 23.685439 561.000000 23.685439
99.500000 557 23.600847 557.000000 23.600847
100.500000 612 24.738634 612.000000 24.738634
101.500000 612 24.738634 612.000000 24.738634
102.500000 620 24.899799 620.000000 24.899799
103.500000 571 23.895606 571.000000 23.895606
104.500000 656 25.612497 656.000000 25.612497
105.500000 619 24.879711 619.000000 24.879711
106.500000 612 24.738634 612.000000 24.738634
107.500000 635 25.199206 635.000000 25.199206
108.500000 616 24.819347 616.000000 24.819347
109.500000 676 26.000000 676.000000 26.000000
110.500000 608 24.657656 608.000000 24.657656
111.500000 670 25.884358 670.000000 25.884358
112.500000 602 24.535688 602.000000 24.535688
113.500000 655 25.592968 655.000000 25.592968
114.500000 665 25.787594 665.000000 25.787594
115.500000 655 25.592968 655.000000 25.592968
116.500000 673 25.942244 673.000000 25.942244
117.500000 714 26.720778 714.000000 26.720778
118.500000 627 25.039968 627.000000 25.039968
119.500000 668 25.845696 668.000000 25.845696
120.500000 676 26.000000 676.000000 26.000000
121.500000 697 26.400758 697.000000 26.400758
122.500000 655 25.592968 655.000000 25.592968
123.500000 720 26.832816 720.000000 26.832816
124.500000 680 26.076810 680.000000 26.076810
125.500000 692 26.305893 692.000000 26.305893
126.500000 676 26.000000 676.000000 26.000000
127.500000 708 26.608269 708.000000 26.608269
128.500000 678 26.038433 678.000000 26.038433
129.500000 745 27.294688 745.000000 27.294688
130.500000 700 26.457513 700.000000 26.457513
131.500000 677 26.019224 677.000000 26.019224
132.500000 686 26.191602 686.000000 26.191602
133.500000 648 25.455844 648.000000 25.455844
134.500000 655 25.592968 655.000000 25.592968
135.500000 681 26.095977 681.000000 26.095977
136.500000 693 26.324893 693.000000 26.324893
137.500000 689 26.248809 689.000000 26.248809
138.500000 656 25.612497 656.000000 25.612497
139.500000 691 26.286879 691.000000 26.286879
140.500000 678 26.038433 678.000000 26.038433
141.500000 649 25.475478 649.000000 25.475478
142.500000 699 26.438608 699.000000 26.438608
143.500000 590 24.289916 590.000000 24.289916
144.500000 639 25.278449 639.000000 25.278449
145.500000 668 25.845696 668.000000 25.845696
146.500000 725 26.925824 725.000000 26.925824
147.500000 667 25.826343 667.000000 25.826343
148.500000 652 25.534291 652.000000 25.534291
149.500000 710 26.645825 710.000000 26.645825
150.500000 625 25.000000 625.000000 25.000000
151.500000 608 24.657656 608.000000 24.657656
152.500000 636 25.219040 636.000000 25.219040
153.500000 619 24.879711 619.000000 24.879711
154.500000 656 25.612497 656.000000 25.612497
155.500000 675 25.980762 675.000000 25.980762
156.500000 619 24.879711 619.000000 24.879711
157.500000 615 24.799194 615.000000 24.799194
158.500000 660 25.690465 660.000000 25.690465
159.500000 649 25.475478 649.000000 25.475478
160.500000 615 24.799194 615.000000 24.799194
161.500000 618 24.859606 618.000000 24.859606
162.500000 631 25.119713 631.000000 25.119713
163.500000 596 24.413111 596.000000 24.413111
164.500000 636 25.219040 636.000000 25.219040
165.500000 633 25.159491 633.000000 25.159491
166.500000 616 24.819347 616.000000 24.819347
167.500000 610 24.698178 610.000000 24.698178
168.500000 643 25.357445 643.000000 25.357445
169.500000 622 24.939928 622.000000 24.939928
170.500000 580 24.083189 580.000000 24.083189
171.500000 627 25.039968 627.000000 25.039968
172.500000 621 24.919872 621.000000 24.919872
173.500000 630 25.099801 630.000000 25.099801
174.500000 555 23.558438 555.000000 23.558438
175.500000 624 24.979992 624.000000 24.979992
176.500000 601 24.515301 601.000000 24.515301
177.500000 616 24.819347 616.000000 24.819347
178.500000 580 24.083189 580.000000 24.083189
179.500000 586 24.207437 586.000000 24.207437
180.500000 585 24.186773 585.000000 24.186773
181.500000 591 24.310492 591.000000 24.310492
182.500000 580 24.083189 580.000000 24.083189
183.500000 600 24.494897 600.000000 24.494897
184.500000 640 25.298221 640.000000 25.298221
185.500000 592 24.331050 592.000000 24.331050
186.500000 563 23.727621 563.000000 23.727621
187.500000 547 23.388031 547.000000 23.388031
188.500000 568 23.832751 568.000000 23.832751
189.500000 606 24.617067 606.000000 24.617067
190.500000 576 24.000000 576.000000 24.000000
191.500000 584 24.166092 584.000000 24.166092
192.500000 561 23.685439 561.000000 23.685439
193.500000 583 24.145393 583.000000 24.145393
194.500000 579 24.062419 579.000000 24.062419
195.500000 571 23.895606 571.000000 23.895606
196.500000 602 24.535688 602.000000 24.535688
197.500000 558 23.622024 558.000000 23.622024
198.500000 526 22.934690 526.000000 22.934690
199.500000 521 22.825424 521.000000 22.825424
200.500000 571 23.895606 571.000000 23.895606
201.500000 542 23.280893 542.000000 23.280893
202.500000 544 23.323808 544.000000 23.323808
203.500000 517 22.737634 517.000000 22.737634
204.500000 559 23.643181 559.000000 23.643181
205.500000 507 22.516660 507.000000 22.516660
206.500000 551 23.473389 551.000000 23.473389
207.500000 524 22.891046 524.000000 22.891046
208.500000 540 23.237900 540.000000 23.237900
209.500000 532 23.065125 532.000000 23.065125
210.500000 573 23.937418 573.000000 23.937418
211.500000 526 22.934690 526.000000 22.934690
212.500000 553 23.515952 553.000000 23.515952
213.500000 485 22.022716 485.000000 22.022716
214.500000 536 23.151674 536.000000 23.151674
215.500000 523 22.869193 523.000000 22.869193
216.500000 565 23.769729 565.000000 23.769729
217.500000 525 22.912878 525.000000 22.912878
218.500000 548 23.409400 548.000000 23.409400
219.500000 478 21.863211 478.000000 21.863211
220.500000 542 23.280893 542.000000 23.280893
221.500000 475 21.794495 475.000000 21.794495
222.500000 503 22.427661 503.000000 22.427661
223.500000 501 22.383029 501.000000 22.383029
224.500000 532 23.065125 532.000000 23.065125
225.500000 488 22.090722 488.000000 22.090722
226.500000 518 22.759613 518.000000 22.759613
227.500000 509 22.561028 509.000000 22.561028
228.500000 427 20.663978 427.000000 20.663978
229.500000 488 22.090722 488.000000 22.090722
230.500000 509 22.561028 509.000000 22.561028
231.500000 492 22.181073 492.000000 22.181073
232.500000 477 21.840330 477.000000 21.840330
233.500000 481 21.931712 481.000000 21.931712
234.500000 487 22.068076 487.000000 22.068076
235.500000 465 21.563859 465.000000 21.563859
236.500000 455 21.330729 455.000000 21.330729
237.500000 481 21.931712 481.000000 21.931712
238.500000 442 21.023796 442.000000 21.023796
239.500000 499 22.338308 499.000000 22.338308
240.500000 424 20.591260 424.000000 20.591260
241.500000 431 20.760539 431.000000 20.760539
242.500000 436 20.880613 436.000000 20.880613
243.500000 449 21.189620 449.000000 21.189620
244.500000 459 21.424285 459.000000 21.424285
245.500000 437 20.904545 437.000000 20.904545
246.500000 454 21.307276 454.000000 21.307276
247.500000 423 20.566964 423.000000 20.566964
248.500000 463 21.517435 463.000000 21.517435
249.500000 449 21.189620 449.000000 21.189620
250.500000 462 21.494185 462.000000 21.494185
251.500000 418 20.445048 418.000000 20.445048
252.500000 432 20.784610 432.000000 20.784610
253.500000 399 19.974984 399.000000 19.974984
254.500000 413 20.322401 413.000000 20.322401
255.500000 419 20.469489 419.000000 20.469489
256.500000 448 21.166010 448.000000 21.166010
257.500000 416 20.396078 416.000000 20.396078
258.500000 408 20.199010 408.000000 20.199010
259.500000 391 19.773720 391.000000 19.773720
260.500000 417 20.420578 417.000000 20.420578
261.500000 397 19.924859 397.000000 19.924859
262.500000 412 20.297783 412.000000 20.297783
263.500000 393 19.824228 393.000000 19.824228
264.500000 380 19.493589 380.000000 19.493589
265.500000 407 20.174241 407.000000 20.174241
266.500000 372 19.287302 372.000000 19.287302
267.500000 348 18.654758 348.000000 18.654758
268.500000 364 19.078784 364.000000 19.078784
269.500000 370 19.235384 370.000000 19.235384
270.500000 384 19.595918 384.000000 19.595918
271.500000 344 18.547237 344.000000 18.547237
272.500000 367 19.157244 367.000000 19.157244
273.500000 398 19.949937 398.000000 19.949937
274.500000 357 18.894444 357.000000 18.894444
275.500000 366 19.131126 366.000000 19.131126
276.500000 330 18.165902 330.000000 18.165902
277.500000 330 18.165902 330.000000 18.165902
278.500000 319 17.860571 319.000000 17.860571
279.500000 330 18.165902 330.000000 18.165902
280.500000 374 19.339080 374.000000 19.339080
281.500000 321 17.916473 321.000000 17.916473
282.500000 301 17.349352 301.000000 17.349352
283.500000 350 18.708287 350.000000 18.708287
284.500000 333 18.248288 333.000000 18.248288
285.500000 353 18.788294 353.000000 18.788294
286.500000 317 17.804494 317.000000 17.804494
287.500000 304 17.435596 304.000000 17.435596
288.500000 318 17.832555 318.000000 17.832555
289.500000 329 18.138357 329.000000 18.138357
290.500000 320 17.888544 320.000000 17.888544
291.500000 337 18.357560 337.000000 18.357560
292.500000 299 17.291616 299.000000 17.291616
293.500000 299 17.291616 299.000000 17.291616
294.500000 298 17.262677 298.000000 17.262677
295.500000 263 16.217275 263.000000 16.217275
296.500000 306 17.492856 306.000000 17.492856
297.500000 283 16.822604 283.000000 16.822604
298.500000 269 16.401219 269.000000 16.401219
299.500000 283 16.822604 283.000000 16.822604
300.500000 279 16.703293 279.000000 16.703293
301.500000 259 16.093477 259.000000 16.093477
302.500000 276 16.613248 276.000000 16.613248
303.500000 263 16.217275 263.000000 16.217275
304.500000 270 16.431677 270.000000 16.431677
305.500000 297 17.233688 297.000000 17.233688
306.500000 293 17.117243 293.000000 17.117243
307.500000 284 16.852300 284.000000 16.852300
308.500000 289 17.000000 289.000000 17.000000
309.500000 266 16.309506 266.000000 16.309506
310.500000 258 16.062378 258.000000 16.062378
311.500000 270 16.431677 270.000000 16.431677
312.500000 271 16.462078 271.000000 16.462078
313.500000 268 16.370706 268.000000 16.370706
314.500000 251 15.842980 251.000000 15.842980
315.500000 239 15.459625 239.000000 15.459625
316.500000 242 15.556349 242.000000 15.556349
317.500000 223 14.933185 223.000000 14.933185
318.500000 241 15.524175 241.000000 15.524175
319.500000 247 15.716234 247.000000 15.716234
320.500000 235 15.329710 235.000000 15.329710
321.500000 236 15.362291 236.000000 15.362291
322.500000 260 16.124515 260.000000 16.124515
323.500000 243 15.588457 243.000000 15.588457
324.500000 241 15.524175 241.000000 15.524175
325.500000 249 15.779734 249.000000 15.779734
326.500000 194 13.928388 194.000000 13.928388
327.500000 223 14.933185 223.000000 14.933185
328.500000 207 14.387495 207.000000 14.387495
329.500000 230 15.165751 230.000000 15.165751
330.500000 207 14.387495 207.000000 14.387495
331.500000 214 14.628739 214.000000 14.628739
332.500000 221 14.866069 221.000000 14.866069
333.500000 219 14.798649 219.000000 14.798649
334.500000 206 14.352700 206.000000 14.352700
335.500000 220 14.832397 220.000000 14.832397
336.500000 211 14.525839 211.000000 14.525839
337.500000 214 14.628739 214.000000 14.628739
338.500000 218 14.764823 218.000000 14.764823
339.500000 205 14.317821 205.000000 14.317821
340.500000 193 13.892444 193.000000 13.892444
341.500000 239 15.459625 239.000000 15.459625
342.500000 172 13.114877 172.000000 13.114877
343.500000 192 13.856406 192.000000 13.856406
344.500000 195 13.964240 195.000000 13.964240
345.500000 206 14.352700 206.000000 14.352700
346.500000 174 13.190906 174.000000 13.190906
347.500000 188 13.711309 188.000000 13.711309
348.500000 180 13.416408 180.000000 13.416408
349.500000 194 13.928388 194.000000 13.928388
350.500000 181 13.453624 181.000000 13.453624
351.500000 203 14.247807 203.000000 14.247807
352.500000 173 13.152946 173.000000 13.152946
353.500000 186 13.638182 186.000000 13.638182
354.500000 172 13.114877 172.000000 13.114877
355.500000 174 13.190906 174.000000 13.190906
356.500000 189 13.747727 189.000000 13.747727
357.500000 200 14.142136 200.000000 14.142136
358.500000 175 13.228757 175.000000 13.228757
359.500000 169 13.000000 169.000000 13.000000
360.500000 178 13.341664 178.000000 13.341664
361.500000 177 13.304135 177.000000 13.304135
362.500000 149 12.206556 149.000000 12.206556
363.500000 151 12.288206 151.000000 12.288206
364.500000 182 13.490738 182.000000 13.490738
365.500000 165 12.845233 165.000000 12.845233
366.500000 162 12.727922 162.000000 12.727922
367.500000 145 12.041595 145.000000 12.041595
368.500000 141 11.874342 141.000000 11.874342
369.500000 172 13.114877 172.000000 13.114877
370.500000 160 12.649111 160.000000 12.649111
371.500000 165 12.845233 165.000000 12.845233
372.500000 154 12.409674 154.000000 12.409674
373.500000 165 12.845233 165.000000 12.845233
374.500000 155 12.449900 155.000000 12.449900
375.500000 173 13.152946 173.000000 13.152946
376.500000 154 12.409674 154.000000 12.409674
377.500000 152 12.328828 152.000000 12.328828
378.500000 135 11.618950 135.000000 11.618950
379.500000 137 11.704700 137.000000 11.704700
380.500000 157 12.529964 157.000000 12.529964
381.500000 135 11.618950 135.000000 11.618950
382.500000 145 12.041595 145.000000 12.041595
383.500000 125 11.180340 125.000000 11.180340
384.500000 150 12.247449 150.000000 12.247449
385.500000 132 11.489125 132.000000 11.489125
386.500000 146 12.083046 146.000000 12.083046
387.500000 125 11.180340 125.000000 11.180340
388.500000 124 11.135529 124.000000 11.135529
389.500000 126 11.224972 126.000000 11.224972
390.500000 151 12.288206 151.000000 12.288206
391.500000 124 11.135529 124.000000 11.135529
392.500000 155 12.449900 155.000000 12.449900
393.500000 147 12.124356 147.000000 12.124356
394.500000 126 11.224972 126.000000 11.224972
395.500000 139 11.789826 139.000000 11.789826
396.500000 118 10.862780 118.000000 10.862780
397.500000 137 11.704700 137.000000 11.704700
398.500000 136 11.661904 136.000000 11.661904
399.500000 133 11.532563 133.000000 11.532563
400.500000 103 10.148892 103.000000 10.148892
401.500000 120 10.954451 120.000000 10.954451
402.500000 107 10.344080 107.000000 10.344080
403.500000 121 11.000000 121.000000 11.000000
404.500000 121 11.000000 121.000000 11.000000
405.500000 116 10.770330 116.000000 10.770330
406.500000 148 12.165525 148.000000 12.165525
407.500000 108 10.392305 108.000000 10.392305
408.500000 123 11.090537 123.000000 11.090537
409.500000 113 10.630146 113.000000 10.630146
410.500000 120 10.954451 120.000000 10.954451
411.500000 107 10.344080 107.000000 10.344080
412.500000 120 10.954451 120.000000 10.954451
413.500000 122 11.045361 122.000000 11.045361
414.500000 115 10.723805 115.000000 10.723805
415.500000 110 10.488088 110.000000 10.488088
416.500000 106 10.295630 106.000000 10.295630
417.500000 111 10.535654 111.000000 10.535654
418.500000 116 10.770330 116.000000 10.770330
419.500000 113 10.630146 113.000000 10.630146
420.500000 118 10.862780 118.000000 10.862780
421.500000 112 10.583005 112.000000 10.583005
422.500000 104 10.198039 104.000000 10.198039
423.500000 80 8.944272 80.000000 8.944272
424.500000 114 10.677078 114.000000 10.677078
425.500000 109 10.440307 109.000000 10.440307
426.500000 89 9.433981 89.000000 9.433981
427.500000 106 10.295630 106.000000 10.295630
428.500000 125 11.180340 125.000000 11.180340
429.500000 107 10.344080 107.000000 10.344080
430.500000 105 10.246951 105.000000 10.246951
431.500000 94 9.695360 94.000000 9.695360
432.500000 98 9.899495 98.000000 9.899495
433.500000 105 10.246951 105.000000 10.246951
434.500000 89 9.433981 89.000000 9.433981
435.500000 83 9.110434 83.000000 9.110434
436.500000 107 10.344080 107.000000 10.344080
437.500000 103 10.148892 103.000000 10.148892
438.500000 109 10.440307 109.000000 10.440307
439.500000 99 9.949874 99.000000 9.949874
440.500000 103 10.148892 103.000000 10.148892
441.500000 95 9.746794 95.000000 9.746794
442.500000 107 10.344080 107.000000 10.344080
443.500000 85 9.219544 85.000000 9.219544
444.500000 74 8.602325 74.000000 8.602325
445.500000 83 9.110434 83.000000 9.110434
446.500000 92 9.591663 92.000000 9.591663
447.500000 93 9.643651 93.000000 9.643651
448.500000 81 9.000000 81.000000 9.000000
449.500000 87 9.327379 87.000000 9.327379
450.500000 84 9.165151 84.000000 9.165151
451.500000 83 9.110434 83.000000 9.110434
452.500000 76 8.717798 76.000000 8.717798
453.500000 102 10.099505 102.000000 10.099505
454.500000 92 9.591663 92.000000 9.591663
455.500000 87 9.327379 87.000000 9.327379
456.500000 103 10.148892 103.000000 10.148892
457.500000 76 8.717798 76.000000 8.717798
458.500000 91 9.539392 91.000000 9.539392
459.500000 94 9.695360 94.000000 9.695360
460.500000 95 9.746794 95.000000 9.746794
461.500000 102 10.099505 102.000000 10.099505
462.500000 100 10.000000 100.000000 10.000000
463.500000 81 9.000000 81.000000 9.000000
464.500000 67 8.185353 67.000000 8.185353
465.500000 69 8.306624 69.000000 8.306624
466.500000 89 9.433981 89.000000 9.433981
467.500000 67 8.185353 67.000000 8.185353
468.500000 74 8.602325 74.000000 8.602325
469.500000 79 8.888194 79.000000 8.888194
470.500000 99 9.949874 99.000000 9.949874
471.500000 80 8.944272 80.000000 8.944272
472.500000 83 9.110434 83.000000 9.110434
473.500000 69 8.306624 69.000000 8.306624
474.500000 79 8.888194 79.000000 8.888194
475.500000 84 9.165151 84.000000 9.165151
476.500000 96 9.797959 96.000000 9.797959
477.500000 87 9.327379 87.000000 9.327379
478.500000 83 9.110434 83.000000 9.110434
479.500000 94 9.695360 94.000000 9.695360
480.500000 85 9.219544 85.000000 9.219544
481.500000 76 8.717798 76.000000 8.717798
482.500000 85 9.219544 85.000000 9.219544
483.500000 91 9.539392 91.000000 9.539392
484.500000 84 9.165151 84.000000 9.165151
485.500000 79 8.888194 79.000000 8.888194
486.500000 53 7.280110 53.000000 7.280110
487.500000 80 8.944272 80.000000 8.944272
488.500000 68 8.246211 68.000000 8.246211
489.500000 65 8.062258 65.000000 8.062258
490.500000 82 9.055385 82.000000 9.055385
491.500000 69 8.306624 69.000000 8.306624
492.500000 62 7.874008 62.000000 7.874008
493.500000 80 8.944272 80.000000 8.944272
494.500000 69 8.306624 69.000000 8.306624
495.500000 79 8.888194 79.000000 8.888194
496.500000 62 7.874008 62.000000 7.874008
497.500000 71 8.426150 71.000000 8.426150
498.500000 61 7.810250 61.000000 7.810250
499.500000 80 8.944272 80.000000 8.944272
500.500000 69 8.306624 69.000000 8.306624
501.500000 69 8.306624 69.000000 8.306624
502.500000 84 9.165151 84.000000 9.165151
503.500000 64 8.000000 64.000000 8.000000
504.500000 65 8.062258 65.000000 8.062258
505.500000 62 7.874008 62.000000 7.874008
506.500000 56 7.483315 56.000000 7.483315
507.500000 60 7.745967 60.000000 7.745967
508.500000 68 8.246211 68.000000 8.246211
509.500000 69 8.306624 69.000000 8.306624
510.500000 47 6.855655 47.000000 6.855655
511.500000 58 7.615773 58.000000 7.615773
512.500000 68 8.246211 68.000000 8.246211
513.500000 49 7.000000 49.000000 7.000000
514.500000 47 6.855655 47.000000 6.855655
515.500000 73 8.544004 73.000000 8.544004
516.500000 54 7.348469 54.000000 7.348469
517.500000 70 8.366600 70.000000 8.366600
518.500000 68 8.246211 68.000000 8.246211
519.500000 43 6.557439 43.000000 6.557439
520.500000 58 7.615773 58.000000 7.615773
521.500000 65 8.062258 65.000000 8.062258
522.500000 52 7.211103 52.000000 7.211103
523.500000 66 8.124038 66.000000 8.124038
524.500000 65 8.062258 65.000000 8.062258
525.500000 63 7.937254 63.000000 7.937254
526.500000 61 7.810250 61.000000 7.810250
527.500000 56 7.483315 56.000000 7.483315
528.500000 46 6.782330 46.000000 6.782330
529.500000 53 7.280110 53.000000 7.280110
530.500000 50 7.071068 50.000000 7.071068
531.500000 51 7.141428 51.000000 7.141428
532.500000 58 7.615773 58.000000 7.615773
533.500000 60 7.745967 60.000000 7.745967
534.500000 56 7.483315 56.000000 7.483315
535.500000 53 7.280110 53.000000 7.280110
536.500000 67 8.185353 67.000000 8.185353
537.500000 46 6.782330 46.000000 6.782330
538.500000 51 7.141428 51.000000 7.141428
539.500000 67 8.185353 67.000000 8.185353
540.500000 50 7.071068 50.000000 7.071068
541.500000 56 7.483315 56.000000 7.483315
542.500000 49 7.000000 49.000000 7.000000
543.500000 50 7.071068 50.000000 7.071068
544.500000 51 7.141428 51.000000 7.141428
545.500000 48 6.928203 48.000000 6.928203
546.500000 58 7.615773 58.000000 7.615773
547.500000 63 7.937254 63.000000 7.937254
548.500000 65 8.062258 65.000000 8.062258
549.500000 52 7.211103 52.000000 7.211103
550.500000 45 6.708204 45.000000 6.708204
551.500000 45 6.708204 45.000000 6.708204
552.500000 56 7.483315 56.000000 7.483315
553.500000 55 7.416198 55.000000 7.416198
554.500000 61 7.810250 61.000000 7.810250
555.500000 46 6.782330 46.000000 6.782330
556.500000 44 6.633250 44.000000 6.633250
557.500000 41 6.403124 41.000000 6.403124
558.500000 49 7.000000 49.000000 7.000000
559.500000 48 6.928203 48.000000 6.928203
560.500000 42 6.480741 42.000000 6.480741
561.500000 37 6.082763 37.000000 6.082763
562.500000 40 6.324555 40.000000 6.324555
563.500000 47 6.855655 47.000000 6.855655
564.500000 35 5.916080 35.000000 5.916080
565.500000 41 6.403124 41.000000 6.403124
566.500000 56 7.483315 56.000000 7.483315
567.500000 57 7.549834 57.000000 7.549834
568.500000 51 7.141428 51.000000 7.141428
569.500000 35 5.916080 35.000000 5.916080
570.500000 40 6.324555 40.000000 6.324555
571.500000 33 5.744563 33.000000 5.744563
572.500000 55 7.416198 55.000000 7.416198
573.500000 52 7.211103 52.000000 7.211103
574.500000 33 5.744563 33.000000 5.744563
575.500000 47 6.855655 47.000000 6.855655
576.500000 48 6.928203 48.000000 6.928203
577.500000 40 6.324555 40.000000 6.324555
578.500000 51 7.141428 51.000000 7.141428
579.500000 40 6.324555 40.000000 6.324555
580.500000 34 5.830952 34.000000 5.830952
581.500000 38 6.164414 38.000000 6.164414
582.500000 39 6.244998 39.000000 6.244998
583.500000 42 6.480741 42.000000 6.480741
584.500000 36 6.000000 36.000000 6.000000
585.500000 45 6.708204 45.000000 6.708204
586.500000 28 5.291503 28.000000 5.291503
587.500000 32 5.656854 32.000000 5.656854
588.500000 36 6.000000 36.000000 6.000000
589.500000 39 6.244998 39.000000 6.244998
590.500000 35 5.916080 35.000000 5.916080
591.500000 34 5.830952 34.000000 5.830952
592.500000 37 6.082763 37.000000 6.082763
593.500000 36 6.000000 36.000000 6.000000
594.500000 18 4.242641 18.000000 4.242641
595.500000 43 6.557439 43.000000 6.557439
596.500000 31 5.567764 31.000000 5.567764
597.500000 27 5.196152 27.000000 5.196152
598.500000 29 5.385165 29.000000 5.385165
599.500000 29 5.385165 29.000000 5.385165
600.500000 35 5.916080 35.000000 5.916080
601.500000 32 5.656854 32.000000 5.656854
602.500000 33 5.744563 33.000000 5.744563
603.500000 30 5.477226 30.000000 5.477226
604.500000 33 5.744563 33.000000 5.744563
605.500000 35 5.916080 35.000000 5.916080
606.500000 40 6.324555 40.000000 6.324555
607.500000 34 5.830952 34.000000 5.830952
608.500000 30 5.477226 30.000000 5.477226
609.500000 28 5.291503 28.000000 5.291503
610.500000 33 5.744563 33.000000 5.744563
611.500000 38 6.164414 38.000000 6.164414
612.500000 38 6.164414 38.000000 6.164414
613.500000 20 4.472136 20.000000 4.472136
614.500000 34 5.830952 34.000000 5.830952
615.500000 20 4.472136 20.000000 4.472136
616.500000 27 5.196152 27.000000 5.196152
617.500000 18 4.242641 18.000000 4.242641
618.500000 28 5.291503 28.000000 5.291503
619.500000 34 5.830952 34.000000 5.830952
620.500000 21 4.582576 21.000000 4.582576
621.500000 26 5.099020 26.000000 5.099020
622.500000 32 5.656854 32.000000 5.656854
623.500000 24 4.898979 24.000000 4.898979
624.500000 27 5.196152 27.000000 5.196152
625.500000 31 5.567764 31.000000 5.567764
626.500000 24 4.898979 24.000000 4.898979
627.500000 24 4.898979 24.000000 4.898979
628.500000 24 4.898979 24.000000 4.898979
629.500000 22 4.690416 22.000000 4.690416
630.500000 24 4.898979 24.000000 4.898979
631.500000 26 5.099020 26.000000 5.099020
632.500000 27 5.196152 27.000000 5.196152
633.500000 29 5.385165 29.000000 5.385165
634.500000 46 6.782330 46.000000 6.782330
635.500000 32 5.656854 32.000000 5.656854
636.500000 31 5.567764 31.000000 5.567764
637.500000 26 5.099020 26.000000 5.099020
638.500000 24 4.898979 24.000000 4.898979
639.500000 17 4.123106 17.000000 4.123106
640.500000 17 4.123106 17.000000 4.123106
641.500000 16 4.000000 16.000000 4.000000
642.500000 31 5.567764 31.000000 5.567764
643.500000 23 4.795832 23.000000 4.795832
644.500000 35 5.916080 35.000000 5.916080
645.500000 38 6.164414 38.000000 6.164414
646.500000 27 5.196152 27.000000 5.196152
647.500000 26 5.099020 26.000000 5.099020
648.500000 33 5.744563 33.000000 5.744563
649.500000 21 4.582576 21.000000 4.582576
650.500000 24 4.898979 24.000000 4.898979
651.500000 17 4.123106 17.000000 4.123106
652.500000 24 4.898979 24.000000 4.898979
653.500000 20 4.472136 20.000000 4.472136
654.500000 31 5.567764 31.000000 5.567764
655.500000 30 5.477226 30.000000 5.477226
656.500000 23 4.795832 23.000000 4.795832
657.500000 17 4.123106 17.000000 4.123106
658.500000 28 5.291503 28.000000 5.291503
659.500000 15 3.872983 15.000000 3.872983
660.500000 28 5.291503 28.000000 5.291503
661.500000 23 4.795832 23.000000 4.795832
662.500000 15 3.872983 15.000000 3.872983
663.500000 19 4.358899 19.000000 4.358899
664.500000 8 2.828427 8.000000 2.828427
665.500000 27 5.196152 27.000000 5.196152
666.500000 28 5.291503 28.000000 5.291503
667.500000 15 3.872983 15.000000 3.872983
668.500000 19 4.358899 19.000000 4.358899
669.500000 15 3.872983 15.000000 3.872983
670.500000 18 4.242641 18.000000 4.242641
671.500000 20 4.472136 20.000000 4.472136
672.500000 26 5.099020 26.000000 5.099020
673.500000 26 5.099020 26.000000 5.099020
674.500000 18 4.242641 18.000000 4.242641
675.500000 23 4.795832 23.000000 4.795832
676.500000 25 5.000000 25.000000 5.000000
677.500000 24 4.898979 24.000000 4.898979
678.500000 15 3.872983 15.000000 3.872983
679.500000 15 3.872983 15.000000 3.872983
680.500000 28 5.291503 28.000000 5.291503
681.500000 16 4.000000 16.000000 4.000000
682.500000 13 3.605551 13.000000 3.605551
683.500000 20 4.472136 20.000000 4.472136
684.500000 6 2.449490 6.000000 2.449490
685.500000 13 3.605551 13.000000 3.605551
686.500000 19 4.358899 19.000000 4.358899
687.500000 20 4.472136 20.000000 4.472136
688.500000 14 3.741657 14.000000 3.741657
689.500000 21 4.582576 21.000000 4.582576
690.500000 10 3.162278 10.000000 3.162278
691.500000 15 3.872983 15.000000 3.872983
692.500000 12 3.464102 12.000000 3.464102
693.500000 21 4.582576 21.000000 4.582576
694.500000 16 4.000000 16.000000 4.000000
695.500000 17 4.123106 17.000000 4.123106
696.500000 18 4.242641 18.000000 4.242641
697.500000 16 4.000000 16.000000 4.000000
698.500000 12 3.464102 12.000000 3.464102
699.500000 15 3.872983 15.000000 3.872983
700.500000 16 4.000000 16.000000 4.000000
701.500000 15 3.872983 15.000000 3.872983
702.500000 9 3.000000 9.000000 3.000000
703.500000 9 3.000000 9.000000 3.000000
704.500000 15 3.872983 15.000000 3.872983
705.500000 12 3.464102 12.000000 3.464102
706.500000 18 4.242641 18.000000 4.242641
707.500000 10 3.162278 10.000000 3.162278
708.500000 18 4.242641 18.000000 4.242641
709.500000 17 4.123106 17.000000 4.123106
710.500000 12 3.464102 12.000000 3.464102
711.500000 12 3.464102 12.000000 3.464102
712.500000 8 2.828427 8.000000 2.828427
713.500000 16 4.000000 16.000000 4.000000
714.500000 12 3.464102 12.000000 3.464102
715.500000 14 3.741657 14.000000 3.741657
716.500000 9 3.000000 9.000000 3.000000
717.500000 11 3.316625 11.000000 3.316625
718.500000 14 3.741657 14.000000 3.741657
719.500000 11 3.316625 11.000000 3.316625
720.500000 15 3.872983 15.000000 3.872983
721.500000 11 3.316625 11.000000 3.316625
722.500000 16 4.000000 16.000000 4.000000
723.500000 10 3.162278 10.000000 3.162278
724.500000 14 3.741657 14.000000 3.741657
725.500000 14 3.741657 14.000000 3.741657
726.500000 9 3.000000 9.000000 3.000000
727.500000 7 2.645751 7.000000 2.645751
728.500000 10 3.162278 10.000000 3.162278
729.500000 12 3.464102 12.000000 3.464102
730.500000 12 3.464102 12.000000 3.464102
731.500000 11 3.316625 11.000000 3.316625
732.500000 10 3.162278 10.000000 3.162278
733.500000 10 3.162278 10.000000 3.162278
734.500000 8 2.828427 8.000000 2.828427
735.500000 13 3.605551 13.000000 3.605551
736.500000 9 3.000000 9.000000 3.000000
737.500000 11 3.316625 11.000000 3.316625
738.500000 7 2.645751 7.000000 2.645751
739.500000 15 3.872983 15.000000 3.872983
740.500000 10 3.162278 10.000000 3.162278
741.500000 8 2.828427 8.000000 2.828427
742.500000 6 2.449490 6.000000 2.449490
743.500000 10 3.162278 10.000000 3.162278
744.500000 10 3.162278 10.000000 3.162278
745.500000 10 3.162278 10.000000 3.162278
746.500000 8 2.828427 8.000000 2.828427
747.500000 6 2.449490 6.000000 2.449490
748.500000 7 2.645751 7.000000 2.645751
749.500000 7 2.645751 7.000000 2.645751
750.500000 12 3.464102 12.000000 3.464102
751.500000 9 3.000000 9.000000 3.000000
752.500000 8 2.828427 8.000000 2.828427
753.500000 15 3.872983 15.000000 3.872983
754.500000 12 3.464102 12.000000 3.464102
755.500000 11 3.316625 11.000000 3.316625
756.500000 7 2.645751 7.000000 2.645751
757.500000 9 3.000000 9.000000 3.000000
758.500000 4 2.000000 4.000000 2.000000
759.500000 2 1.414214 2.000000 1.414214
760.500000 2 1.414214 2.000000 1.414214
761.500000 6 2.449490 6.000000 2.449490
762.500000 3 1.732051 3.000000 1.732051
763.500000 9 3.000000 9.000000 3.000000
764.500000 5 2.236068 5.000000 2.236068
765.500000 5 2.236068 5.000000 2.236068
766.500000 7 2.645751 7.000000 2.645751
767.500000 9 3.000000 9.000000 3.000000
768.500000 9 3.000000 9.000000 3.000000
769.500000 4 2.000000 4.000000 2.000000
770.500000 13 3.605551 13.000000 3.605551
771.500000 8 2.828427 8.000000 2.828427
772.500000 7 2.645751 7.000000 2.645751
773.500000 3 1.732051 3.000000 1.732051
774.500000 8 2.828427 8.000000 2.828427
775.500000 8 2.828427 8.000000 2.828427
776.500000 7 2.645751 7.000000 2.645751
777.500000 7 2.645751 7.000000 2.645751
778.500000 3 1.732051 3.000000 1.732051
779.500000 13 3.605551 13.000000 3.605551
780.500000 11 3.316625 11.000000 3.316625
781.500000 4 2.000000 4.000000 2.000000
782.500000 6 2.449490 6.000000 2.449490
783.500000 5 2.236068 5.000000 2.236068
784.500000 8 2.828427 8.000000 2.828427
785.500000 10 3.162278 10.000000 3.162278
786.500000 7 2.645751 7.000000 2.645751
787.500000 3 1.732051 3.000000 1.732051
788.500000 8 2.828427 8.000000 2.828427
789.500000 2 1.414214 2.000000 1.414214
790.500000 6 2.449490 6.000000 2.449490
791.500000 10 3.162278 10.000000 3.162278
792.500000 10 3.162278 10.000000 3.162278
793.500000 5 2.236068 5.000000 2.236068
794.500000 7 2.645751 7.000000 2.645751
795.500000 7 2.645751 7.000000 2.645751
796.500000 7 2.645751 7.000000 2.645751
797.500000 5 2.236068 5.000000 2.236068
798.500000 5 2.236068 5.000000 2.236068
799.500000 6 2.449490 6.000000 2.449490
800.500000 3 1.732051 3.000000 1.732051
801.500000 6 2.449490 6.000000 2.449490
802.500000 4 2.000000 4.000000 2.000000
803.500000 4 2.000000 4.000000 2.000000
804.500000 3 1.732051 3.000000 1.732051
805.500000 4 2.000000 4.000000 2.000000
806.500000 2 1.414214 2.000000 1.414214
807.500000 7 2.645751 7.000000 2.645751
808.500000 3 1.732051 3.000000 1.732051
809.500000 3 1.732051 3.000000 1.732051
810.500000 8 2.828427 8.000000 2.828427
811.500000 3 1.732051 3.000000 1.732051
812.500000 4 2.000000 4.000000 2.000000
813.500000 5 2.236068 5.000000 2.236068
814.500000 5 2.236068 5.000000 2.236068
815.500000 4 2.000000 4.000000 2.000000
816.500000 6 2.449490 6.000000 2.449490
817.500000 4 2.000000 4.000000 2.000000
818.500000 5 2.236068 5.000000 2.236068
819.500000 3 1.732051 3.000000 1.732051
820.500000 4 2.000000 4.000000 2.000000
821.500000 6 2.449490 6.000000 2.449490
822.500000 5 2.236068 5.000000 2.236068
823.500000 3 1.732051 3.000000 1.732051
824.500000 0 0.000000 0.000000 0.000000
825.500000 0 0.000000 0.000000 0.000000
826.500000 2 1.414214 2.000000 1.414214
827.500000 2 1.414214 2.000000 1.414214
828.500000 5 2.236068 5.000000 2.236068
829.500000 6 2.449490 6.000000 2.449490
830.500000 7 2.645751 7.000000 2.645751
831.500000 2 1.414214 2.000000 1.414214
832.500000 5 2.236068 5.000000 2.236068
833.500000 4 2.000000 4.000000 2.000000
834.500000 6 2.449490 6.000000 2.449490
835.500000 8 2.828427 8.000000 2.828427
836.500000 4 2.000000 4.000000 2.000000
837.500000 2 1.414214 2.000000 1.414214
838.500000 1 1.000000 1.000000 1.000000
839.500000 1 1.000000 1.000000 1.000000
840.500000 3 1.732051 3.000000 1.732051
841.500000 0 0.000000 0.000000 0.000000
842.500000 3 1.732051 3.000000 1.732051
843.500000 1 1.000000 1.000000 1.000000
844.500000 1 1.000000 1.000000 1.000000
845.500000 2 1.414214 2.000000 1.414214
846.500000 4 2.000000 4.000000 2.000000
847.500000 3 1.732051 3.000000 1.732051
848.500000 2 1.414214 2.000000 1.414214
849.500000 5 2.236068 5.000000 2.236068
850.500000 4 2.000000 4.000000 2.000000
851.500000 2 1.414214 2.000000 1.414214
852.500000 4 2.000000 4.000000 2.000000
853.500000 3 1.732051 3.000000 1.732051
854.500000 4 2.000000 4.000000 2.000000
855.500000 2 1.414214 2.000000 1.414214
856.500000 2 1.414214 2.000000 1.414214
857.500000 1 1.000000 1.000000 1.000000
858.500000 4 2.000000 4.000000 2.000000
859.500000 1 1.000000 1.000000 1.000000
860.500000 1 1.000000 1.000000 1.000000
861.500000 6 2.449490 6.000000 2.449490
862.500000 3 1.732051 3.000000 1.732051
863.500000 0 0.000000 0.000000 0.000000
864.500000 1 1.000000 1.000000 1.000000
865.500000 6 2.449490 6.000000 2.449490
866.500000 0 0.000000 0.000000 0.000000
867.500000 2 1.414214 2.000000 1.414214
868.500000 2 1.414214 2.000000 1.414214
869.500000 1 1.000000 1.000000 1.000000
870.500000 3 1.732051 3.000000 1.732051
871.500000 2 1.414214 2.000000 1.414214
872.500000 1 1.000000 1.000000 1.000000
873.500000 0 0.000000 0.000000 0.000000
874.500000 4 2.000000 4.000000 2.000000
875.500000 4 2.000000 4.000000 2.000000
876.500000 2 1.414214 2.000000 1.414214
877.500000 1 1.000000 1.000000 1.000000
878.500000 5 2.236068 5.000000 2.236068
879.500000 1 1.000000 1.000000 1.000000
880.500000 4 2.000000 4.000000 2.000000
881.500000 1 1.000000 1.000000 1.000000
882.500000 2 1.414214 2.000000 1.414214
883.500000 1 1.000000 1.000000 1.000000
884.500000 0 0.000000 0.000000 0.000000
885.500000 3 1.732051 3.000000 1.732051
886.500000 1 1.000000 1.000000 1.000000
887.500000 3 1.732051 3.000000 1.732051
888.500000 1 1.000000 1.000000 1.000000
889.500000 2 1.414214 2.000000 1.414214
890.500000 0 0.000000 0.000000 0.000000
891.500000 2 1.414214 2.000000 1.414214
892.500000 2 1.414214 2.000000 1.414214
893.500000 1 1.000000 1.000000 1.000000
894.500000 3 1.732051 3.000000 1.732051
895.500000 0 0.000000 0.000000 0.000000
896.500000 0 0.000000 0.000000 0.000000
897.500000 3 1.732051 3.000000 1.732051
898.500000 0 0.000000 0.000000 0.000000
899.500000 1 1.000000 1.000000 1.000000
900.500000 2 1.414214 2.000000 1.414214
901.500000 1 1.000000 1.000000 1.000000
902.500000 0 0.000000 0.000000 0.000000
903.500000 0 0.000000 0.000000 0.000000
904.500000 3 1.732051 3.000000 1.732051
905.500000 0 0.000000 0.000000 0.000000
906.500000 1 1.000000 1.000000 1.000000
907.500000 1 1.000000 1.000000 1.000000
908.500000 3 1.732051 3.000000 1.732051
909.500000 2 1.414214 2.000000 1.414214
910.500000 0 0.000000 0.000000 0.000000
911.500000 4 2.000000 4.000000 2.000000
912.500000 1 1.000000 1.000000 1.000000
913.500000 0 0.000000 0.000000 0.000000
914.500000 2 1.414214 2.000000 1.414214
915.500000 1 1.000000 1.000000 1.000000
916.500000 3 1.732051 3.000000 1.732051
917.500000 1 1.000000 1.000000 1.000000
918.500000 0 0.000000 0.000000 0.000000
919.500000 0 0.000000 0.000000 0.000000
920.500000 2 1.414214 2.000000 1.414214
921.500000 0 0.000000 0.000000 0.000000
922.500000 1 1.000000 1.000000 1.000000
923.500000 0 0.000000 0.000000 0.000000
924.500000 2 1.414214 2.000000 1.414214
925.500000 1 1.000000 1.000000 1.000000
926.500000 0 0.000000 0.000000 0.000000
927.500000 1 1.000000 1.000000 1.000000
928.500000 1 1.000000 1.000000 1.000000
929.500000 0 0.000000 0.000000 0.000000
930.500000 1 1.000000 1.000000 1.000000
931.500000 1 1.000000 1.000000 1.000000
932.500000 1 1.000000 1.000000 1.000000
933.500000 2 1.414214 2.000000 1.414214
934.500000 0 0.000000 0.000000 0.000000
935.500000 0 0.000000 0.000000 0.000000
936.500000 1 1.000000 1.000000 1.000000
937.500000 0 0.000000 0.000000 0.000000
938.500000 0 0.000000 0.000000 0.000000
939.500000 0 0.000000 0.000000 0.000000
940.500000 1 1.000000 1.000000 1.000000
941.500000 1 1.000000 1.000000 1.000000
942.500000 3 1.732051 3.000000 1.732051
943.500000 0 0.000000 0.000000 0.000000
944.500000 1 1.000000 1.000000 1.000000
945.500000 1 1.000000 1.000000 1.000000
946.500000 0 0.000000 0.000000 0.000000
947.500000 0 0.000000 0.000000 0.000000
948.500000 1 1.000000 1.000000 1.000000
949.500000 2 1.414214 2.000000 1.414214
950.500000 0 0.000000 0.000000 0.000000
951.500000 0 0.000000 0.000000 0.000000
952.500000 2 1.414214 2.000000 1.414214
953.500000 3 1.732051 3.000000 1.732051
954.500000 2 1.414214 2.000000 1.414214
955.500000 1 1.000000 1.000000 1.000000
956.500000 1 1.000000 1.000000 1.000000
957.500000 0 0.000000 0.000000 0.000000
958.500000 0 0.000000 0.000000 0.000000
959.500000 1 1.000000 1.000000 1.000000
960.500000 2 1.414214 2.000000 1.414214
961.500000 1 1.000000 1.000000 1.000000
962.500000 1 1.000000 1.000000 1.000000
963.500000 1 1.000000 1.000000 1.000000
964.500000 0 0.000000 0.000000 0.000000
965.500000 0 0.000000 0.000000 0.000000
966.500000 0 0.000000 0.000000 0.000000
967.500000 0 0.000000 0.000000 0.000000
968.500000 2 1.414214 2.000000 1.414214
969.500000 3 1.732051 3.000000 1.732051
970.500000 1 1.000000 1.000000 1.000000
971.500000 0 0.000000 0.000000 0.000000
972.500000 1 1.000000 1.000000 1.000000
973.500000 0 0.000000 0.000000 0.000000
974.500000 0 0.000000 0.000000 0.000000
975.500000 0 0.000000 0.000000 0.000000
976.500000 0 0.000000 0.000000 0.000000
977.500000 0 0.000000 0.000000 0.000000
978.500000 0 0.000000 0.000000 0.000000
979.500000 0 0.000000 0.000000 0.000000
980.500000 1 1.000000 1.000000 1.000000
981.500000 1 1.000000 1.000000 1.000000
982.500000 0 0.000000 0.000000 0.000000
983.500000 0 0.000000 0.000000 0.000000
984.500000 2 1.414214 2.000000 1.414214
985.500000 0 0.000000 0.000000 0.000000
986.500000 0 0.000000 0.000000 0.000000
987.500000 1 1.000000 1.000000 1.000000
988.500000 1 1.000000 1.000000 1.000000
989.500000 2 1.414214 2.000000 1.414214
990.500000 0 0.000000 0.000000 0.000000
991.500000 1 1.000000 1.000000 1.000000
992.500000 0 0.000000 0.000000 0.000000
993.500000 0 0.000000 0.000000 0.000000
994.500000 0 0.000000 0.000000 0.000000
995.500000 1 1.000000 1.000000 1.000000
996.500000 0 0.000000 0.000000 0.000000
997.500000 0 0.000000 0.000000 0.000000
998.500000 0 0.000000 0.000000 0.000000
999.500000 0 0.000000 0.000000 0.000000
1000.500000 0 0.000000 0.000000 0.000000
1001.500000 0 0.000000 0.000000 0.000000
1002.500000 0 0.000000 0.000000 0.000000
1003.500000 0 0.000000 0.000000 0.000000
1004.500000 1 1.000000 1.000000 1.000000
1005.500000 0 0.000000 0.000000 0.000000
1006.500000 0 0.000000 0.000000 0.000000
1007.500000 0 0.000000 0.000000 0.000000
1008.500000 1 1.000000 1.000000 1.000000
1009.500000 1 1.000000 1.000000 1.000000
1010.500000 1 1.000000 1.000000 1.000000
1011.500000 0 0.000000 0.000000 0.000000
1012.500000 1 1.000000 1.000000 1.000000
1013.500000 0 0.000000 0.000000 0.000000
1014.500000 0 0.000000 0.000000 0.000000
1015.500000 0 0.000000 0.000000 0.000000
1016.500000 1 1.000000 1.000000 1.000000
1017.500000 0 0.000000 0.000000 0.000000
1018.500000 1 1.000000 1.000000 1.000000
1019.500000 0 0.000000 0.000000 0.000000
1020.500000 0 0.000000 0.000000 0.000000
1021.500000 0 0.000000 0.000000 0.000000
1022.500000 1 1.000000 1.000000 1.000000
1023.500000 0 0.000000 0.000000 0.000000
