# name, dx, fmax, fmax_err, norm_value, norm_vale_err
# 137Cs_HA 1 15944 126.26955294131677 1 0
# bin_center, freq, freq_err, norm_freq, norm_freq_err
0.500000 0 0.000000 0.000000 0.000000
1.500000 0 0.000000 0.000000 0.000000
2.500000 0 0.000000 0.000000 0.000000
3.500000 0 0.000000 0.000000 0.000000
4.500000 0 0.000000 0.000000 0.000000
5.500000 0 0.000000 0.000000 0.000000
6.500000 0 0.000000 0.000000 0.000000
7.500000 0 0.000000 0.000000 0.000000
8.500000 3 1.732051 3.000000 1.732051
9.500000 34 5.830952 34.000000 5.830952
10.500000 165 12.845233 165.000000 12.845233
11.500000 208 14.422205 208.000000 14.422205
12.500000 584 24.166092 584.000000 24.166092
13.500000 2037 45.133136 2037.000000 45.133136
14.500000 4570 67.601775 4570.000000 67.601775
15.500000 7403 86.040688 7403.000000 86.040688
16.500000 9973 99.864909 9973.000000 99.864909
17.500000 11326 106.423682 11326.000000 106.423682
18.500000 11714 108.231234 11714.000000 108.231234
19.500000 11933 109.238272 11933.000000 109.238272
20.500000 12166 110.299592 12166.000000 110.299592
21.500000 12323 111.009009 12323.000000 111.009009
22.500000 12309 110.945933 12309.000000 110.945933
23.500000 12789 113.088461 12789.000000 113.088461
24.500000 12741 112.876038 12741.000000 112.876038
25.500000 13165 114.738834 13165.000000 114.738834
26.500000 13423 115.857671 13423.000000 115.857671
27.500000 13551 116.408763 13551.000000 116.408763
28.500000 13676 116.944431 13676.000000 116.944431
29.500000 13918 117.974574 13918.000000 117.974574
30.500000 14220 119.247641 14220.000000 119.247641
31.500000 14372 119.883277 14372.000000 119.883277
32.500000 14400 120.000000 14400.000000 120.000000
33.500000 14513 120.469913 14513.000000 120.469913
34.500000 14738 121.400165 14738.000000 121.400165
35.500000 15070 122.759928 15070.000000 122.759928
36.500000 14989 122.429572 14989.000000 122.429572
37.500000 14956 122.294726 14956.000000 122.294726
38.500000 15411 124.141049 15411.000000 124.141049
39.500000 15368 123.967738 15368.000000 123.967738
40.500000 15678 125.211821 15678.000000 125.211821
41.500000 15944 126.269553 15944.000000 126.269553
42.500000 15734 125.435242 15734.000000 125.435242
43.500000 15865 125.956342 15865.000000 125.956342
44.500000 15874 125.992063 15874.000000 125.992063
45.500000 15801 125.702029 15801.000000 125.702029
46.500000 15761 125.542821 15761.000000 125.542821
47.500000 15780 125.618470 15780.000000 125.618470
48.500000 15876 126.000000 15876.000000 126.000000
49.500000 15514 124.555209 15514.000000 124.555209
50.500000 15163 123.138134 15163.000000 123.138134
51.500000 15254 123.507085 15254.000000 123.507085
52.500000 15156 123.109707 15156.000000 123.109707
53.500000 14994 122.449990 14994.000000 122.449990
54.500000 14805 121.675799 14805.000000 121.675799
55.500000 14597 120.818045 14597.000000 120.818045
56.500000 14179 119.075606 14179.000000 119.075606
57.500000 14050 118.532696 14050.000000 118.532696
58.500000 13746 117.243337 13746.000000 117.243337
59.500000 13676 116.944431 13676.000000 116.944431
60.500000 13376 115.654658 13376.000000 115.654658
61.500000 13133 114.599302 13133.000000 114.599302
62.500000 12921 113.670577 12921.000000 113.670577
63.500000 12787 113.079618 12787.000000 113.079618
64.500000 12438 111.525782 12438.000000 111.525782
65.500000 12251 110.684236 12251.000000 110.684236
66.500000 12205 110.476242 12205.000000 110.476242
67.500000 11923 109.192491 11923.000000 109.192491
68.500000 11489 107.186753 11489.000000 107.186753
69.500000 11499 107.233390 11499.000000 107.233390
70.500000 11214 105.896176 11214.000000 105.896176
71.500000 11022 104.985713 11022.000000 104.985713
72.500000 10750 103.682207 10750.000000 103.682207
73.500000 10597 102.941731 10597.000000 102.941731
74.500000 10525 102.591423 10525.000000 102.591423
75.500000 10319 101.582479 10319.000000 101.582479
76.500000 10319 101.582479 10319.000000 101.582479
77.500000 10078 100.389242 10078.000000 100.389242
78.500000 10032 100.159872 10032.000000 100.159872
79.500000 9588 97.918333 9588.000000 97.918333
80.500000 9903 99.513818 9903.000000 99.513818
81.500000 9536 97.652445 9536.000000 97.652445
82.500000 9458 97.252249 9458.000000 97.252249
83.500000 9216 96.000000 9216.000000 96.000000
84.500000 9219 96.015624 9219.000000 96.015624
85.500000 8948 94.593869 8948.000000 94.593869
86.500000 9063 95.199790 9063.000000 95.199790
87.500000 8748 93.530744 8748.000000 93.530744
88.500000 8598 92.725401 8598.000000 92.725401
89.500000 8577 92.612094 8577.000000 92.612094
90.500000 8572 92.585096 8572.000000 92.585096
91.500000 8471 92.038036 8471.000000 92.038036
92.500000 8485 92.114060 8485.000000 92.114060
93.500000 8323 91.230477 8323.000000 91.230477
94.500000 8260 90.884542 8260.000000 90.884542
95.500000 8259 90.879040 8259.000000 90.879040
96.500000 7940 89.106678 7940.000000 89.106678
97.500000 8155 90.305039 8155.000000 90.305039
98.500000 7950 89.162773 7950.000000 89.162773
99.500000 7897 88.865066 7897.000000 88.865066
100.500000 7906 88.915690 7906.000000 88.915690
101.500000 7728 87.909044 7728.000000 87.909044
102.500000 7668 87.567117 7668.000000 87.567117
103.500000 7740 87.977270 7740.000000 87.977270
104.500000 7541 86.838931 7541.000000 86.838931
105.500000 7642 87.418534 7642.000000 87.418534
106.500000 7528 86.764048 7528.000000 86.764048
107.500000 7727 87.903356 7727.000000 87.903356
108.500000 7605 87.206651 7605.000000 87.206651
109.500000 7275 85.293611 7275.000000 85.293611
110.500000 7324 85.580372 7324.000000 85.580372
111.500000 7232 85.041167 7232.000000 85.041167
112.500000 7127 84.421561 7127.000000 84.421561
113.500000 7235 85.058803 7235.000000 85.058803
114.500000 7200 84.852814 7200.000000 84.852814
115.500000 7143 84.516271 7143.000000 84.516271
116.500000 7085 84.172442 7085.000000 84.172442
117.500000 7032 83.857021 7032.000000 83.857021
118.500000 6776 82.316463 6776.000000 82.316463
119.500000 6858 82.813042 6858.000000 82.813042
120.500000 6790 82.401456 6790.000000 82.401456
121.500000 6814 82.546956 6814.000000 82.546956
122.500000 6573 81.074040 6573.000000 81.074040
123.500000 6457 80.355460 6457.000000 80.355460
124.500000 6518 80.734132 6518.000000 80.734132
125.500000 6357 79.730797 6357.000000 79.730797
126.500000 6192 78.689262 6192.000000 78.689262
127.500000 6093 78.057671 6093.000000 78.057671
128.500000 6124 78.255990 6124.000000 78.255990
129.500000 5965 77.233412 5965.000000 77.233412
130.500000 5873 76.635501 5873.000000 76.635501
131.500000 5816 76.262704 5816.000000 76.262704
132.500000 5617 74.946648 5617.000000 74.946648
133.500000 5552 74.511744 5552.000000 74.511744
134.500000 5467 73.939164 5467.000000 73.939164
135.500000 5461 73.898579 5461.000000 73.898579
136.500000 5208 72.166474 5208.000000 72.166474
137.500000 5233 72.339477 5233.000000 72.339477
138.500000 5173 71.923571 5173.000000 71.923571
139.500000 4921 70.149840 4921.000000 70.149840
140.500000 4828 69.483811 4828.000000 69.483811
141.500000 4792 69.224273 4792.000000 69.224273
142.500000 4824 69.455021 4824.000000 69.455021
143.500000 4725 68.738635 4725.000000 68.738635
144.500000 4564 67.557383 4564.000000 67.557383
145.500000 4502 67.096945 4502.000000 67.096945
146.500000 4345 65.916614 4345.000000 65.916614
147.500000 4270 65.345237 4270.000000 65.345237
148.500000 4376 66.151342 4376.000000 66.151342
149.500000 4262 65.283995 4262.000000 65.283995
150.500000 4153 64.443774 4153.000000 64.443774
151.500000 4211 64.892218 4211.000000 64.892218
152.500000 4198 64.791975 4198.000000 64.791975
153.500000 4056 63.686733 4056.000000 63.686733
154.500000 4063 63.741666 4063.000000 63.741666
155.500000 4015 63.364028 4015.000000 63.364028
156.500000 4101 64.039051 4101.000000 64.039051
157.500000 4239 65.107603 4239.000000 65.107603
158.500000 4103 64.054664 4103.000000 64.054664
159.500000 4165 64.536811 4165.000000 64.536811
160.500000 4197 64.784257 4197.000000 64.784257
161.500000 4254 65.222695 4254.000000 65.222695
162.500000 4397 66.309879 4397.000000 66.309879
163.500000 4539 67.372101 4539.000000 67.372101
164.500000 4393 66.279710 4393.000000 66.279710
165.500000 4530 67.305275 4530.000000 67.305275
166.500000 4658 68.249542 4658.000000 68.249542
167.500000 4686 68.454364 4686.000000 68.454364
168.500000 4645 68.154237 4645.000000 68.154237
169.500000 4778 69.123079 4778.000000 69.123079
170.500000 4838 69.555733 4838.000000 69.555733
171.500000 4996 70.682388 4996.000000 70.682388
172.500000 4980 70.569115 4980.000000 70.569115
173.500000 5052 71.077423 5052.000000 71.077423
174.500000 4975 70.533680 4975.000000 70.533680
175.500000 5214 72.208033 5214.000000 72.208033
176.500000 5076 71.246053 5076.000000 71.246053
177.500000 5302 72.814834 5302.000000 72.814834
178.500000 5160 71.833140 5160.000000 71.833140
179.500000 5197 72.090221 5197.000000 72.090221
180.500000 5339 73.068461 5339.000000 73.068461
181.500000 5305 72.835431 5305.000000 72.835431
182.500000 5179 71.965269 5179.000000 71.965269
183.500000 5226 72.291078 5226.000000 72.291078
184.500000 5300 72.801099 5300.000000 72.801099
185.500000 5312 72.883469 5312.000000 72.883469
186.500000 5190 72.041655 5190.000000 72.041655
187.500000 5084 71.302174 5084.000000 71.302174
188.500000 5118 71.540198 5118.000000 71.540198
189.500000 5051 71.070388 5051.000000 71.070388
190.500000 5124 71.582121 5124.000000 71.582121
191.500000 5036 70.964780 5036.000000 70.964780
192.500000 4858 69.699354 4858.000000 69.699354
193.500000 4845 69.606034 4845.000000 69.606034
194.500000 4858 69.699354 4858.000000 69.699354
195.500000 4860 69.713700 4860.000000 69.713700
196.500000 4845 69.606034 4845.000000 69.606034
197.500000 4799 69.274815 4799.000000 69.274815
198.500000 4703 68.578422 4703.000000 68.578422
199.500000 4772 69.079664 4772.000000 69.079664
200.500000 4587 67.727395 4587.000000 67.727395
201.500000 4554 67.483331 4554.000000 67.483331
202.500000 4457 66.760767 4457.000000 66.760767
203.500000 4568 67.586981 4568.000000 67.586981
204.500000 4471 66.865537 4471.000000 66.865537
205.500000 4510 67.156534 4510.000000 67.156534
206.500000 4407 66.385239 4407.000000 66.385239
207.500000 4313 65.673435 4313.000000 65.673435
208.500000 4211 64.892218 4211.000000 64.892218
209.500000 4148 64.404969 4148.000000 64.404969
210.500000 4008 63.308767 4008.000000 63.308767
211.500000 4040 63.560994 4040.000000 63.560994
212.500000 3982 63.103090 3982.000000 63.103090
213.500000 3924 62.641839 3924.000000 62.641839
214.500000 3949 62.841069 3949.000000 62.841069
215.500000 3857 62.104750 3857.000000 62.104750
216.500000 3807 61.700891 3807.000000 61.700891
217.500000 3721 61.000000 3721.000000 61.000000
218.500000 3658 60.481402 3658.000000 60.481402
219.500000 3657 60.473135 3657.000000 60.473135
220.500000 3620 60.166436 3620.000000 60.166436
221.500000 3496 59.126982 3496.000000 59.126982
222.500000 3494 59.110067 3494.000000 59.110067
223.500000 3397 58.283788 3397.000000 58.283788
224.500000 3320 57.619441 3320.000000 57.619441
225.500000 3236 56.885851 3236.000000 56.885851
226.500000 3191 56.488937 3191.000000 56.488937
227.500000 3088 55.569776 3088.000000 55.569776
228.500000 3022 54.972721 3022.000000 54.972721
229.500000 2836 53.254108 2836.000000 53.254108
230.500000 2884 53.702886 2884.000000 53.702886
231.500000 2770 52.630789 2770.000000 52.630789
232.500000 2783 52.754147 2783.000000 52.754147
233.500000 2671 51.681718 2671.000000 51.681718
234.500000 2512 50.119856 2512.000000 50.119856
235.500000 2460 49.598387 2460.000000 49.598387
236.500000 2533 50.328918 2533.000000 50.328918
237.500000 2492 49.919936 2492.000000 49.919936
238.500000 2323 48.197510 2323.000000 48.197510
239.500000 2293 47.885280 2293.000000 47.885280
240.500000 2252 47.455242 2252.000000 47.455242
241.500000 2180 46.690470 2180.000000 46.690470
242.500000 2147 46.335731 2147.000000 46.335731
243.500000 2053 45.310043 2053.000000 45.310043
244.500000 1961 44.283180 1961.000000 44.283180
245.500000 1963 44.305756 1963.000000 44.305756
246.500000 1901 43.600459 1901.000000 43.600459
247.500000 1839 42.883563 1839.000000 42.883563
248.500000 1772 42.095130 1772.000000 42.095130
249.500000 1844 42.941821 1844.000000 42.941821
250.500000 1755 41.892720 1755.000000 41.892720
251.500000 1656 40.693980 1656.000000 40.693980
252.500000 1622 40.274061 1622.000000 40.274061
253.500000 1604 40.049969 1604.000000 40.049969
254.500000 1719 41.460825 1719.000000 41.460825
255.500000 1628 40.348482 1628.000000 40.348482
256.500000 1594 39.924930 1594.000000 39.924930
257.500000 1515 38.923001 1515.000000 38.923001
258.500000 1498 38.704005 1498.000000 38.704005
259.500000 1446 38.026307 1446.000000 38.026307
260.500000 1394 37.336309 1394.000000 37.336309
261.500000 1441 37.960506 1441.000000 37.960506
262.500000 1411 37.563280 1411.000000 37.563280
263.500000 1414 37.603191 1414.000000 37.603191
264.500000 1361 36.891733 1361.000000 36.891733
265.500000 1313 36.235342 1313.000000 36.235342
266.500000 1258 35.468296 1258.000000 35.468296
267.500000 1274 35.693137 1274.000000 35.693137
268.500000 1227 35.028560 1227.000000 35.028560
269.500000 1197 34.597688 1197.000000 34.597688
270.500000 1160 34.058773 1160.000000 34.058773
271.500000 1121 33.481338 1121.000000 33.481338
272.500000 1150 33.911650 1150.000000 33.911650
273.500000 1178 34.322005 1178.000000 34.322005
274.500000 1080 32.863353 1080.000000 32.863353
275.500000 1058 32.526912 1058.000000 32.526912
276.500000 1122 33.496268 1122.000000 33.496268
277.500000 1021 31.953091 1021.000000 31.953091
278.500000 1065 32.634338 1065.000000 32.634338
279.500000 1027 32.046841 1027.000000 32.046841
280.500000 1048 32.372828 1048.000000 32.372828
281.500000 1042 32.280025 1042.000000 32.280025
282.500000 1030 32.093613 1030.000000 32.093613
283.500000 1032 32.124757 1032.000000 32.124757
284.500000 954 30.886890 954.000000 30.886890
285.500000 1002 31.654384 1002.000000 31.654384
286.500000 1053 32.449961 1053.000000 32.449961
287.500000 969 31.128765 969.000000 31.128765
288.500000 975 31.224990 975.000000 31.224990
289.500000 967 31.096624 967.000000 31.096624
290.500000 973 31.192948 973.000000 31.192948
291.500000 989 31.448370 989.000000 31.448370
292.500000 1002 31.654384 1002.000000 31.654384
293.500000 1005 31.701735 1005.000000 31.701735
294.500000 954 30.886890 954.000000 30.886890
295.500000 994 31.527766 994.000000 31.527766
296.500000 970 31.144823 970.000000 31.144823
297.500000 915 30.248967 915.000000 30.248967
298.500000 937 30.610456 937.000000 30.610456
299.500000 925 30.413813 925.000000 30.413813
300.500000 893 29.883106 893.000000 29.883106
301.500000 866 29.427878 866.000000 29.427878
302.500000 872 29.529646 872.000000 29.529646
303.500000 875 29.580399 875.000000 29.580399
304.500000 852 29.189039 852.000000 29.189039
305.500000 862 29.359837 862.000000 29.359837
306.500000 875 29.580399 875.000000 29.580399
307.500000 894 29.899833 894.000000 29.899833
308.500000 881 29.681644 881.000000 29.681644
309.500000 918 30.298515 918.000000 30.298515
310.500000 773 27.802878 773.000000 27.802878
311.500000 818 28.600699 818.000000 28.600699
312.500000 807 28.407745 807.000000 28.407745
313.500000 805 28.372522 805.000000 28.372522
314.500000 809 28.442925 809.000000 28.442925
315.500000 785 28.017851 785.000000 28.017851
316.500000 780 27.928480 780.000000 27.928480
317.500000 809 28.442925 809.000000 28.442925
318.500000 818 28.600699 818.000000 28.600699
319.500000 825 28.722813 825.000000 28.722813
320.500000 768 27.712813 768.000000 27.712813
321.500000 782 27.964263 782.000000 27.964263
322.500000 768 27.712813 768.000000 27.712813
323.500000 742 27.239677 742.000000 27.239677
324.500000 768 27.712813 768.000000 27.712813
325.500000 770 27.748874 770.000000 27.748874
326.500000 725 26.925824 725.000000 26.925824
327.500000 765 27.658633 765.000000 27.658633
328.500000 672 25.922963 672.000000 25.922963
329.500000 718 26.795522 718.000000 26.795522
330.500000 760 27.568098 760.000000 27.568098
331.500000 643 25.357445 643.000000 25.357445
332.500000 738 27.166155 738.000000 27.166155
333.500000 733 27.073973 733.000000 27.073973
334.500000 679 26.057628 679.000000 26.057628
335.500000 669 25.865034 669.000000 25.865034
336.500000 638 25.258662 638.000000 25.258662
337.500000 712 26.683328 712.000000 26.683328
338.500000 718 26.795522 718.000000 26.795522
339.500000 642 25.337719 642.000000 25.337719
340.500000 674 25.961510 674.000000 25.961510
341.500000 673 25.942244 673.000000 25.942244
342.500000 625 25.000000 625.000000 25.000000
343.500000 645 25.396850 645.000000 25.396850
344.500000 650 25.495098 650.000000 25.495098
345.500000 622 24.939928 622.000000 24.939928
346.500000 604 24.576411 604.000000 24.576411
347.500000 636 25.219040 636.000000 25.219040
348.500000 595 24.392622 595.000000 24.392622
349.500000 614 24.779023 614.000000 24.779023
350.500000 649 25.475478 649.000000 25.475478
351.500000 612 24.738634 612.000000 24.738634
352.500000 586 24.207437 586.000000 24.207437
353.500000 553 23.515952 553.000000 23.515952
354.500000 615 24.799194 615.000000 24.799194
355.500000 564 23.748684 564.000000 23.748684
356.500000 612 24.738634 612.000000 24.738634
357.500000 617 24.839485 617.000000 24.839485
358.500000 599 24.474477 599.000000 24.474477
359.500000 581 24.103942 581.000000 24.103942
360.500000 540 23.237900 540.000000 23.237900
361.500000 573 23.937418 573.000000 23.937418
362.500000 604 24.576411 604.000000 24.576411
363.500000 534 23.108440 534.000000 23.108440
364.500000 553 23.515952 553.000000 23.515952
365.500000 556 23.579652 556.000000 23.579652
366.500000 547 23.388031 547.000000 23.388031
367.500000 508 22.538855 508.000000 22.538855
368.500000 514 22.671568 514.000000 22.671568
369.500000 535 23.130067 535.000000 23.130067
370.500000 575 23.979158 575.000000 23.979158
371.500000 520 22.803509 520.000000 22.803509
372.500000 520 22.803509 520.000000 22.803509
373.500000 513 22.649503 513.000000 22.649503
374.500000 484 22.000000 484.000000 22.000000
375.500000 519 22.781571 519.000000 22.781571
376.500000 507 22.516660 507.000000 22.516660
377.500000 553 23.515952 553.000000 23.515952
378.500000 501 22.383029 501.000000 22.383029
379.500000 525 22.912878 525.000000 22.912878
380.500000 476 21.817424 476.000000 21.817424
381.500000 535 23.130067 535.000000 23.130067
382.500000 464 21.540659 464.000000 21.540659
383.500000 497 22.293497 497.000000 22.293497
384.500000 509 22.561028 509.000000 22.561028
385.500000 477 21.840330 477.000000 21.840330
386.500000 489 22.113344 489.000000 22.113344
387.500000 504 22.449944 504.000000 22.449944
388.500000 486 22.045408 486.000000 22.045408
389.500000 437 20.904545 437.000000 20.904545
390.500000 438 20.928450 438.000000 20.928450
391.500000 483 21.977261 483.000000 21.977261
392.500000 490 22.135944 490.000000 22.135944
393.500000 476 21.817424 476.000000 21.817424
394.500000 497 22.293497 497.000000 22.293497
395.500000 479 21.886069 479.000000 21.886069
396.500000 478 21.863211 478.000000 21.863211
397.500000 470 21.679483 470.000000 21.679483
398.500000 466 21.587033 466.000000 21.587033
399.500000 513 22.649503 513.000000 22.649503
400.500000 459 21.424285 459.000000 21.424285
401.500000 463 21.517435 463.000000 21.517435
402.500000 443 21.047565 443.000000 21.047565
403.500000 441 21.000000 441.000000 21.000000
404.500000 419 20.469489 419.000000 20.469489
405.500000 452 21.260292 452.000000 21.260292
406.500000 420 20.493902 420.000000 20.493902
407.500000 427 20.663978 427.000000 20.663978
408.500000 446 21.118712 446.000000 21.118712
409.500000 434 20.832667 434.000000 20.832667
410.500000 470 21.679483 470.000000 21.679483
411.500000 439 20.952327 439.000000 20.952327
412.500000 467 21.610183 467.000000 21.610183
413.500000 422 20.542639 422.000000 20.542639
414.500000 416 20.396078 416.000000 20.396078
415.500000 419 20.469489 419.000000 20.469489
416.500000 450 21.213203 450.000000 21.213203
417.500000 429 20.712315 429.000000 20.712315
418.500000 424 20.591260 424.000000 20.591260
419.500000 458 21.400935 458.000000 21.400935
420.500000 416 20.396078 416.000000 20.396078
421.500000 496 22.271057 496.000000 22.271057
422.500000 435 20.856654 435.000000 20.856654
423.500000 406 20.149442 406.000000 20.149442
424.500000 425 20.615528 425.000000 20.615528
425.500000 428 20.688161 428.000000 20.688161
426.500000 449 21.189620 449.000000 21.189620
427.500000 483 21.977261 483.000000 21.977261
428.500000 442 21.023796 442.000000 21.023796
429.500000 438 20.928450 438.000000 20.928450
430.500000 460 21.447611 460.000000 21.447611
431.500000 463 21.517435 463.000000 21.517435
432.500000 460 21.447611 460.000000 21.447611
433.500000 427 20.663978 427.000000 20.663978
434.500000 469 21.656408 469.000000 21.656408
435.500000 455 21.330729 455.000000 21.330729
436.500000 429 20.712315 429.000000 20.712315
437.500000 443 21.047565 443.000000 21.047565
438.500000 459 21.424285 459.000000 21.424285
439.500000 470 21.679483 470.000000 21.679483
440.500000 486 22.045408 486.000000 22.045408
441.500000 444 21.071308 444.000000 21.071308
442.500000 448 21.166010 448.000000 21.166010
443.500000 434 20.832667 434.000000 20.832667
444.500000 450 21.213203 450.000000 21.213203
445.500000 485 22.022716 485.000000 22.022716
446.500000 454 21.307276 454.000000 21.307276
447.500000 455 21.330729 455.000000 21.330729
448.500000 492 22.181073 492.000000 22.181073
449.500000 478 21.863211 478.000000 21.863211
450.500000 490 22.135944 490.000000 22.135944
451.500000 447 21.142375 447.000000 21.142375
452.500000 467 21.610183 467.000000 21.610183
453.500000 454 21.307276 454.000000 21.307276
454.500000 451 21.236761 451.000000 21.236761
455.500000 467 21.610183 467.000000 21.610183
456.500000 497 22.293497 497.000000 22.293497
457.500000 430 20.736441 430.000000 20.736441
458.500000 451 21.236761 451.000000 21.236761
459.500000 455 21.330729 455.000000 21.330729
460.500000 480 21.908902 480.000000 21.908902
461.500000 483 21.977261 483.000000 21.977261
462.500000 413 20.322401 413.000000 20.322401
463.500000 458 21.400935 458.000000 21.400935
464.500000 471 21.702534 471.000000 21.702534
465.500000 421 20.518285 421.000000 20.518285
466.500000 451 21.236761 451.000000 21.236761
467.500000 419 20.469489 419.000000 20.469489
468.500000 429 20.712315 429.000000 20.712315
469.500000 472 21.725561 472.000000 21.725561
470.500000 457 21.377558 457.000000 21.377558
471.500000 442 21.023796 442.000000 21.023796
472.500000 430 20.736441 430.000000 20.736441
473.500000 417 20.420578 417.000000 20.420578
474.500000 407 20.174241 407.000000 20.174241
475.500000 442 21.023796 442.000000 21.023796
476.500000 397 19.924859 397.000000 19.924859
477.500000 427 20.663978 427.000000 20.663978
478.500000 397 19.924859 397.000000 19.924859
479.500000 405 20.124612 405.000000 20.124612
480.500000 408 20.199010 408.000000 20.199010
481.500000 396 19.899749 396.000000 19.899749
482.500000 365 19.104973 365.000000 19.104973
483.500000 352 18.761663 352.000000 18.761663
484.500000 361 19.000000 361.000000 19.000000
485.500000 336 18.330303 336.000000 18.330303
486.500000 363 19.052559 363.000000 19.052559
487.500000 358 18.920888 358.000000 18.920888
488.500000 352 18.761663 352.000000 18.761663
489.500000 344 18.547237 344.000000 18.547237
490.500000 359 18.947295 359.000000 18.947295
491.500000 284 16.852300 284.000000 16.852300
492.500000 332 18.220867 332.000000 18.220867
493.500000 310 17.606817 310.000000 17.606817
494.500000 326 18.055470 326.000000 18.055470
495.500000 305 17.464249 305.000000 17.464249
496.500000 273 16.522712 273.000000 16.522712
497.500000 264 16.248077 264.000000 16.248077
498.500000 287 16.941074 287.000000 16.941074
499.500000 273 16.522712 273.000000 16.522712
500.500000 289 17.000000 289.000000 17.000000
501.500000 284 16.852300 284.000000 16.852300
502.500000 283 16.822604 283.000000 16.822604
503.500000 249 15.779734 249.000000 15.779734
504.500000 275 16.583124 275.000000 16.583124
505.500000 244 15.620499 244.000000 15.620499
506.500000 235 15.329710 235.000000 15.329710
507.500000 222 14.899664 222.000000 14.899664
508.500000 220 14.832397 220.000000 14.832397
509.500000 217 14.730920 217.000000 14.730920
510.500000 225 15.000000 225.000000 15.000000
511.500000 215 14.662878 215.000000 14.662878
512.500000 219 14.798649 219.000000 14.798649
513.500000 197 14.035669 197.000000 14.035669
514.500000 222 14.899664 222.000000 14.899664
515.500000 207 14.387495 207.000000 14.387495
516.500000 193 13.892444 193.000000 13.892444
517.500000 195 13.964240 195.000000 13.964240
518.500000 201 14.177447 201.000000 14.177447
519.500000 208 14.422205 208.000000 14.422205
520.500000 204 14.282857 204.000000 14.282857
521.500000 190 13.784049 190.000000 13.784049
522.500000 164 12.806248 164.000000 12.806248
523.500000 166 12.884099 166.000000 12.884099
524.500000 162 12.727922 162.000000 12.727922
525.500000 192 13.856406 192.000000 13.856406
526.500000 143 11.958261 143.000000 11.958261
527.500000 146 12.083046 146.000000 12.083046
528.500000 166 12.884099 166.000000 12.884099
529.500000 160 12.649111 160.000000 12.649111
530.500000 124 11.135529 124.000000 11.135529
531.500000 147 12.124356 147.000000 12.124356
532.500000 138 11.747340 138.000000 11.747340
533.500000 130 11.401754 130.000000 11.401754
534.500000 139 11.789826 139.000000 11.789826
535.500000 128 11.313708 128.000000 11.313708
536.500000 122 11.045361 122.000000 11.045361
537.500000 138 11.747340 138.000000 11.747340
538.500000 128 11.313708 128.000000 11.313708
539.500000 140 11.832160 140.000000 11.832160
540.500000 129 11.357817 129.000000 11.357817
541.500000 129 11.357817 129.000000 11.357817
542.500000 121 11.000000 121.000000 11.000000
543.500000 115 10.723805 115.000000 10.723805
544.500000 132 11.489125 132.000000 11.489125
545.500000 107 10.344080 107.000000 10.344080
546.500000 123 11.090537 123.000000 11.090537
547.500000 137 11.704700 137.000000 11.704700
548.500000 120 10.954451 120.000000 10.954451
549.500000 123 11.090537 123.000000 11.090537
550.500000 102 10.099505 102.000000 10.099505
551.500000 111 10.535654 111.000000 10.535654
552.500000 102 10.099505 102.000000 10.099505
553.500000 105 10.246951 105.000000 10.246951
554.500000 100 10.000000 100.000000 10.000000
555.500000 106 10.295630 106.000000 10.295630
556.500000 108 10.392305 108.000000 10.392305
557.500000 96 9.797959 96.000000 9.797959
558.500000 112 10.583005 112.000000 10.583005
559.500000 99 9.949874 99.000000 9.949874
560.500000 93 9.643651 93.000000 9.643651
561.500000 97 9.848858 97.000000 9.848858
562.500000 94 9.695360 94.000000 9.695360
563.500000 84 9.165151 84.000000 9.165151
564.500000 93 9.643651 93.000000 9.643651
565.500000 76 8.717798 76.000000 8.717798
566.500000 88 9.380832 88.000000 9.380832
567.500000 69 8.306624 69.000000 8.306624
568.500000 82 9.055385 82.000000 9.055385
569.500000 88 9.380832 88.000000 9.380832
570.500000 76 8.717798 76.000000 8.717798
571.500000 65 8.062258 65.000000 8.062258
572.500000 67 8.185353 67.000000 8.185353
573.500000 68 8.246211 68.000000 8.246211
574.500000 78 8.831761 78.000000 8.831761
575.500000 75 8.660254 75.000000 8.660254
576.500000 89 9.433981 89.000000 9.433981
577.500000 58 7.615773 58.000000 7.615773
578.500000 57 7.549834 57.000000 7.549834
579.500000 46 6.782330 46.000000 6.782330
580.500000 73 8.544004 73.000000 8.544004
581.500000 58 7.615773 58.000000 7.615773
582.500000 68 8.246211 68.000000 8.246211
583.500000 58 7.615773 58.000000 7.615773
584.500000 74 8.602325 74.000000 8.602325
585.500000 57 7.549834 57.000000 7.549834
586.500000 62 7.874008 62.000000 7.874008
587.500000 49 7.000000 49.000000 7.000000
588.500000 57 7.549834 57.000000 7.549834
589.500000 67 8.185353 67.000000 8.185353
590.500000 48 6.928203 48.000000 6.928203
591.500000 53 7.280110 53.000000 7.280110
592.500000 56 7.483315 56.000000 7.483315
593.500000 53 7.280110 53.000000 7.280110
594.500000 52 7.211103 52.000000 7.211103
595.500000 58 7.615773 58.000000 7.615773
596.500000 40 6.324555 40.000000 6.324555
597.500000 51 7.141428 51.000000 7.141428
598.500000 39 6.244998 39.000000 6.244998
599.500000 38 6.164414 38.000000 6.164414
600.500000 49 7.000000 49.000000 7.000000
601.500000 46 6.782330 46.000000 6.782330
602.500000 49 7.000000 49.000000 7.000000
603.500000 44 6.633250 44.000000 6.633250
604.500000 38 6.164414 38.000000 6.164414
605.500000 46 6.782330 46.000000 6.782330
606.500000 36 6.000000 36.000000 6.000000
607.500000 39 6.244998 39.000000 6.244998
608.500000 44 6.633250 44.000000 6.633250
609.500000 45 6.708204 45.000000 6.708204
610.500000 33 5.744563 33.000000 5.744563
611.500000 36 6.000000 36.000000 6.000000
612.500000 43 6.557439 43.000000 6.557439
613.500000 44 6.633250 44.000000 6.633250
614.500000 43 6.557439 43.000000 6.557439
615.500000 45 6.708204 45.000000 6.708204
616.500000 46 6.782330 46.000000 6.782330
617.500000 28 5.291503 28.000000 5.291503
618.500000 31 5.567764 31.000000 5.567764
619.500000 38 6.164414 38.000000 6.164414
620.500000 34 5.830952 34.000000 5.830952
621.500000 29 5.385165 29.000000 5.385165
622.500000 32 5.656854 32.000000 5.656854
623.500000 38 6.164414 38.000000 6.164414
624.500000 32 5.656854 32.000000 5.656854
625.500000 28 5.291503 28.000000 5.291503
626.500000 38 6.164414 38.000000 6.164414
627.500000 37 6.082763 37.000000 6.082763
628.500000 31 5.567764 31.000000 5.567764
629.500000 30 5.477226 30.000000 5.477226
630.500000 28 5.291503 28.000000 5.291503
631.500000 39 6.244998 39.000000 6.244998
632.500000 17 4.123106 17.000000 4.123106
633.500000 34 5.830952 34.000000 5.830952
634.500000 21 4.582576 21.000000 4.582576
635.500000 18 4.242641 18.000000 4.242641
636.500000 17 4.123106 17.000000 4.123106
637.500000 25 5.000000 25.000000 5.000000
638.500000 27 5.196152 27.000000 5.196152
639.500000 33 5.744563 33.000000 5.744563
640.500000 26 5.099020 26.000000 5.099020
641.500000 35 5.916080 35.000000 5.916080
642.500000 29 5.385165 29.000000 5.385165
643.500000 20 4.472136 20.000000 4.472136
644.500000 21 4.582576 21.000000 4.582576
645.500000 32 5.656854 32.000000 5.656854
646.500000 19 4.358899 19.000000 4.358899
647.500000 14 3.741657 14.000000 3.741657
648.500000 26 5.099020 26.000000 5.099020
649.500000 21 4.582576 21.000000 4.582576
650.500000 26 5.099020 26.000000 5.099020
651.500000 25 5.000000 25.000000 5.000000
652.500000 21 4.582576 21.000000 4.582576
653.500000 12 3.464102 12.000000 3.464102
654.500000 19 4.358899 19.000000 4.358899
655.500000 23 4.795832 23.000000 4.795832
656.500000 13 3.605551 13.000000 3.605551
657.500000 9 3.000000 9.000000 3.000000
658.500000 7 2.645751 7.000000 2.645751
659.500000 11 3.316625 11.000000 3.316625
660.500000 13 3.605551 13.000000 3.605551
661.500000 14 3.741657 14.000000 3.741657
662.500000 17 4.123106 17.000000 4.123106
663.500000 10 3.162278 10.000000 3.162278
664.500000 13 3.605551 13.000000 3.605551
665.500000 24 4.898979 24.000000 4.898979
666.500000 11 3.316625 11.000000 3.316625
667.500000 8 2.828427 8.000000 2.828427
668.500000 20 4.472136 20.000000 4.472136
669.500000 8 2.828427 8.000000 2.828427
670.500000 13 3.605551 13.000000 3.605551
671.500000 12 3.464102 12.000000 3.464102
672.500000 10 3.162278 10.000000 3.162278
673.500000 7 2.645751 7.000000 2.645751
674.500000 18 4.242641 18.000000 4.242641
675.500000 6 2.449490 6.000000 2.449490
676.500000 5 2.236068 5.000000 2.236068
677.500000 5 2.236068 5.000000 2.236068
678.500000 3 1.732051 3.000000 1.732051
679.500000 7 2.645751 7.000000 2.645751
680.500000 9 3.000000 9.000000 3.000000
681.500000 5 2.236068 5.000000 2.236068
682.500000 1 1.000000 1.000000 1.000000
683.500000 2 1.414214 2.000000 1.414214
684.500000 5 2.236068 5.000000 2.236068
685.500000 2 1.414214 2.000000 1.414214
686.500000 5 2.236068 5.000000 2.236068
687.500000 0 0.000000 0.000000 0.000000
688.500000 3 1.732051 3.000000 1.732051
689.500000 4 2.000000 4.000000 2.000000
690.500000 4 2.000000 4.000000 2.000000
691.500000 -1 0.000000 -1.000000 0.000000
692.500000 3 1.732051 3.000000 1.732051
693.500000 2 1.414214 2.000000 1.414214
694.500000 3 1.732051 3.000000 1.732051
695.500000 4 2.000000 4.000000 2.000000
696.500000 -1 0.000000 -1.000000 0.000000
697.500000 2 1.414214 2.000000 1.414214
698.500000 0 0.000000 0.000000 0.000000
699.500000 2 1.414214 2.000000 1.414214
700.500000 -1 0.000000 -1.000000 0.000000
701.500000 -1 0.000000 -1.000000 0.000000
702.500000 2 1.414214 2.000000 1.414214
703.500000 2 1.414214 2.000000 1.414214
704.500000 -1 0.000000 -1.000000 0.000000
705.500000 -1 0.000000 -1.000000 0.000000
706.500000 -1 0.000000 -1.000000 0.000000
707.500000 -1 0.000000 -1.000000 0.000000
708.500000 0 0.000000 0.000000 0.000000
709.500000 -2 0.000000 -2.000000 0.000000
710.500000 0 0.000000 0.000000 0.000000
711.500000 -1 0.000000 -1.000000 0.000000
712.500000 -1 0.000000 -1.000000 0.000000
713.500000 -1 0.000000 -1.000000 0.000000
714.500000 1 1.000000 1.000000 1.000000
715.500000 2 1.414214 2.000000 1.414214
716.500000 4 2.000000 4.000000 2.000000
717.500000 1 1.000000 1.000000 1.000000
718.500000 -2 0.000000 -2.000000 0.000000
719.500000 0 0.000000 0.000000 0.000000
720.500000 3 1.732051 3.000000 1.732051
721.500000 1 1.000000 1.000000 1.000000
722.500000 4 2.000000 4.000000 2.000000
723.500000 1 1.000000 1.000000 1.000000
724.500000 -1 0.000000 -1.000000 0.000000
725.500000 0 0.000000 0.000000 0.000000
726.500000 2 1.414214 2.000000 1.414214
727.500000 0 0.000000 0.000000 0.000000
728.500000 1 1.000000 1.000000 1.000000
729.500000 1 1.000000 1.000000 1.000000
730.500000 2 1.414214 2.000000 1.414214
731.500000 -1 0.000000 -1.000000 0.000000
732.500000 -1 0.000000 -1.000000 0.000000
733.500000 2 1.414214 2.000000 1.414214
734.500000 0 0.000000 0.000000 0.000000
735.500000 1 1.000000 1.000000 1.000000
736.500000 0 0.000000 0.000000 0.000000
737.500000 0 0.000000 0.000000 0.000000
738.500000 2 1.414214 2.000000 1.414214
739.500000 2 1.414214 2.000000 1.414214
740.500000 0 0.000000 0.000000 0.000000
741.500000 0 0.000000 0.000000 0.000000
742.500000 2 1.414214 2.000000 1.414214
743.500000 1 1.000000 1.000000 1.000000
744.500000 0 0.000000 0.000000 0.000000
745.500000 0 0.000000 0.000000 0.000000
746.500000 -1 0.000000 -1.000000 0.000000
747.500000 1 1.000000 1.000000 1.000000
748.500000 0 0.000000 0.000000 0.000000
749.500000 -2 0.000000 -2.000000 0.000000
750.500000 0 0.000000 0.000000 0.000000
751.500000 -3 0.000000 -3.000000 0.000000
752.500000 0 0.000000 0.000000 0.000000
753.500000 -3 0.000000 -3.000000 0.000000
754.500000 2 1.414214 2.000000 1.414214
755.500000 1 1.000000 1.000000 1.000000
756.500000 0 0.000000 0.000000 0.000000
757.500000 -1 0.000000 -1.000000 0.000000
758.500000 -2 0.000000 -2.000000 0.000000
759.500000 1 1.000000 1.000000 1.000000
760.500000 0 0.000000 0.000000 0.000000
761.500000 1 1.000000 1.000000 1.000000
762.500000 -1 0.000000 -1.000000 0.000000
763.500000 0 0.000000 0.000000 0.000000
764.500000 0 0.000000 0.000000 0.000000
765.500000 1 1.000000 1.000000 1.000000
766.500000 2 1.414214 2.000000 1.414214
767.500000 0 0.000000 0.000000 0.000000
768.500000 1 1.000000 1.000000 1.000000
769.500000 2 1.414214 2.000000 1.414214
770.500000 1 1.000000 1.000000 1.000000
771.500000 0 0.000000 0.000000 0.000000
772.500000 2 1.414214 2.000000 1.414214
773.500000 1 1.000000 1.000000 1.000000
774.500000 0 0.000000 0.000000 0.000000
775.500000 0 0.000000 0.000000 0.000000
776.500000 -1 0.000000 -1.000000 0.000000
777.500000 0 0.000000 0.000000 0.000000
778.500000 0 0.000000 0.000000 0.000000
779.500000 -1 0.000000 -1.000000 0.000000
780.500000 1 1.000000 1.000000 1.000000
781.500000 -2 0.000000 -2.000000 0.000000
782.500000 0 0.000000 0.000000 0.000000
783.500000 0 0.000000 0.000000 0.000000
784.500000 1 1.000000 1.000000 1.000000
785.500000 -2 0.000000 -2.000000 0.000000
786.500000 0 0.000000 0.000000 0.000000
787.500000 1 1.000000 1.000000 1.000000
788.500000 0 0.000000 0.000000 0.000000
789.500000 0 0.000000 0.000000 0.000000
790.500000 0 0.000000 0.000000 0.000000
791.500000 -1 0.000000 -1.000000 0.000000
792.500000 0 0.000000 0.000000 0.000000
793.500000 0 0.000000 0.000000 0.000000
794.500000 1 1.000000 1.000000 1.000000
795.500000 1 1.000000 1.000000 1.000000
796.500000 -1 0.000000 -1.000000 0.000000
797.500000 0 0.000000 0.000000 0.000000
798.500000 0 0.000000 0.000000 0.000000
799.500000 0 0.000000 0.000000 0.000000
800.500000 1 1.000000 1.000000 1.000000
801.500000 2 1.414214 2.000000 1.414214
802.500000 0 0.000000 0.000000 0.000000
803.500000 1 1.000000 1.000000 1.000000
804.500000 0 0.000000 0.000000 0.000000
805.500000 0 0.000000 0.000000 0.000000
806.500000 0 0.000000 0.000000 0.000000
807.500000 1 1.000000 1.000000 1.000000
808.500000 0 0.000000 0.000000 0.000000
809.500000 0 0.000000 0.000000 0.000000
810.500000 -2 0.000000 -2.000000 0.000000
811.500000 0 0.000000 0.000000 0.000000
812.500000 -1 0.000000 -1.000000 0.000000
813.500000 0 0.000000 0.000000 0.000000
814.500000 0 0.000000 0.000000 0.000000
815.500000 0 0.000000 0.000000 0.000000
816.500000 0 0.000000 0.000000 0.000000
817.500000 0 0.000000 0.000000 0.000000
818.500000 1 1.000000 1.000000 1.000000
819.500000 0 0.000000 0.000000 0.000000
820.500000 0 0.000000 0.000000 0.000000
821.500000 0 0.000000 0.000000 0.000000
822.500000 0 0.000000 0.000000 0.000000
823.500000 0 0.000000 0.000000 0.000000
824.500000 0 0.000000 0.000000 0.000000
825.500000 0 0.000000 0.000000 0.000000
826.500000 -2 0.000000 -2.000000 0.000000
827.500000 0 0.000000 0.000000 0.000000
828.500000 0 0.000000 0.000000 0.000000
829.500000 0 0.000000 0.000000 0.000000
830.500000 0 0.000000 0.000000 0.000000
831.500000 -1 0.000000 -1.000000 0.000000
832.500000 0 0.000000 0.000000 0.000000
833.500000 0 0.000000 0.000000 0.000000
834.500000 0 0.000000 0.000000 0.000000
835.500000 0 0.000000 0.000000 0.000000
836.500000 0 0.000000 0.000000 0.000000
837.500000 0 0.000000 0.000000 0.000000
838.500000 0 0.000000 0.000000 0.000000
839.500000 1 1.000000 1.000000 1.000000
840.500000 0 0.000000 0.000000 0.000000
841.500000 0 0.000000 0.000000 0.000000
842.500000 0 0.000000 0.000000 0.000000
843.500000 1 1.000000 1.000000 1.000000
844.500000 1 1.000000 1.000000 1.000000
845.500000 0 0.000000 0.000000 0.000000
846.500000 0 0.000000 0.000000 0.000000
847.500000 0 0.000000 0.000000 0.000000
848.500000 -2 0.000000 -2.000000 0.000000
849.500000 0 0.000000 0.000000 0.000000
850.500000 0 0.000000 0.000000 0.000000
851.500000 -1 0.000000 -1.000000 0.000000
852.500000 0 0.000000 0.000000 0.000000
853.500000 0 0.000000 0.000000 0.000000
854.500000 0 0.000000 0.000000 0.000000
855.500000 0 0.000000 0.000000 0.000000
856.500000 0 0.000000 0.000000 0.000000
857.500000 0 0.000000 0.000000 0.000000
858.500000 0 0.000000 0.000000 0.000000
859.500000 0 0.000000 0.000000 0.000000
860.500000 0 0.000000 0.000000 0.000000
861.500000 -1 0.000000 -1.000000 0.000000
862.500000 0 0.000000 0.000000 0.000000
863.500000 0 0.000000 0.000000 0.000000
864.500000 0 0.000000 0.000000 0.000000
865.500000 0 0.000000 0.000000 0.000000
866.500000 0 0.000000 0.000000 0.000000
867.500000 0 0.000000 0.000000 0.000000
868.500000 1 1.000000 1.000000 1.000000
869.500000 0 0.000000 0.000000 0.000000
870.500000 0 0.000000 0.000000 0.000000
871.500000 0 0.000000 0.000000 0.000000
872.500000 0 0.000000 0.000000 0.000000
873.500000 0 0.000000 0.000000 0.000000
874.500000 0 0.000000 0.000000 0.000000
875.500000 -1 0.000000 -1.000000 0.000000
876.500000 0 0.000000 0.000000 0.000000
877.500000 0 0.000000 0.000000 0.000000
878.500000 1 1.000000 1.000000 1.000000
879.500000 0 0.000000 0.000000 0.000000
880.500000 0 0.000000 0.000000 0.000000
881.500000 0 0.000000 0.000000 0.000000
882.500000 0 0.000000 0.000000 0.000000
883.500000 -1 0.000000 -1.000000 0.000000
884.500000 0 0.000000 0.000000 0.000000
885.500000 0 0.000000 0.000000 0.000000
886.500000 -1 0.000000 -1.000000 0.000000
887.500000 -1 0.000000 -1.000000 0.000000
888.500000 0 0.000000 0.000000 0.000000
889.500000 0 0.000000 0.000000 0.000000
890.500000 0 0.000000 0.000000 0.000000
891.500000 1 1.000000 1.000000 1.000000
892.500000 0 0.000000 0.000000 0.000000
893.500000 0 0.000000 0.000000 0.000000
894.500000 0 0.000000 0.000000 0.000000
895.500000 0 0.000000 0.000000 0.000000
896.500000 0 0.000000 0.000000 0.000000
897.500000 0 0.000000 0.000000 0.000000
898.500000 0 0.000000 0.000000 0.000000
899.500000 0 0.000000 0.000000 0.000000
900.500000 0 0.000000 0.000000 0.000000
901.500000 0 0.000000 0.000000 0.000000
902.500000 0 0.000000 0.000000 0.000000
903.500000 0 0.000000 0.000000 0.000000
904.500000 0 0.000000 0.000000 0.000000
905.500000 0 0.000000 0.000000 0.000000
906.500000 0 0.000000 0.000000 0.000000
907.500000 0 0.000000 0.000000 0.000000
908.500000 0 0.000000 0.000000 0.000000
909.500000 0 0.000000 0.000000 0.000000
910.500000 0 0.000000 0.000000 0.000000
911.500000 -1 0.000000 -1.000000 0.000000
912.500000 1 1.000000 1.000000 1.000000
913.500000 0 0.000000 0.000000 0.000000
914.500000 0 0.000000 0.000000 0.000000
915.500000 -1 0.000000 -1.000000 0.000000
916.500000 0 0.000000 0.000000 0.000000
917.500000 0 0.000000 0.000000 0.000000
918.500000 0 0.000000 0.000000 0.000000
919.500000 0 0.000000 0.000000 0.000000
920.500000 0 0.000000 0.000000 0.000000
921.500000 0 0.000000 0.000000 0.000000
922.500000 0 0.000000 0.000000 0.000000
923.500000 0 0.000000 0.000000 0.000000
924.500000 0 0.000000 0.000000 0.000000
925.500000 1 1.000000 1.000000 1.000000
926.500000 0 0.000000 0.000000 0.000000
927.500000 0 0.000000 0.000000 0.000000
928.500000 0 0.000000 0.000000 0.000000
929.500000 0 0.000000 0.000000 0.000000
930.500000 0 0.000000 0.000000 0.000000
931.500000 0 0.000000 0.000000 0.000000
932.500000 0 0.000000 0.000000 0.000000
933.500000 0 0.000000 0.000000 0.000000
934.500000 0 0.000000 0.000000 0.000000
935.500000 0 0.000000 0.000000 0.000000
936.500000 0 0.000000 0.000000 0.000000
937.500000 0 0.000000 0.000000 0.000000
938.500000 0 0.000000 0.000000 0.000000
939.500000 0 0.000000 0.000000 0.000000
940.500000 0 0.000000 0.000000 0.000000
941.500000 0 0.000000 0.000000 0.000000
942.500000 0 0.000000 0.000000 0.000000
943.500000 0 0.000000 0.000000 0.000000
944.500000 0 0.000000 0.000000 0.000000
945.500000 0 0.000000 0.000000 0.000000
946.500000 0 0.000000 0.000000 0.000000
947.500000 0 0.000000 0.000000 0.000000
948.500000 0 0.000000 0.000000 0.000000
949.500000 0 0.000000 0.000000 0.000000
950.500000 0 0.000000 0.000000 0.000000
951.500000 0 0.000000 0.000000 0.000000
952.500000 0 0.000000 0.000000 0.000000
953.500000 0 0.000000 0.000000 0.000000
954.500000 0 0.000000 0.000000 0.000000
955.500000 0 0.000000 0.000000 0.000000
956.500000 0 0.000000 0.000000 0.000000
957.500000 -1 0.000000 -1.000000 0.000000
958.500000 0 0.000000 0.000000 0.000000
959.500000 0 0.000000 0.000000 0.000000
960.500000 0 0.000000 0.000000 0.000000
961.500000 1 1.000000 1.000000 1.000000
962.500000 0 0.000000 0.000000 0.000000
963.500000 0 0.000000 0.000000 0.000000
964.500000 -1 0.000000 -1.000000 0.000000
965.500000 0 0.000000 0.000000 0.000000
966.500000 0 0.000000 0.000000 0.000000
967.500000 0 0.000000 0.000000 0.000000
968.500000 0 0.000000 0.000000 0.000000
969.500000 0 0.000000 0.000000 0.000000
970.500000 0 0.000000 0.000000 0.000000
971.500000 0 0.000000 0.000000 0.000000
972.500000 0 0.000000 0.000000 0.000000
973.500000 0 0.000000 0.000000 0.000000
974.500000 0 0.000000 0.000000 0.000000
975.500000 0 0.000000 0.000000 0.000000
976.500000 0 0.000000 0.000000 0.000000
977.500000 0 0.000000 0.000000 0.000000
978.500000 0 0.000000 0.000000 0.000000
979.500000 0 0.000000 0.000000 0.000000
980.500000 0 0.000000 0.000000 0.000000
981.500000 0 0.000000 0.000000 0.000000
982.500000 0 0.000000 0.000000 0.000000
983.500000 0 0.000000 0.000000 0.000000
984.500000 0 0.000000 0.000000 0.000000
985.500000 0 0.000000 0.000000 0.000000
986.500000 0 0.000000 0.000000 0.000000
987.500000 0 0.000000 0.000000 0.000000
988.500000 0 0.000000 0.000000 0.000000
989.500000 0 0.000000 0.000000 0.000000
990.500000 0 0.000000 0.000000 0.000000
991.500000 0 0.000000 0.000000 0.000000
992.500000 0 0.000000 0.000000 0.000000
993.500000 0 0.000000 0.000000 0.000000
994.500000 0 0.000000 0.000000 0.000000
995.500000 0 0.000000 0.000000 0.000000
996.500000 0 0.000000 0.000000 0.000000
997.500000 0 0.000000 0.000000 0.000000
998.500000 0 0.000000 0.000000 0.000000
999.500000 0 0.000000 0.000000 0.000000
1000.500000 0 0.000000 0.000000 0.000000
1001.500000 0 0.000000 0.000000 0.000000
1002.500000 0 0.000000 0.000000 0.000000
1003.500000 0 0.000000 0.000000 0.000000
1004.500000 0 0.000000 0.000000 0.000000
1005.500000 0 0.000000 0.000000 0.000000
1006.500000 0 0.000000 0.000000 0.000000
1007.500000 -1 0.000000 -1.000000 0.000000
1008.500000 0 0.000000 0.000000 0.000000
1009.500000 0 0.000000 0.000000 0.000000
1010.500000 0 0.000000 0.000000 0.000000
1011.500000 0 0.000000 0.000000 0.000000
1012.500000 1 1.000000 1.000000 1.000000
1013.500000 0 0.000000 0.000000 0.000000
1014.500000 0 0.000000 0.000000 0.000000
1015.500000 0 0.000000 0.000000 0.000000
1016.500000 1 1.000000 1.000000 1.000000
1017.500000 0 0.000000 0.000000 0.000000
1018.500000 0 0.000000 0.000000 0.000000
1019.500000 0 0.000000 0.000000 0.000000
1020.500000 0 0.000000 0.000000 0.000000
1021.500000 -1 0.000000 -1.000000 0.000000
1022.500000 0 0.000000 0.000000 0.000000
1023.500000 0 0.000000 0.000000 0.000000
