# name, dx, fmax, fmax_err, norm_value, norm_vale_err
# 137Cs_LA 1 400 20.0 52872 229.9391223780764
# bin_center, freq, freq_err, norm_freq, norm_freq_err
0.500000 0 0.000000 0.000000 0.000000
1.500000 0 0.000000 0.000000 0.000000
2.500000 0 0.000000 0.000000 0.000000
3.500000 0 0.000000 0.000000 0.000000
4.500000 0 0.000000 0.000000 0.000000
5.500000 0 0.000000 0.000000 0.000000
6.500000 0 0.000000 0.000000 0.000000
7.500000 0 0.000000 0.000000 0.000000
8.500000 0 0.000000 0.000000 0.000000
9.500000 0 0.000000 0.000000 0.000000
10.500000 0 0.000000 0.000000 0.000000
11.500000 1 1.000000 0.000019 0.000019
12.500000 6 2.449490 0.000113 0.000046
13.500000 44 6.633250 0.000832 0.000126
14.500000 106 10.295630 0.002005 0.000195
15.500000 176 13.266499 0.003329 0.000251
16.500000 238 15.427249 0.004501 0.000292
17.500000 265 16.278821 0.005012 0.000309
18.500000 267 16.340135 0.005050 0.000310
19.500000 260 16.124515 0.004918 0.000306
20.500000 255 15.968719 0.004823 0.000303
21.500000 288 16.970563 0.005447 0.000322
22.500000 310 17.606817 0.005863 0.000334
23.500000 302 17.378147 0.005712 0.000330
24.500000 236 15.362291 0.004464 0.000291
25.500000 277 16.643317 0.005239 0.000316
26.500000 280 16.733201 0.005296 0.000317
27.500000 299 17.291616 0.005655 0.000328
28.500000 297 17.233688 0.005617 0.000327
29.500000 291 17.058722 0.005504 0.000324
30.500000 297 17.233688 0.005617 0.000327
31.500000 293 17.117243 0.005542 0.000325
32.500000 262 16.186414 0.004955 0.000307
33.500000 273 16.522712 0.005163 0.000313
34.500000 299 17.291616 0.005655 0.000328
35.500000 297 17.233688 0.005617 0.000327
36.500000 271 16.462078 0.005126 0.000312
37.500000 299 17.291616 0.005655 0.000328
38.500000 308 17.549929 0.005825 0.000333
39.500000 296 17.204651 0.005598 0.000326
40.500000 316 17.776389 0.005977 0.000337
41.500000 305 17.464249 0.005769 0.000331
42.500000 305 17.464249 0.005769 0.000331
43.500000 279 16.703293 0.005277 0.000317
44.500000 300 17.320508 0.005674 0.000329
45.500000 321 17.916473 0.006071 0.000340
46.500000 278 16.673332 0.005258 0.000316
47.500000 322 17.944358 0.006090 0.000340
48.500000 284 16.852300 0.005371 0.000320
49.500000 334 18.275667 0.006317 0.000347
50.500000 314 17.720045 0.005939 0.000336
51.500000 309 17.578396 0.005844 0.000333
52.500000 303 17.406895 0.005731 0.000330
53.500000 290 17.029386 0.005485 0.000323
54.500000 307 17.521415 0.005806 0.000332
55.500000 311 17.635192 0.005882 0.000335
56.500000 293 17.117243 0.005542 0.000325
57.500000 315 17.748239 0.005958 0.000337
58.500000 306 17.492856 0.005788 0.000332
59.500000 310 17.606817 0.005863 0.000334
60.500000 301 17.349352 0.005693 0.000329
61.500000 307 17.521415 0.005806 0.000332
62.500000 323 17.972201 0.006109 0.000341
63.500000 307 17.521415 0.005806 0.000332
64.500000 289 17.000000 0.005466 0.000322
65.500000 297 17.233688 0.005617 0.000327
66.500000 281 16.763055 0.005315 0.000318
67.500000 302 17.378147 0.005712 0.000330
68.500000 298 17.262677 0.005636 0.000327
69.500000 320 17.888544 0.006052 0.000339
70.500000 318 17.832555 0.006015 0.000338
71.500000 319 17.860571 0.006033 0.000339
72.500000 336 18.330303 0.006355 0.000348
73.500000 309 17.578396 0.005844 0.000333
74.500000 317 17.804494 0.005996 0.000338
75.500000 370 19.235384 0.006998 0.000365
76.500000 331 18.193405 0.006260 0.000345
77.500000 340 18.439089 0.006431 0.000350
78.500000 318 17.832555 0.006015 0.000338
79.500000 330 18.165902 0.006241 0.000345
80.500000 331 18.193405 0.006260 0.000345
81.500000 329 18.138357 0.006223 0.000344
82.500000 336 18.330303 0.006355 0.000348
83.500000 325 18.027756 0.006147 0.000342
84.500000 355 18.841444 0.006714 0.000358
85.500000 357 18.894444 0.006752 0.000359
86.500000 350 18.708287 0.006620 0.000355
87.500000 357 18.894444 0.006752 0.000359
88.500000 327 18.083141 0.006185 0.000343
89.500000 332 18.220867 0.006279 0.000346
90.500000 354 18.814888 0.006695 0.000357
91.500000 325 18.027756 0.006147 0.000342
92.500000 340 18.439089 0.006431 0.000350
93.500000 300 17.320508 0.005674 0.000329
94.500000 345 18.574176 0.006525 0.000352
95.500000 353 18.788294 0.006677 0.000357
96.500000 361 19.000000 0.006828 0.000361
97.500000 375 19.364917 0.007093 0.000368
98.500000 370 19.235384 0.006998 0.000365
99.500000 352 18.761663 0.006658 0.000356
100.500000 400 20.000000 0.007565 0.000380
101.500000 350 18.708287 0.006620 0.000355
102.500000 326 18.055470 0.006166 0.000343
103.500000 396 19.899749 0.007490 0.000378
104.500000 345 18.574176 0.006525 0.000352
105.500000 344 18.547237 0.006506 0.000352
106.500000 330 18.165902 0.006241 0.000345
107.500000 350 18.708287 0.006620 0.000355
108.500000 360 18.973666 0.006809 0.000360
109.500000 353 18.788294 0.006677 0.000357
110.500000 346 18.601075 0.006544 0.000353
111.500000 356 18.867962 0.006733 0.000358
112.500000 370 19.235384 0.006998 0.000365
113.500000 394 19.849433 0.007452 0.000377
114.500000 357 18.894444 0.006752 0.000359
115.500000 341 18.466185 0.006450 0.000350
116.500000 366 19.131126 0.006922 0.000363
117.500000 372 19.287302 0.007036 0.000366
118.500000 332 18.220867 0.006279 0.000346
119.500000 356 18.867962 0.006733 0.000358
120.500000 357 18.894444 0.006752 0.000359
121.500000 350 18.708287 0.006620 0.000355
122.500000 336 18.330303 0.006355 0.000348
123.500000 335 18.303005 0.006336 0.000347
124.500000 334 18.275667 0.006317 0.000347
125.500000 333 18.248288 0.006298 0.000346
126.500000 329 18.138357 0.006223 0.000344
127.500000 316 17.776389 0.005977 0.000337
128.500000 338 18.384776 0.006393 0.000349
129.500000 353 18.788294 0.006677 0.000357
130.500000 345 18.574176 0.006525 0.000352
131.500000 332 18.220867 0.006279 0.000346
132.500000 331 18.193405 0.006260 0.000345
133.500000 316 17.776389 0.005977 0.000337
134.500000 357 18.894444 0.006752 0.000359
135.500000 317 17.804494 0.005996 0.000338
136.500000 323 17.972201 0.006109 0.000341
137.500000 335 18.303005 0.006336 0.000347
138.500000 290 17.029386 0.005485 0.000323
139.500000 290 17.029386 0.005485 0.000323
140.500000 282 16.792856 0.005334 0.000318
141.500000 309 17.578396 0.005844 0.000333
142.500000 304 17.435596 0.005750 0.000331
143.500000 307 17.521415 0.005806 0.000332
144.500000 305 17.464249 0.005769 0.000331
145.500000 293 17.117243 0.005542 0.000325
146.500000 283 16.822604 0.005353 0.000319
147.500000 341 18.466185 0.006450 0.000350
148.500000 288 16.970563 0.005447 0.000322
149.500000 296 17.204651 0.005598 0.000326
150.500000 283 16.822604 0.005353 0.000319
151.500000 295 17.175564 0.005580 0.000326
152.500000 309 17.578396 0.005844 0.000333
153.500000 295 17.175564 0.005580 0.000326
154.500000 284 16.852300 0.005371 0.000320
155.500000 291 17.058722 0.005504 0.000324
156.500000 302 17.378147 0.005712 0.000330
157.500000 285 16.881943 0.005390 0.000320
158.500000 309 17.578396 0.005844 0.000333
159.500000 270 16.431677 0.005107 0.000312
160.500000 287 16.941074 0.005428 0.000321
161.500000 299 17.291616 0.005655 0.000328
162.500000 307 17.521415 0.005806 0.000332
163.500000 304 17.435596 0.005750 0.000331
164.500000 283 16.822604 0.005353 0.000319
165.500000 301 17.349352 0.005693 0.000329
166.500000 302 17.378147 0.005712 0.000330
167.500000 314 17.720045 0.005939 0.000336
168.500000 305 17.464249 0.005769 0.000331
169.500000 302 17.378147 0.005712 0.000330
170.500000 298 17.262677 0.005636 0.000327
171.500000 304 17.435596 0.005750 0.000331
172.500000 288 16.970563 0.005447 0.000322
173.500000 269 16.401219 0.005088 0.000311
174.500000 310 17.606817 0.005863 0.000334
175.500000 304 17.435596 0.005750 0.000331
176.500000 311 17.635192 0.005882 0.000335
177.500000 311 17.635192 0.005882 0.000335
178.500000 296 17.204651 0.005598 0.000326
179.500000 307 17.521415 0.005806 0.000332
180.500000 334 18.275667 0.006317 0.000347
181.500000 335 18.303005 0.006336 0.000347
182.500000 314 17.720045 0.005939 0.000336
183.500000 309 17.578396 0.005844 0.000333
184.500000 315 17.748239 0.005958 0.000337
185.500000 306 17.492856 0.005788 0.000332
186.500000 304 17.435596 0.005750 0.000331
187.500000 302 17.378147 0.005712 0.000330
188.500000 285 16.881943 0.005390 0.000320
189.500000 295 17.175564 0.005580 0.000326
190.500000 307 17.521415 0.005806 0.000332
191.500000 288 16.970563 0.005447 0.000322
192.500000 287 16.941074 0.005428 0.000321
193.500000 260 16.124515 0.004918 0.000306
194.500000 272 16.492423 0.005144 0.000313
195.500000 284 16.852300 0.005371 0.000320
196.500000 273 16.522712 0.005163 0.000313
197.500000 287 16.941074 0.005428 0.000321
198.500000 272 16.492423 0.005144 0.000313
199.500000 271 16.462078 0.005126 0.000312
200.500000 270 16.431677 0.005107 0.000312
201.500000 264 16.248077 0.004993 0.000308
202.500000 265 16.278821 0.005012 0.000309
203.500000 240 15.491933 0.004539 0.000294
204.500000 269 16.401219 0.005088 0.000311
205.500000 238 15.427249 0.004501 0.000292
206.500000 234 15.297059 0.004426 0.000290
207.500000 267 16.340135 0.005050 0.000310
208.500000 250 15.811388 0.004728 0.000300
209.500000 237 15.394804 0.004483 0.000292
210.500000 246 15.684387 0.004653 0.000297
211.500000 252 15.874508 0.004766 0.000301
212.500000 253 15.905974 0.004785 0.000302
213.500000 262 16.186414 0.004955 0.000307
214.500000 252 15.874508 0.004766 0.000301
215.500000 231 15.198684 0.004369 0.000288
216.500000 242 15.556349 0.004577 0.000295
217.500000 217 14.730920 0.004104 0.000279
218.500000 231 15.198684 0.004369 0.000288
219.500000 258 16.062378 0.004880 0.000305
220.500000 220 14.832397 0.004161 0.000281
221.500000 225 15.000000 0.004256 0.000284
222.500000 210 14.491377 0.003972 0.000275
223.500000 225 15.000000 0.004256 0.000284
224.500000 204 14.282857 0.003858 0.000271
225.500000 201 14.177447 0.003802 0.000269
226.500000 218 14.764823 0.004123 0.000280
227.500000 203 14.247807 0.003839 0.000270
228.500000 212 14.560220 0.004010 0.000276
229.500000 229 15.132746 0.004331 0.000287
230.500000 184 13.564660 0.003480 0.000257
231.500000 177 13.304135 0.003348 0.000252
232.500000 185 13.601471 0.003499 0.000258
233.500000 205 14.317821 0.003877 0.000271
234.500000 180 13.416408 0.003404 0.000254
235.500000 178 13.341664 0.003367 0.000253
236.500000 172 13.114877 0.003253 0.000248
237.500000 184 13.564660 0.003480 0.000257
238.500000 155 12.449900 0.002932 0.000236
239.500000 165 12.845233 0.003121 0.000243
240.500000 165 12.845233 0.003121 0.000243
241.500000 180 13.416408 0.003404 0.000254
242.500000 166 12.884099 0.003140 0.000244
243.500000 188 13.711309 0.003556 0.000260
244.500000 156 12.489996 0.002951 0.000237
245.500000 167 12.922848 0.003159 0.000245
246.500000 160 12.649111 0.003026 0.000240
247.500000 136 11.661904 0.002572 0.000221
248.500000 166 12.884099 0.003140 0.000244
249.500000 147 12.124356 0.002780 0.000230
250.500000 168 12.961481 0.003177 0.000246
251.500000 150 12.247449 0.002837 0.000232
252.500000 148 12.165525 0.002799 0.000230
253.500000 164 12.806248 0.003102 0.000243
254.500000 132 11.489125 0.002497 0.000218
255.500000 152 12.328828 0.002875 0.000234
256.500000 145 12.041595 0.002742 0.000228
257.500000 149 12.206556 0.002818 0.000231
258.500000 126 11.224972 0.002383 0.000213
259.500000 145 12.041595 0.002742 0.000228
260.500000 130 11.401754 0.002459 0.000216
261.500000 111 10.535654 0.002099 0.000199
262.500000 123 11.090537 0.002326 0.000210
263.500000 129 11.357817 0.002440 0.000215
264.500000 127 11.269428 0.002402 0.000213
265.500000 129 11.357817 0.002440 0.000215
266.500000 97 9.848858 0.001835 0.000186
267.500000 110 10.488088 0.002080 0.000199
268.500000 136 11.661904 0.002572 0.000221
269.500000 111 10.535654 0.002099 0.000199
270.500000 120 10.954451 0.002270 0.000207
271.500000 115 10.723805 0.002175 0.000203
272.500000 118 10.862780 0.002232 0.000206
273.500000 91 9.539392 0.001721 0.000181
274.500000 119 10.908712 0.002251 0.000207
275.500000 105 10.246951 0.001986 0.000194
276.500000 108 10.392305 0.002043 0.000197
277.500000 109 10.440307 0.002062 0.000198
278.500000 99 9.949874 0.001872 0.000188
279.500000 109 10.440307 0.002062 0.000198
280.500000 93 9.643651 0.001759 0.000183
281.500000 110 10.488088 0.002080 0.000199
282.500000 110 10.488088 0.002080 0.000199
283.500000 97 9.848858 0.001835 0.000186
284.500000 101 10.049876 0.001910 0.000190
285.500000 84 9.165151 0.001589 0.000173
286.500000 96 9.797959 0.001816 0.000185
287.500000 98 9.899495 0.001854 0.000187
288.500000 101 10.049876 0.001910 0.000190
289.500000 75 8.660254 0.001419 0.000164
290.500000 95 9.746794 0.001797 0.000185
291.500000 91 9.539392 0.001721 0.000181
292.500000 84 9.165151 0.001589 0.000173
293.500000 95 9.746794 0.001797 0.000185
294.500000 90 9.486833 0.001702 0.000180
295.500000 96 9.797959 0.001816 0.000185
296.500000 90 9.486833 0.001702 0.000180
297.500000 84 9.165151 0.001589 0.000173
298.500000 87 9.327379 0.001645 0.000177
299.500000 82 9.055385 0.001551 0.000171
300.500000 86 9.273618 0.001627 0.000176
301.500000 86 9.273618 0.001627 0.000176
302.500000 84 9.165151 0.001589 0.000173
303.500000 72 8.485281 0.001362 0.000161
304.500000 86 9.273618 0.001627 0.000176
305.500000 74 8.602325 0.001400 0.000163
306.500000 81 9.000000 0.001532 0.000170
307.500000 81 9.000000 0.001532 0.000170
308.500000 70 8.366600 0.001324 0.000158
309.500000 81 9.000000 0.001532 0.000170
310.500000 76 8.717798 0.001437 0.000165
311.500000 78 8.831761 0.001475 0.000167
312.500000 68 8.246211 0.001286 0.000156
313.500000 74 8.602325 0.001400 0.000163
314.500000 66 8.124038 0.001248 0.000154
315.500000 83 9.110434 0.001570 0.000172
316.500000 86 9.273618 0.001627 0.000176
317.500000 73 8.544004 0.001381 0.000162
318.500000 71 8.426150 0.001343 0.000159
319.500000 76 8.717798 0.001437 0.000165
320.500000 70 8.366600 0.001324 0.000158
321.500000 61 7.810250 0.001154 0.000148
322.500000 64 8.000000 0.001210 0.000151
323.500000 67 8.185353 0.001267 0.000155
324.500000 59 7.681146 0.001116 0.000145
325.500000 60 7.745967 0.001135 0.000147
326.500000 67 8.185353 0.001267 0.000155
327.500000 77 8.774964 0.001456 0.000166
328.500000 71 8.426150 0.001343 0.000159
329.500000 86 9.273618 0.001627 0.000176
330.500000 69 8.306624 0.001305 0.000157
331.500000 69 8.306624 0.001305 0.000157
332.500000 50 7.071068 0.000946 0.000134
333.500000 67 8.185353 0.001267 0.000155
334.500000 60 7.745967 0.001135 0.000147
335.500000 68 8.246211 0.001286 0.000156
336.500000 62 7.874008 0.001173 0.000149
337.500000 54 7.348469 0.001021 0.000139
338.500000 69 8.306624 0.001305 0.000157
339.500000 53 7.280110 0.001002 0.000138
340.500000 70 8.366600 0.001324 0.000158
341.500000 62 7.874008 0.001173 0.000149
342.500000 75 8.660254 0.001419 0.000164
343.500000 59 7.681146 0.001116 0.000145
344.500000 52 7.211103 0.000984 0.000136
345.500000 60 7.745967 0.001135 0.000147
346.500000 52 7.211103 0.000984 0.000136
347.500000 61 7.810250 0.001154 0.000148
348.500000 51 7.141428 0.000965 0.000135
349.500000 53 7.280110 0.001002 0.000138
350.500000 43 6.557439 0.000813 0.000124
351.500000 52 7.211103 0.000984 0.000136
352.500000 49 7.000000 0.000927 0.000132
353.500000 52 7.211103 0.000984 0.000136
354.500000 45 6.708204 0.000851 0.000127
355.500000 49 7.000000 0.000927 0.000132
356.500000 51 7.141428 0.000965 0.000135
357.500000 60 7.745967 0.001135 0.000147
358.500000 58 7.615773 0.001097 0.000144
359.500000 47 6.855655 0.000889 0.000130
360.500000 55 7.416198 0.001040 0.000140
361.500000 43 6.557439 0.000813 0.000124
362.500000 47 6.855655 0.000889 0.000130
363.500000 59 7.681146 0.001116 0.000145
364.500000 46 6.782330 0.000870 0.000128
365.500000 50 7.071068 0.000946 0.000134
366.500000 58 7.615773 0.001097 0.000144
367.500000 45 6.708204 0.000851 0.000127
368.500000 56 7.483315 0.001059 0.000142
369.500000 48 6.928203 0.000908 0.000131
370.500000 49 7.000000 0.000927 0.000132
371.500000 42 6.480741 0.000794 0.000123
372.500000 46 6.782330 0.000870 0.000128
373.500000 55 7.416198 0.001040 0.000140
374.500000 57 7.549834 0.001078 0.000143
375.500000 52 7.211103 0.000984 0.000136
376.500000 50 7.071068 0.000946 0.000134
377.500000 40 6.324555 0.000757 0.000120
378.500000 50 7.071068 0.000946 0.000134
379.500000 44 6.633250 0.000832 0.000126
380.500000 46 6.782330 0.000870 0.000128
381.500000 48 6.928203 0.000908 0.000131
382.500000 49 7.000000 0.000927 0.000132
383.500000 43 6.557439 0.000813 0.000124
384.500000 45 6.708204 0.000851 0.000127
385.500000 33 5.744563 0.000624 0.000109
386.500000 39 6.244998 0.000738 0.000118
387.500000 33 5.744563 0.000624 0.000109
388.500000 41 6.403124 0.000775 0.000121
389.500000 50 7.071068 0.000946 0.000134
390.500000 48 6.928203 0.000908 0.000131
391.500000 38 6.164414 0.000719 0.000117
392.500000 49 7.000000 0.000927 0.000132
393.500000 38 6.164414 0.000719 0.000117
394.500000 39 6.244998 0.000738 0.000118
395.500000 41 6.403124 0.000775 0.000121
396.500000 38 6.164414 0.000719 0.000117
397.500000 65 8.062258 0.001229 0.000153
398.500000 39 6.244998 0.000738 0.000118
399.500000 33 5.744563 0.000624 0.000109
400.500000 38 6.164414 0.000719 0.000117
401.500000 36 6.000000 0.000681 0.000114
402.500000 34 5.830952 0.000643 0.000110
403.500000 42 6.480741 0.000794 0.000123
404.500000 61 7.810250 0.001154 0.000148
405.500000 38 6.164414 0.000719 0.000117
406.500000 33 5.744563 0.000624 0.000109
407.500000 32 5.656854 0.000605 0.000107
408.500000 42 6.480741 0.000794 0.000123
409.500000 39 6.244998 0.000738 0.000118
410.500000 44 6.633250 0.000832 0.000126
411.500000 41 6.403124 0.000775 0.000121
412.500000 32 5.656854 0.000605 0.000107
413.500000 33 5.744563 0.000624 0.000109
414.500000 35 5.916080 0.000662 0.000112
415.500000 35 5.916080 0.000662 0.000112
416.500000 33 5.744563 0.000624 0.000109
417.500000 45 6.708204 0.000851 0.000127
418.500000 42 6.480741 0.000794 0.000123
419.500000 32 5.656854 0.000605 0.000107
420.500000 40 6.324555 0.000757 0.000120
421.500000 45 6.708204 0.000851 0.000127
422.500000 37 6.082763 0.000700 0.000115
423.500000 31 5.567764 0.000586 0.000105
424.500000 35 5.916080 0.000662 0.000112
425.500000 46 6.782330 0.000870 0.000128
426.500000 42 6.480741 0.000794 0.000123
427.500000 32 5.656854 0.000605 0.000107
428.500000 36 6.000000 0.000681 0.000114
429.500000 38 6.164414 0.000719 0.000117
430.500000 31 5.567764 0.000586 0.000105
431.500000 32 5.656854 0.000605 0.000107
432.500000 38 6.164414 0.000719 0.000117
433.500000 22 4.690416 0.000416 0.000089
434.500000 34 5.830952 0.000643 0.000110
435.500000 26 5.099020 0.000492 0.000096
436.500000 27 5.196152 0.000511 0.000098
437.500000 23 4.795832 0.000435 0.000091
438.500000 40 6.324555 0.000757 0.000120
439.500000 30 5.477226 0.000567 0.000104
440.500000 36 6.000000 0.000681 0.000114
441.500000 31 5.567764 0.000586 0.000105
442.500000 41 6.403124 0.000775 0.000121
443.500000 34 5.830952 0.000643 0.000110
444.500000 41 6.403124 0.000775 0.000121
445.500000 27 5.196152 0.000511 0.000098
446.500000 46 6.782330 0.000870 0.000128
447.500000 31 5.567764 0.000586 0.000105
448.500000 39 6.244998 0.000738 0.000118
449.500000 27 5.196152 0.000511 0.000098
450.500000 36 6.000000 0.000681 0.000114
451.500000 44 6.633250 0.000832 0.000126
452.500000 29 5.385165 0.000548 0.000102
453.500000 33 5.744563 0.000624 0.000109
454.500000 25 5.000000 0.000473 0.000095
455.500000 25 5.000000 0.000473 0.000095
456.500000 43 6.557439 0.000813 0.000124
457.500000 30 5.477226 0.000567 0.000104
458.500000 24 4.898979 0.000454 0.000093
459.500000 30 5.477226 0.000567 0.000104
460.500000 28 5.291503 0.000530 0.000100
461.500000 26 5.099020 0.000492 0.000096
462.500000 21 4.582576 0.000397 0.000087
463.500000 32 5.656854 0.000605 0.000107
464.500000 25 5.000000 0.000473 0.000095
465.500000 28 5.291503 0.000530 0.000100
466.500000 25 5.000000 0.000473 0.000095
467.500000 31 5.567764 0.000586 0.000105
468.500000 22 4.690416 0.000416 0.000089
469.500000 26 5.099020 0.000492 0.000096
470.500000 30 5.477226 0.000567 0.000104
471.500000 32 5.656854 0.000605 0.000107
472.500000 22 4.690416 0.000416 0.000089
473.500000 29 5.385165 0.000548 0.000102
474.500000 27 5.196152 0.000511 0.000098
475.500000 29 5.385165 0.000548 0.000102
476.500000 36 6.000000 0.000681 0.000114
477.500000 25 5.000000 0.000473 0.000095
478.500000 21 4.582576 0.000397 0.000087
479.500000 25 5.000000 0.000473 0.000095
480.500000 25 5.000000 0.000473 0.000095
481.500000 24 4.898979 0.000454 0.000093
482.500000 20 4.472136 0.000378 0.000085
483.500000 23 4.795832 0.000435 0.000091
484.500000 11 3.316625 0.000208 0.000063
485.500000 29 5.385165 0.000548 0.000102
486.500000 29 5.385165 0.000548 0.000102
487.500000 25 5.000000 0.000473 0.000095
488.500000 22 4.690416 0.000416 0.000089
489.500000 23 4.795832 0.000435 0.000091
490.500000 29 5.385165 0.000548 0.000102
491.500000 20 4.472136 0.000378 0.000085
492.500000 29 5.385165 0.000548 0.000102
493.500000 23 4.795832 0.000435 0.000091
494.500000 33 5.744563 0.000624 0.000109
495.500000 15 3.872983 0.000284 0.000073
496.500000 19 4.358899 0.000359 0.000082
497.500000 25 5.000000 0.000473 0.000095
498.500000 22 4.690416 0.000416 0.000089
499.500000 22 4.690416 0.000416 0.000089
500.500000 29 5.385165 0.000548 0.000102
501.500000 21 4.582576 0.000397 0.000087
502.500000 20 4.472136 0.000378 0.000085
503.500000 17 4.123106 0.000322 0.000078
504.500000 12 3.464102 0.000227 0.000066
505.500000 17 4.123106 0.000322 0.000078
506.500000 15 3.872983 0.000284 0.000073
507.500000 23 4.795832 0.000435 0.000091
508.500000 21 4.582576 0.000397 0.000087
509.500000 19 4.358899 0.000359 0.000082
510.500000 22 4.690416 0.000416 0.000089
511.500000 24 4.898979 0.000454 0.000093
512.500000 17 4.123106 0.000322 0.000078
513.500000 20 4.472136 0.000378 0.000085
514.500000 18 4.242641 0.000340 0.000080
515.500000 20 4.472136 0.000378 0.000085
516.500000 11 3.316625 0.000208 0.000063
517.500000 11 3.316625 0.000208 0.000063
518.500000 21 4.582576 0.000397 0.000087
519.500000 13 3.605551 0.000246 0.000068
520.500000 18 4.242641 0.000340 0.000080
521.500000 15 3.872983 0.000284 0.000073
522.500000 9 3.000000 0.000170 0.000057
523.500000 20 4.472136 0.000378 0.000085
524.500000 15 3.872983 0.000284 0.000073
525.500000 13 3.605551 0.000246 0.000068
526.500000 16 4.000000 0.000303 0.000076
527.500000 14 3.741657 0.000265 0.000071
528.500000 17 4.123106 0.000322 0.000078
529.500000 15 3.872983 0.000284 0.000073
530.500000 12 3.464102 0.000227 0.000066
531.500000 11 3.316625 0.000208 0.000063
532.500000 14 3.741657 0.000265 0.000071
533.500000 10 3.162278 0.000189 0.000060
534.500000 14 3.741657 0.000265 0.000071
535.500000 15 3.872983 0.000284 0.000073
536.500000 14 3.741657 0.000265 0.000071
537.500000 11 3.316625 0.000208 0.000063
538.500000 16 4.000000 0.000303 0.000076
539.500000 17 4.123106 0.000322 0.000078
540.500000 10 3.162278 0.000189 0.000060
541.500000 12 3.464102 0.000227 0.000066
542.500000 14 3.741657 0.000265 0.000071
543.500000 9 3.000000 0.000170 0.000057
544.500000 18 4.242641 0.000340 0.000080
545.500000 13 3.605551 0.000246 0.000068
546.500000 19 4.358899 0.000359 0.000082
547.500000 11 3.316625 0.000208 0.000063
548.500000 15 3.872983 0.000284 0.000073
549.500000 16 4.000000 0.000303 0.000076
550.500000 14 3.741657 0.000265 0.000071
551.500000 5 2.236068 0.000095 0.000042
552.500000 17 4.123106 0.000322 0.000078
553.500000 10 3.162278 0.000189 0.000060
554.500000 8 2.828427 0.000151 0.000053
555.500000 12 3.464102 0.000227 0.000066
556.500000 13 3.605551 0.000246 0.000068
557.500000 13 3.605551 0.000246 0.000068
558.500000 11 3.316625 0.000208 0.000063
559.500000 15 3.872983 0.000284 0.000073
560.500000 11 3.316625 0.000208 0.000063
561.500000 10 3.162278 0.000189 0.000060
562.500000 14 3.741657 0.000265 0.000071
563.500000 14 3.741657 0.000265 0.000071
564.500000 6 2.449490 0.000113 0.000046
565.500000 8 2.828427 0.000151 0.000053
566.500000 17 4.123106 0.000322 0.000078
567.500000 5 2.236068 0.000095 0.000042
568.500000 7 2.645751 0.000132 0.000050
569.500000 8 2.828427 0.000151 0.000053
570.500000 14 3.741657 0.000265 0.000071
571.500000 9 3.000000 0.000170 0.000057
572.500000 9 3.000000 0.000170 0.000057
573.500000 7 2.645751 0.000132 0.000050
574.500000 2 1.414214 0.000038 0.000027
575.500000 8 2.828427 0.000151 0.000053
576.500000 8 2.828427 0.000151 0.000053
577.500000 10 3.162278 0.000189 0.000060
578.500000 11 3.316625 0.000208 0.000063
579.500000 10 3.162278 0.000189 0.000060
580.500000 9 3.000000 0.000170 0.000057
581.500000 11 3.316625 0.000208 0.000063
582.500000 10 3.162278 0.000189 0.000060
583.500000 4 2.000000 0.000076 0.000038
584.500000 6 2.449490 0.000113 0.000046
585.500000 8 2.828427 0.000151 0.000053
586.500000 7 2.645751 0.000132 0.000050
587.500000 12 3.464102 0.000227 0.000066
588.500000 12 3.464102 0.000227 0.000066
589.500000 8 2.828427 0.000151 0.000053
590.500000 8 2.828427 0.000151 0.000053
591.500000 10 3.162278 0.000189 0.000060
592.500000 6 2.449490 0.000113 0.000046
593.500000 7 2.645751 0.000132 0.000050
594.500000 4 2.000000 0.000076 0.000038
595.500000 4 2.000000 0.000076 0.000038
596.500000 7 2.645751 0.000132 0.000050
597.500000 7 2.645751 0.000132 0.000050
598.500000 6 2.449490 0.000113 0.000046
599.500000 7 2.645751 0.000132 0.000050
600.500000 7 2.645751 0.000132 0.000050
601.500000 5 2.236068 0.000095 0.000042
602.500000 5 2.236068 0.000095 0.000042
603.500000 7 2.645751 0.000132 0.000050
604.500000 10 3.162278 0.000189 0.000060
605.500000 8 2.828427 0.000151 0.000053
606.500000 9 3.000000 0.000170 0.000057
607.500000 8 2.828427 0.000151 0.000053
608.500000 11 3.316625 0.000208 0.000063
609.500000 9 3.000000 0.000170 0.000057
610.500000 8 2.828427 0.000151 0.000053
611.500000 9 3.000000 0.000170 0.000057
612.500000 4 2.000000 0.000076 0.000038
613.500000 5 2.236068 0.000095 0.000042
614.500000 6 2.449490 0.000113 0.000046
615.500000 6 2.449490 0.000113 0.000046
616.500000 8 2.828427 0.000151 0.000053
617.500000 1 1.000000 0.000019 0.000019
618.500000 5 2.236068 0.000095 0.000042
619.500000 7 2.645751 0.000132 0.000050
620.500000 8 2.828427 0.000151 0.000053
621.500000 6 2.449490 0.000113 0.000046
622.500000 2 1.414214 0.000038 0.000027
623.500000 4 2.000000 0.000076 0.000038
624.500000 7 2.645751 0.000132 0.000050
625.500000 3 1.732051 0.000057 0.000033
626.500000 7 2.645751 0.000132 0.000050
627.500000 1 1.000000 0.000019 0.000019
628.500000 7 2.645751 0.000132 0.000050
629.500000 8 2.828427 0.000151 0.000053
630.500000 8 2.828427 0.000151 0.000053
631.500000 5 2.236068 0.000095 0.000042
632.500000 7 2.645751 0.000132 0.000050
633.500000 8 2.828427 0.000151 0.000053
634.500000 2 1.414214 0.000038 0.000027
635.500000 2 1.414214 0.000038 0.000027
636.500000 2 1.414214 0.000038 0.000027
637.500000 2 1.414214 0.000038 0.000027
638.500000 4 2.000000 0.000076 0.000038
639.500000 3 1.732051 0.000057 0.000033
640.500000 5 2.236068 0.000095 0.000042
641.500000 2 1.414214 0.000038 0.000027
642.500000 5 2.236068 0.000095 0.000042
643.500000 9 3.000000 0.000170 0.000057
644.500000 8 2.828427 0.000151 0.000053
645.500000 12 3.464102 0.000227 0.000066
646.500000 3 1.732051 0.000057 0.000033
647.500000 6 2.449490 0.000113 0.000046
648.500000 1 1.000000 0.000019 0.000019
649.500000 4 2.000000 0.000076 0.000038
650.500000 2 1.414214 0.000038 0.000027
651.500000 3 1.732051 0.000057 0.000033
652.500000 1 1.000000 0.000019 0.000019
653.500000 9 3.000000 0.000170 0.000057
654.500000 4 2.000000 0.000076 0.000038
655.500000 4 2.000000 0.000076 0.000038
656.500000 2 1.414214 0.000038 0.000027
657.500000 4 2.000000 0.000076 0.000038
658.500000 3 1.732051 0.000057 0.000033
659.500000 3 1.732051 0.000057 0.000033
660.500000 2 1.414214 0.000038 0.000027
661.500000 1 1.000000 0.000019 0.000019
662.500000 4 2.000000 0.000076 0.000038
663.500000 2 1.414214 0.000038 0.000027
664.500000 5 2.236068 0.000095 0.000042
665.500000 6 2.449490 0.000113 0.000046
666.500000 5 2.236068 0.000095 0.000042
667.500000 1 1.000000 0.000019 0.000019
668.500000 1 1.000000 0.000019 0.000019
669.500000 2 1.414214 0.000038 0.000027
670.500000 3 1.732051 0.000057 0.000033
671.500000 1 1.000000 0.000019 0.000019
672.500000 2 1.414214 0.000038 0.000027
673.500000 2 1.414214 0.000038 0.000027
674.500000 3 1.732051 0.000057 0.000033
675.500000 4 2.000000 0.000076 0.000038
676.500000 1 1.000000 0.000019 0.000019
677.500000 4 2.000000 0.000076 0.000038
678.500000 6 2.449490 0.000113 0.000046
679.500000 2 1.414214 0.000038 0.000027
680.500000 7 2.645751 0.000132 0.000050
681.500000 1 1.000000 0.000019 0.000019
682.500000 2 1.414214 0.000038 0.000027
683.500000 0 0.000000 0.000000 0.000000
684.500000 1 1.000000 0.000019 0.000019
685.500000 1 1.000000 0.000019 0.000019
686.500000 2 1.414214 0.000038 0.000027
687.500000 2 1.414214 0.000038 0.000027
688.500000 2 1.414214 0.000038 0.000027
689.500000 3 1.732051 0.000057 0.000033
690.500000 2 1.414214 0.000038 0.000027
691.500000 1 1.000000 0.000019 0.000019
692.500000 2 1.414214 0.000038 0.000027
693.500000 1 1.000000 0.000019 0.000019
694.500000 0 0.000000 0.000000 0.000000
695.500000 3 1.732051 0.000057 0.000033
696.500000 1 1.000000 0.000019 0.000019
697.500000 3 1.732051 0.000057 0.000033
698.500000 2 1.414214 0.000038 0.000027
699.500000 1 1.000000 0.000019 0.000019
700.500000 3 1.732051 0.000057 0.000033
701.500000 2 1.414214 0.000038 0.000027
702.500000 1 1.000000 0.000019 0.000019
703.500000 1 1.000000 0.000019 0.000019
704.500000 1 1.000000 0.000019 0.000019
705.500000 2 1.414214 0.000038 0.000027
706.500000 2 1.414214 0.000038 0.000027
707.500000 4 2.000000 0.000076 0.000038
708.500000 0 0.000000 0.000000 0.000000
709.500000 2 1.414214 0.000038 0.000027
710.500000 1 1.000000 0.000019 0.000019
711.500000 2 1.414214 0.000038 0.000027
712.500000 1 1.000000 0.000019 0.000019
713.500000 2 1.414214 0.000038 0.000027
714.500000 3 1.732051 0.000057 0.000033
715.500000 5 2.236068 0.000095 0.000042
716.500000 3 1.732051 0.000057 0.000033
717.500000 2 1.414214 0.000038 0.000027
718.500000 2 1.414214 0.000038 0.000027
719.500000 0 0.000000 0.000000 0.000000
720.500000 0 0.000000 0.000000 0.000000
721.500000 0 0.000000 0.000000 0.000000
722.500000 1 1.000000 0.000019 0.000019
723.500000 1 1.000000 0.000019 0.000019
724.500000 1 1.000000 0.000019 0.000019
725.500000 1 1.000000 0.000019 0.000019
726.500000 1 1.000000 0.000019 0.000019
727.500000 3 1.732051 0.000057 0.000033
728.500000 1 1.000000 0.000019 0.000019
729.500000 0 0.000000 0.000000 0.000000
730.500000 1 1.000000 0.000019 0.000019
731.500000 1 1.000000 0.000019 0.000019
732.500000 0 0.000000 0.000000 0.000000
733.500000 1 1.000000 0.000019 0.000019
734.500000 1 1.000000 0.000019 0.000019
735.500000 1 1.000000 0.000019 0.000019
736.500000 0 0.000000 0.000000 0.000000
737.500000 2 1.414214 0.000038 0.000027
738.500000 1 1.000000 0.000019 0.000019
739.500000 1 1.000000 0.000019 0.000019
740.500000 1 1.000000 0.000019 0.000019
741.500000 1 1.000000 0.000019 0.000019
742.500000 0 0.000000 0.000000 0.000000
743.500000 0 0.000000 0.000000 0.000000
744.500000 0 0.000000 0.000000 0.000000
745.500000 2 1.414214 0.000038 0.000027
746.500000 1 1.000000 0.000019 0.000019
747.500000 1 1.000000 0.000019 0.000019
748.500000 0 0.000000 0.000000 0.000000
749.500000 0 0.000000 0.000000 0.000000
750.500000 0 0.000000 0.000000 0.000000
751.500000 1 1.000000 0.000019 0.000019
752.500000 2 1.414214 0.000038 0.000027
753.500000 0 0.000000 0.000000 0.000000
754.500000 0 0.000000 0.000000 0.000000
755.500000 3 1.732051 0.000057 0.000033
756.500000 1 1.000000 0.000019 0.000019
757.500000 2 1.414214 0.000038 0.000027
758.500000 1 1.000000 0.000019 0.000019
759.500000 0 0.000000 0.000000 0.000000
760.500000 0 0.000000 0.000000 0.000000
761.500000 1 1.000000 0.000019 0.000019
762.500000 0 0.000000 0.000000 0.000000
763.500000 1 1.000000 0.000019 0.000019
764.500000 0 0.000000 0.000000 0.000000
765.500000 0 0.000000 0.000000 0.000000
766.500000 1 1.000000 0.000019 0.000019
767.500000 1 1.000000 0.000019 0.000019
768.500000 0 0.000000 0.000000 0.000000
769.500000 2 1.414214 0.000038 0.000027
770.500000 0 0.000000 0.000000 0.000000
771.500000 0 0.000000 0.000000 0.000000
772.500000 1 1.000000 0.000019 0.000019
773.500000 2 1.414214 0.000038 0.000027
774.500000 1 1.000000 0.000019 0.000019
775.500000 2 1.414214 0.000038 0.000027
776.500000 0 0.000000 0.000000 0.000000
777.500000 0 0.000000 0.000000 0.000000
778.500000 0 0.000000 0.000000 0.000000
779.500000 0 0.000000 0.000000 0.000000
780.500000 0 0.000000 0.000000 0.000000
781.500000 1 1.000000 0.000019 0.000019
782.500000 0 0.000000 0.000000 0.000000
783.500000 1 1.000000 0.000019 0.000019
784.500000 1 1.000000 0.000019 0.000019
785.500000 0 0.000000 0.000000 0.000000
786.500000 0 0.000000 0.000000 0.000000
787.500000 0 0.000000 0.000000 0.000000
788.500000 0 0.000000 0.000000 0.000000
789.500000 1 1.000000 0.000019 0.000019
790.500000 1 1.000000 0.000019 0.000019
791.500000 0 0.000000 0.000000 0.000000
792.500000 1 1.000000 0.000019 0.000019
793.500000 0 0.000000 0.000000 0.000000
794.500000 1 1.000000 0.000019 0.000019
795.500000 1 1.000000 0.000019 0.000019
796.500000 0 0.000000 0.000000 0.000000
797.500000 0 0.000000 0.000000 0.000000
798.500000 1 1.000000 0.000019 0.000019
799.500000 0 0.000000 0.000000 0.000000
800.500000 0 0.000000 0.000000 0.000000
801.500000 1 1.000000 0.000019 0.000019
802.500000 0 0.000000 0.000000 0.000000
803.500000 0 0.000000 0.000000 0.000000
804.500000 0 0.000000 0.000000 0.000000
805.500000 1 1.000000 0.000019 0.000019
806.500000 0 0.000000 0.000000 0.000000
807.500000 0 0.000000 0.000000 0.000000
808.500000 1 1.000000 0.000019 0.000019
809.500000 0 0.000000 0.000000 0.000000
810.500000 0 0.000000 0.000000 0.000000
811.500000 0 0.000000 0.000000 0.000000
812.500000 0 0.000000 0.000000 0.000000
813.500000 1 1.000000 0.000019 0.000019
814.500000 0 0.000000 0.000000 0.000000
815.500000 1 1.000000 0.000019 0.000019
816.500000 0 0.000000 0.000000 0.000000
817.500000 0 0.000000 0.000000 0.000000
818.500000 0 0.000000 0.000000 0.000000
819.500000 0 0.000000 0.000000 0.000000
820.500000 0 0.000000 0.000000 0.000000
821.500000 0 0.000000 0.000000 0.000000
822.500000 2 1.414214 0.000038 0.000027
823.500000 0 0.000000 0.000000 0.000000
824.500000 0 0.000000 0.000000 0.000000
825.500000 0 0.000000 0.000000 0.000000
826.500000 0 0.000000 0.000000 0.000000
827.500000 0 0.000000 0.000000 0.000000
828.500000 0 0.000000 0.000000 0.000000
829.500000 0 0.000000 0.000000 0.000000
830.500000 0 0.000000 0.000000 0.000000
831.500000 1 1.000000 0.000019 0.000019
832.500000 0 0.000000 0.000000 0.000000
833.500000 0 0.000000 0.000000 0.000000
834.500000 0 0.000000 0.000000 0.000000
835.500000 1 1.000000 0.000019 0.000019
836.500000 0 0.000000 0.000000 0.000000
837.500000 0 0.000000 0.000000 0.000000
838.500000 0 0.000000 0.000000 0.000000
839.500000 0 0.000000 0.000000 0.000000
840.500000 0 0.000000 0.000000 0.000000
841.500000 0 0.000000 0.000000 0.000000
842.500000 0 0.000000 0.000000 0.000000
843.500000 1 1.000000 0.000019 0.000019
844.500000 0 0.000000 0.000000 0.000000
845.500000 0 0.000000 0.000000 0.000000
846.500000 1 1.000000 0.000019 0.000019
847.500000 0 0.000000 0.000000 0.000000
848.500000 1 1.000000 0.000019 0.000019
849.500000 2 1.414214 0.000038 0.000027
850.500000 0 0.000000 0.000000 0.000000
851.500000 0 0.000000 0.000000 0.000000
852.500000 0 0.000000 0.000000 0.000000
853.500000 0 0.000000 0.000000 0.000000
854.500000 0 0.000000 0.000000 0.000000
855.500000 1 1.000000 0.000019 0.000019
856.500000 0 0.000000 0.000000 0.000000
857.500000 0 0.000000 0.000000 0.000000
858.500000 0 0.000000 0.000000 0.000000
859.500000 0 0.000000 0.000000 0.000000
860.500000 0 0.000000 0.000000 0.000000
861.500000 0 0.000000 0.000000 0.000000
862.500000 0 0.000000 0.000000 0.000000
863.500000 0 0.000000 0.000000 0.000000
864.500000 0 0.000000 0.000000 0.000000
865.500000 0 0.000000 0.000000 0.000000
866.500000 0 0.000000 0.000000 0.000000
867.500000 0 0.000000 0.000000 0.000000
868.500000 0 0.000000 0.000000 0.000000
869.500000 0 0.000000 0.000000 0.000000
870.500000 0 0.000000 0.000000 0.000000
871.500000 0 0.000000 0.000000 0.000000
872.500000 1 1.000000 0.000019 0.000019
873.500000 0 0.000000 0.000000 0.000000
874.500000 0 0.000000 0.000000 0.000000
875.500000 0 0.000000 0.000000 0.000000
876.500000 2 1.414214 0.000038 0.000027
877.500000 0 0.000000 0.000000 0.000000
878.500000 1 1.000000 0.000019 0.000019
879.500000 0 0.000000 0.000000 0.000000
880.500000 0 0.000000 0.000000 0.000000
881.500000 0 0.000000 0.000000 0.000000
882.500000 0 0.000000 0.000000 0.000000
883.500000 0 0.000000 0.000000 0.000000
884.500000 0 0.000000 0.000000 0.000000
885.500000 0 0.000000 0.000000 0.000000
886.500000 0 0.000000 0.000000 0.000000
887.500000 0 0.000000 0.000000 0.000000
888.500000 0 0.000000 0.000000 0.000000
889.500000 0 0.000000 0.000000 0.000000
890.500000 0 0.000000 0.000000 0.000000
891.500000 0 0.000000 0.000000 0.000000
892.500000 0 0.000000 0.000000 0.000000
893.500000 0 0.000000 0.000000 0.000000
894.500000 0 0.000000 0.000000 0.000000
895.500000 0 0.000000 0.000000 0.000000
896.500000 0 0.000000 0.000000 0.000000
897.500000 0 0.000000 0.000000 0.000000
898.500000 0 0.000000 0.000000 0.000000
899.500000 0 0.000000 0.000000 0.000000
900.500000 0 0.000000 0.000000 0.000000
901.500000 0 0.000000 0.000000 0.000000
902.500000 0 0.000000 0.000000 0.000000
903.500000 0 0.000000 0.000000 0.000000
904.500000 0 0.000000 0.000000 0.000000
905.500000 0 0.000000 0.000000 0.000000
906.500000 0 0.000000 0.000000 0.000000
907.500000 0 0.000000 0.000000 0.000000
908.500000 1 1.000000 0.000019 0.000019
909.500000 0 0.000000 0.000000 0.000000
910.500000 0 0.000000 0.000000 0.000000
911.500000 0 0.000000 0.000000 0.000000
912.500000 0 0.000000 0.000000 0.000000
913.500000 0 0.000000 0.000000 0.000000
914.500000 0 0.000000 0.000000 0.000000
915.500000 0 0.000000 0.000000 0.000000
916.500000 0 0.000000 0.000000 0.000000
917.500000 0 0.000000 0.000000 0.000000
918.500000 0 0.000000 0.000000 0.000000
919.500000 0 0.000000 0.000000 0.000000
920.500000 0 0.000000 0.000000 0.000000
921.500000 0 0.000000 0.000000 0.000000
922.500000 0 0.000000 0.000000 0.000000
923.500000 0 0.000000 0.000000 0.000000
924.500000 0 0.000000 0.000000 0.000000
925.500000 0 0.000000 0.000000 0.000000
926.500000 0 0.000000 0.000000 0.000000
927.500000 0 0.000000 0.000000 0.000000
928.500000 0 0.000000 0.000000 0.000000
929.500000 0 0.000000 0.000000 0.000000
930.500000 0 0.000000 0.000000 0.000000
931.500000 0 0.000000 0.000000 0.000000
932.500000 0 0.000000 0.000000 0.000000
933.500000 0 0.000000 0.000000 0.000000
934.500000 0 0.000000 0.000000 0.000000
935.500000 0 0.000000 0.000000 0.000000
936.500000 0 0.000000 0.000000 0.000000
937.500000 0 0.000000 0.000000 0.000000
938.500000 0 0.000000 0.000000 0.000000
939.500000 0 0.000000 0.000000 0.000000
940.500000 0 0.000000 0.000000 0.000000
941.500000 1 1.000000 0.000019 0.000019
942.500000 0 0.000000 0.000000 0.000000
943.500000 0 0.000000 0.000000 0.000000
944.500000 0 0.000000 0.000000 0.000000
945.500000 1 1.000000 0.000019 0.000019
946.500000 0 0.000000 0.000000 0.000000
947.500000 0 0.000000 0.000000 0.000000
948.500000 0 0.000000 0.000000 0.000000
949.500000 1 1.000000 0.000019 0.000019
950.500000 0 0.000000 0.000000 0.000000
951.500000 0 0.000000 0.000000 0.000000
952.500000 0 0.000000 0.000000 0.000000
953.500000 0 0.000000 0.000000 0.000000
954.500000 0 0.000000 0.000000 0.000000
955.500000 0 0.000000 0.000000 0.000000
956.500000 0 0.000000 0.000000 0.000000
957.500000 0 0.000000 0.000000 0.000000
958.500000 0 0.000000 0.000000 0.000000
959.500000 0 0.000000 0.000000 0.000000
960.500000 0 0.000000 0.000000 0.000000
961.500000 1 1.000000 0.000019 0.000019
962.500000 0 0.000000 0.000000 0.000000
963.500000 0 0.000000 0.000000 0.000000
964.500000 0 0.000000 0.000000 0.000000
965.500000 0 0.000000 0.000000 0.000000
966.500000 0 0.000000 0.000000 0.000000
967.500000 0 0.000000 0.000000 0.000000
968.500000 0 0.000000 0.000000 0.000000
969.500000 0 0.000000 0.000000 0.000000
970.500000 1 1.000000 0.000019 0.000019
971.500000 0 0.000000 0.000000 0.000000
972.500000 0 0.000000 0.000000 0.000000
973.500000 0 0.000000 0.000000 0.000000
974.500000 0 0.000000 0.000000 0.000000
975.500000 0 0.000000 0.000000 0.000000
976.500000 0 0.000000 0.000000 0.000000
977.500000 1 1.000000 0.000019 0.000019
978.500000 0 0.000000 0.000000 0.000000
979.500000 0 0.000000 0.000000 0.000000
980.500000 0 0.000000 0.000000 0.000000
981.500000 0 0.000000 0.000000 0.000000
982.500000 0 0.000000 0.000000 0.000000
983.500000 0 0.000000 0.000000 0.000000
984.500000 0 0.000000 0.000000 0.000000
985.500000 0 0.000000 0.000000 0.000000
986.500000 1 1.000000 0.000019 0.000019
987.500000 0 0.000000 0.000000 0.000000
988.500000 0 0.000000 0.000000 0.000000
989.500000 0 0.000000 0.000000 0.000000
990.500000 0 0.000000 0.000000 0.000000
991.500000 0 0.000000 0.000000 0.000000
992.500000 0 0.000000 0.000000 0.000000
993.500000 0 0.000000 0.000000 0.000000
994.500000 0 0.000000 0.000000 0.000000
995.500000 0 0.000000 0.000000 0.000000
996.500000 0 0.000000 0.000000 0.000000
997.500000 0 0.000000 0.000000 0.000000
998.500000 1 1.000000 0.000019 0.000019
999.500000 0 0.000000 0.000000 0.000000
1000.500000 0 0.000000 0.000000 0.000000
1001.500000 0 0.000000 0.000000 0.000000
1002.500000 0 0.000000 0.000000 0.000000
1003.500000 0 0.000000 0.000000 0.000000
1004.500000 0 0.000000 0.000000 0.000000
1005.500000 0 0.000000 0.000000 0.000000
1006.500000 0 0.000000 0.000000 0.000000
1007.500000 0 0.000000 0.000000 0.000000
1008.500000 0 0.000000 0.000000 0.000000
1009.500000 0 0.000000 0.000000 0.000000
1010.500000 0 0.000000 0.000000 0.000000
1011.500000 0 0.000000 0.000000 0.000000
1012.500000 0 0.000000 0.000000 0.000000
1013.500000 0 0.000000 0.000000 0.000000
1014.500000 0 0.000000 0.000000 0.000000
1015.500000 0 0.000000 0.000000 0.000000
1016.500000 0 0.000000 0.000000 0.000000
1017.500000 0 0.000000 0.000000 0.000000
1018.500000 0 0.000000 0.000000 0.000000
1019.500000 0 0.000000 0.000000 0.000000
1020.500000 0 0.000000 0.000000 0.000000
1021.500000 0 0.000000 0.000000 0.000000
1022.500000 0 0.000000 0.000000 0.000000
1023.500000 0 0.000000 0.000000 0.000000
