# name, dx, fmax, fmax_err, norm_value, norm_vale_err
# 22Na 1 52872 229.9391223780764 52872 229.9391223780764
# bin_center, freq, freq_err, norm_freq, norm_freq_err
0.500000 0 0.000000 0.000000 0.000000
1.500000 0 0.000000 0.000000 0.000000
2.500000 0 0.000000 0.000000 0.000000
3.500000 0 0.000000 0.000000 0.000000
4.500000 0 0.000000 0.000000 0.000000
5.500000 0 0.000000 0.000000 0.000000
6.500000 2 1.414214 0.000038 0.000027
7.500000 14 3.741657 0.000265 0.000071
8.500000 55 7.416198 0.001040 0.000140
9.500000 301 17.349352 0.005693 0.000329
10.500000 788 28.071338 0.014904 0.000535
11.500000 1405 37.483330 0.026574 0.000718
12.500000 2397 48.959167 0.045336 0.000947
13.500000 6191 78.682908 0.117094 0.001573
14.500000 13472 116.068945 0.254804 0.002459
15.500000 21814 147.695633 0.412581 0.003320
16.500000 30481 174.588087 0.576506 0.004146
17.500000 35419 188.199362 0.669901 0.004600
18.500000 36860 191.989583 0.697155 0.004731
19.500000 37649 194.033502 0.712078 0.004802
20.500000 37269 193.051807 0.704891 0.004768
21.500000 37816 194.463364 0.715237 0.004817
22.500000 38232 195.530049 0.723105 0.004854
23.500000 38491 196.191233 0.728003 0.004878
24.500000 39324 198.302799 0.743759 0.004953
25.500000 39768 199.419157 0.752156 0.004993
26.500000 40081 200.202398 0.758076 0.005021
27.500000 40492 201.226241 0.765850 0.005057
28.500000 40872 202.168247 0.773037 0.005092
29.500000 41301 203.226475 0.781151 0.005130
30.500000 41916 204.733974 0.792783 0.005185
31.500000 42541 206.254697 0.804604 0.005240
32.500000 43083 207.564448 0.814855 0.005289
33.500000 43869 209.449278 0.829721 0.005359
34.500000 44525 211.009478 0.842128 0.005417
35.500000 44991 212.110820 0.850942 0.005458
36.500000 45855 214.137806 0.867283 0.005534
37.500000 46656 216.000000 0.882433 0.005605
38.500000 47298 217.481034 0.894576 0.005662
39.500000 48162 219.458424 0.910917 0.005738
40.500000 48537 220.311144 0.918010 0.005771
41.500000 49028 221.422673 0.927296 0.005814
42.500000 50396 224.490534 0.953170 0.005934
43.500000 50928 225.672329 0.963232 0.005981
44.500000 51268 226.424380 0.969663 0.006010
45.500000 51691 227.356548 0.977663 0.006047
46.500000 52106 228.267387 0.985512 0.006084
47.500000 52311 228.715981 0.989389 0.006101
48.500000 52421 228.956328 0.991470 0.006111
49.500000 52276 228.639454 0.988727 0.006098
50.500000 52319 228.733469 0.989541 0.006102
51.500000 51970 227.969296 0.982940 0.006072
52.500000 51621 227.202553 0.976339 0.006041
53.500000 51371 226.651715 0.971611 0.006019
54.500000 50539 224.808808 0.955875 0.005946
55.500000 50936 225.690053 0.963383 0.005981
56.500000 50219 224.095962 0.949822 0.005918
57.500000 49534 222.562351 0.936866 0.005858
58.500000 49320 222.081066 0.932819 0.005840
59.500000 48568 220.381487 0.918596 0.005774
60.500000 47981 219.045657 0.907494 0.005722
61.500000 47379 217.667177 0.896108 0.005669
62.500000 46853 216.455538 0.886159 0.005623
63.500000 45949 214.357179 0.869061 0.005543
64.500000 45469 213.234613 0.859983 0.005500
65.500000 44625 211.246302 0.844020 0.005426
66.500000 44277 210.421007 0.837438 0.005395
67.500000 43641 208.904284 0.825409 0.005338
68.500000 43620 208.854016 0.825011 0.005336
69.500000 42852 207.007246 0.810486 0.005268
70.500000 42083 205.141415 0.795941 0.005200
71.500000 41820 204.499389 0.790967 0.005176
72.500000 41396 203.460070 0.782947 0.005138
73.500000 40855 202.126198 0.772715 0.005090
74.500000 40516 201.285866 0.766304 0.005060
75.500000 39843 199.607114 0.753575 0.004999
76.500000 39865 199.662215 0.753991 0.005001
77.500000 39307 198.259930 0.743437 0.004951
78.500000 38824 197.038067 0.734302 0.004908
79.500000 38624 196.529896 0.730519 0.004890
80.500000 38300 195.703858 0.724391 0.004861
81.500000 37842 194.530203 0.715729 0.004819
82.500000 37474 193.582024 0.708768 0.004786
83.500000 37404 193.401138 0.707444 0.004780
84.500000 36879 192.039059 0.697515 0.004732
85.500000 37097 192.605815 0.701638 0.004752
86.500000 36679 191.517623 0.693732 0.004714
87.500000 35841 189.317194 0.677882 0.004638
88.500000 35650 188.812076 0.674270 0.004621
89.500000 35215 187.656601 0.666043 0.004581
90.500000 34787 186.512734 0.657947 0.004542
91.500000 34367 185.383387 0.650004 0.004504
92.500000 34161 184.826946 0.646108 0.004485
93.500000 33355 182.633513 0.630863 0.004411
94.500000 32853 181.253965 0.621369 0.004365
95.500000 32262 179.616258 0.610191 0.004311
96.500000 32024 178.952508 0.605689 0.004289
97.500000 31591 177.738572 0.597500 0.004249
98.500000 30637 175.034282 0.579456 0.004161
99.500000 30115 173.536740 0.569583 0.004112
100.500000 29509 171.781838 0.558122 0.004056
101.500000 28469 168.727591 0.538451 0.003958
102.500000 27745 166.568304 0.524758 0.003890
103.500000 27380 165.469030 0.517854 0.003856
104.500000 26843 163.838335 0.507698 0.003805
105.500000 26180 161.802349 0.495158 0.003742
106.500000 25284 159.009434 0.478212 0.003656
107.500000 24893 157.775156 0.470816 0.003619
108.500000 24486 156.480031 0.463118 0.003580
109.500000 23692 153.922058 0.448101 0.003503
110.500000 23214 152.361412 0.439060 0.003457
111.500000 22661 150.535710 0.428601 0.003403
112.500000 22408 149.693019 0.423816 0.003378
113.500000 21585 146.918345 0.408250 0.003298
114.500000 21519 146.693558 0.407002 0.003291
115.500000 21139 145.392572 0.399815 0.003254
116.500000 21049 145.082735 0.398112 0.003245
117.500000 20564 143.401534 0.388939 0.003196
118.500000 20630 143.631473 0.390188 0.003203
119.500000 20463 143.048943 0.387029 0.003186
120.500000 20651 143.704558 0.390585 0.003205
121.500000 20623 143.607103 0.390055 0.003202
122.500000 20845 144.377976 0.394254 0.003224
123.500000 21145 145.413204 0.399928 0.003254
124.500000 21687 147.265067 0.410179 0.003308
125.500000 21568 146.860478 0.407929 0.003296
126.500000 22220 149.063745 0.420260 0.003360
127.500000 22676 150.585524 0.428885 0.003405
128.500000 23523 153.372097 0.444905 0.003487
129.500000 24199 155.560278 0.457690 0.003552
130.500000 24501 156.527953 0.463402 0.003581
131.500000 25435 159.483541 0.481067 0.003671
132.500000 26498 162.782063 0.501173 0.003772
133.500000 27942 167.158607 0.528484 0.003909
134.500000 29256 171.043854 0.553336 0.004032
135.500000 29900 172.916165 0.565517 0.004092
136.500000 31646 177.893226 0.598540 0.004254
137.500000 32975 181.590198 0.623676 0.004376
138.500000 34814 186.585101 0.658458 0.004545
139.500000 35811 189.237945 0.677315 0.004635
140.500000 37630 193.984535 0.711719 0.004800
141.500000 39407 198.511964 0.745328 0.004960
142.500000 40990 202.459873 0.775269 0.005102
143.500000 42829 206.951685 0.810051 0.005266
144.500000 43986 209.728396 0.831934 0.005369
145.500000 45731 213.848077 0.864938 0.005523
146.500000 47322 217.536204 0.895030 0.005664
147.500000 48543 220.324760 0.918123 0.005771
148.500000 49044 221.458800 0.927599 0.005815
149.500000 50030 223.673870 0.946248 0.005902
150.500000 51185 226.241022 0.968093 0.006003
151.500000 51894 227.802546 0.981502 0.006065
152.500000 51853 227.712538 0.980727 0.006061
153.500000 52333 228.764071 0.989806 0.006103
154.500000 52872 229.939122 1.000000 0.006150
155.500000 52054 228.153457 0.984529 0.006079
156.500000 52353 228.807780 0.990184 0.006105
157.500000 51385 226.682597 0.971875 0.006020
158.500000 51618 227.195951 0.976282 0.006041
159.500000 50166 223.977677 0.948820 0.005914
160.500000 49609 222.730779 0.938285 0.005865
161.500000 48364 219.918167 0.914737 0.005756
162.500000 47247 217.363750 0.893611 0.005657
163.500000 46135 214.790596 0.872579 0.005559
164.500000 44818 211.702622 0.847670 0.005443
165.500000 43554 208.695951 0.823763 0.005331
166.500000 42059 205.082910 0.795487 0.005198
167.500000 40579 201.442299 0.767495 0.005065
168.500000 39647 199.115544 0.749868 0.004982
169.500000 37912 194.710041 0.717053 0.004826
170.500000 36903 192.101536 0.697969 0.004734
171.500000 35374 188.079770 0.669050 0.004596
172.500000 34097 184.653730 0.644897 0.004479
173.500000 32635 180.651598 0.617245 0.004345
174.500000 31667 177.952241 0.598937 0.004256
175.500000 30446 174.487822 0.575844 0.004143
176.500000 29275 171.099386 0.553696 0.004034
177.500000 28095 167.615632 0.531378 0.003923
178.500000 27042 164.444520 0.511462 0.003824
179.500000 26372 162.394581 0.498790 0.003760
180.500000 25461 159.565034 0.481559 0.003673
181.500000 24657 157.025476 0.466353 0.003596
182.500000 23553 153.469867 0.445472 0.003490
183.500000 22785 150.947011 0.430946 0.003415
184.500000 22024 148.404852 0.416553 0.003341
185.500000 21058 145.113748 0.398283 0.003245
186.500000 20705 143.892321 0.391606 0.003210
187.500000 19809 140.744449 0.374660 0.003121
188.500000 19260 138.780402 0.364276 0.003066
189.500000 18791 137.080268 0.355406 0.003018
190.500000 17938 133.932819 0.339272 0.002932
191.500000 17452 132.106018 0.330080 0.002882
192.500000 16736 129.367693 0.316538 0.002807
193.500000 16327 127.777150 0.308802 0.002765
194.500000 15678 125.211821 0.296527 0.002697
195.500000 14962 122.319254 0.282985 0.002620
196.500000 14677 121.148669 0.277595 0.002590
197.500000 14452 120.216471 0.273339 0.002566
198.500000 13924 118.000000 0.263353 0.002509
199.500000 13664 116.893114 0.258435 0.002480
200.500000 13038 114.184062 0.246596 0.002411
201.500000 12897 113.564959 0.243929 0.002396
202.500000 12401 111.359777 0.234548 0.002340
203.500000 12048 109.763382 0.227871 0.002300
204.500000 11887 109.027519 0.224826 0.002282
205.500000 11474 107.116759 0.217015 0.002235
206.500000 11093 105.323312 0.209809 0.002191
207.500000 10788 103.865297 0.204040 0.002156
208.500000 10822 104.028842 0.204683 0.002160
209.500000 10413 102.044108 0.196947 0.002112
210.500000 10409 102.024507 0.196872 0.002111
211.500000 9998 99.989999 0.189098 0.002062
212.500000 9964 99.819838 0.188455 0.002058
213.500000 9926 99.629313 0.187736 0.002054
214.500000 9840 99.196774 0.186110 0.002043
215.500000 9654 98.254771 0.182592 0.002021
216.500000 9594 97.948966 0.181457 0.002014
217.500000 9452 97.221397 0.178771 0.001996
218.500000 9245 96.150923 0.174856 0.001971
219.500000 9182 95.822753 0.173665 0.001963
220.500000 9185 95.838406 0.173721 0.001964
221.500000 9094 95.362466 0.172000 0.001953
222.500000 8902 94.350411 0.168369 0.001929
223.500000 9127 95.535334 0.172624 0.001957
224.500000 8958 94.646712 0.169428 0.001936
225.500000 8819 93.909531 0.166799 0.001919
226.500000 8573 92.590496 0.162146 0.001888
227.500000 8720 93.380940 0.164927 0.001906
228.500000 8378 91.531415 0.158458 0.001863
229.500000 8748 93.530744 0.165456 0.001910
230.500000 8460 91.978258 0.160009 0.001874
231.500000 8467 92.016303 0.160141 0.001875
232.500000 8408 91.695147 0.159026 0.001867
233.500000 8423 91.776903 0.159309 0.001869
234.500000 8281 91.000000 0.156624 0.001851
235.500000 8423 91.776903 0.159309 0.001869
236.500000 8351 91.383806 0.157947 0.001860
237.500000 8361 91.438504 0.158137 0.001861
238.500000 8329 91.263355 0.157531 0.001857
239.500000 8194 90.520716 0.154978 0.001840
240.500000 8239 90.768937 0.155829 0.001846
241.500000 8234 90.741391 0.155735 0.001845
242.500000 8156 90.310575 0.154259 0.001835
243.500000 8233 90.735880 0.155716 0.001845
244.500000 7926 89.028085 0.149909 0.001806
245.500000 8070 89.833179 0.152633 0.001824
246.500000 7927 89.033701 0.149928 0.001806
247.500000 8072 89.844310 0.152671 0.001824
248.500000 7801 88.323270 0.147545 0.001790
249.500000 8002 89.453899 0.151347 0.001815
250.500000 7938 89.095454 0.150136 0.001807
251.500000 7865 88.684835 0.148755 0.001798
252.500000 7767 88.130585 0.146902 0.001785
253.500000 8022 89.565618 0.151725 0.001818
254.500000 7744 88.000000 0.146467 0.001782
255.500000 7904 88.904443 0.149493 0.001803
256.500000 7798 88.306285 0.147488 0.001789
257.500000 7837 88.526832 0.148226 0.001794
258.500000 7672 87.589954 0.145105 0.001773
259.500000 7790 88.260977 0.147337 0.001788
260.500000 7576 87.040221 0.143289 0.001760
261.500000 7742 87.988636 0.146429 0.001782
262.500000 7879 88.763731 0.149020 0.001800
263.500000 7897 88.865066 0.149361 0.001802
264.500000 7578 87.051709 0.143327 0.001761
265.500000 7660 87.521426 0.144878 0.001771
266.500000 7676 87.612784 0.145181 0.001773
267.500000 7682 87.647019 0.145294 0.001774
268.500000 7514 86.683332 0.142117 0.001752
269.500000 7578 87.051709 0.143327 0.001761
270.500000 7723 87.880601 0.146070 0.001779
271.500000 7518 86.706401 0.142192 0.001753
272.500000 7525 86.746758 0.142325 0.001754
273.500000 7529 86.769810 0.142401 0.001754
274.500000 7560 86.948260 0.142987 0.001758
275.500000 7478 86.475430 0.141436 0.001747
276.500000 7641 87.412814 0.144519 0.001769
277.500000 7501 86.608314 0.141871 0.001750
278.500000 7440 86.255435 0.140717 0.001742
279.500000 7375 85.877820 0.139488 0.001734
280.500000 7456 86.348133 0.141020 0.001745
281.500000 7415 86.110394 0.140244 0.001739
282.500000 7439 86.249638 0.140698 0.001742
283.500000 7460 86.371292 0.141095 0.001745
284.500000 7484 86.510115 0.141549 0.001748
285.500000 7275 85.293611 0.137596 0.001721
286.500000 7346 85.708809 0.138939 0.001730
287.500000 7206 84.888162 0.136291 0.001711
288.500000 7472 86.440731 0.141322 0.001747
289.500000 7355 85.761297 0.139110 0.001731
290.500000 7370 85.848704 0.139393 0.001733
291.500000 7236 85.064681 0.136859 0.001715
292.500000 7434 86.220647 0.140604 0.001742
293.500000 7358 85.778785 0.139166 0.001732
294.500000 7512 86.671795 0.142079 0.001752
295.500000 7250 85.146932 0.137124 0.001717
296.500000 7330 85.615419 0.138637 0.001728
297.500000 7242 85.099941 0.136972 0.001716
298.500000 7381 85.912746 0.139601 0.001735
299.500000 7082 84.154620 0.133946 0.001695
300.500000 7340 85.673800 0.138826 0.001729
301.500000 7151 84.563586 0.135251 0.001704
302.500000 7172 84.687661 0.135648 0.001707
303.500000 7183 84.752581 0.135856 0.001708
304.500000 7015 83.755597 0.132679 0.001686
305.500000 6946 83.342666 0.131374 0.001677
306.500000 7128 84.427484 0.134816 0.001701
307.500000 7163 84.634508 0.135478 0.001706
308.500000 7061 84.029757 0.133549 0.001692
309.500000 6999 83.660026 0.132376 0.001684
310.500000 7002 83.677954 0.132433 0.001684
311.500000 6922 83.198558 0.130920 0.001673
312.500000 7051 83.970233 0.133360 0.001691
313.500000 6999 83.660026 0.132376 0.001684
314.500000 6763 82.237461 0.127913 0.001652
315.500000 6787 82.383251 0.128367 0.001655
316.500000 6686 81.767964 0.126456 0.001641
317.500000 6689 81.786307 0.126513 0.001642
318.500000 6547 80.913534 0.123827 0.001622
319.500000 6643 81.504601 0.125643 0.001636
320.500000 6804 82.486363 0.128688 0.001657
321.500000 6385 79.906195 0.120763 0.001600
322.500000 6487 80.541915 0.122693 0.001614
323.500000 6585 81.148013 0.124546 0.001628
324.500000 6591 81.184974 0.124660 0.001628
325.500000 6392 79.949984 0.120896 0.001601
326.500000 6389 79.931220 0.120839 0.001601
327.500000 6374 79.837335 0.120555 0.001598
328.500000 6199 78.733728 0.117245 0.001574
329.500000 6216 78.841613 0.117567 0.001576
330.500000 6268 79.170702 0.118550 0.001584
331.500000 6058 77.833155 0.114579 0.001554
332.500000 6157 78.466553 0.116451 0.001568
333.500000 6242 79.006329 0.118059 0.001580
334.500000 5952 77.149206 0.112574 0.001539
335.500000 6041 77.723870 0.114257 0.001552
336.500000 5991 77.401550 0.113311 0.001545
337.500000 5923 76.961029 0.112025 0.001535
338.500000 5855 76.517972 0.110739 0.001525
339.500000 5675 75.332596 0.107335 0.001499
340.500000 5810 76.223356 0.109888 0.001519
341.500000 5716 75.604233 0.108110 0.001505
342.500000 5674 75.325958 0.107316 0.001499
343.500000 5697 75.478474 0.107751 0.001503
344.500000 5719 75.624070 0.108167 0.001506
345.500000 5592 74.779676 0.105765 0.001487
346.500000 5649 75.159830 0.106843 0.001496
347.500000 5595 74.799733 0.105822 0.001488
348.500000 5421 73.627441 0.102531 0.001462
349.500000 5536 74.404301 0.104706 0.001479
350.500000 5509 74.222638 0.104195 0.001475
351.500000 5511 74.236110 0.104233 0.001475
352.500000 5624 74.993333 0.106370 0.001492
353.500000 5541 74.437894 0.104800 0.001480
354.500000 5471 73.966209 0.103476 0.001470
355.500000 5597 74.813100 0.105859 0.001488
356.500000 5616 74.939976 0.106219 0.001491
357.500000 5495 74.128267 0.103930 0.001473
358.500000 5622 74.979997 0.106332 0.001492
359.500000 5643 75.119904 0.106729 0.001495
360.500000 5681 75.372409 0.107448 0.001500
361.500000 5666 75.272837 0.107164 0.001498
362.500000 5709 75.557925 0.107978 0.001504
363.500000 5678 75.352505 0.107391 0.001500
364.500000 5559 74.558702 0.105141 0.001482
365.500000 5706 75.538070 0.107921 0.001504
366.500000 5672 75.312682 0.107278 0.001499
367.500000 5752 75.841941 0.108791 0.001510
368.500000 5680 75.365775 0.107429 0.001500
369.500000 5603 74.853190 0.105973 0.001489
370.500000 5849 76.478755 0.110626 0.001524
371.500000 5644 75.126560 0.106748 0.001495
372.500000 5667 75.279479 0.107183 0.001498
373.500000 5827 76.334789 0.110210 0.001521
374.500000 5749 75.822160 0.108734 0.001510
375.500000 5811 76.229915 0.109907 0.001519
376.500000 5622 74.979997 0.106332 0.001492
377.500000 5610 74.899933 0.106105 0.001490
378.500000 5895 76.778903 0.111496 0.001531
379.500000 5504 74.188948 0.104100 0.001474
380.500000 5697 75.478474 0.107751 0.001503
381.500000 5482 74.040529 0.103684 0.001471
382.500000 5582 74.712783 0.105576 0.001486
383.500000 5509 74.222638 0.104195 0.001475
384.500000 5494 74.121522 0.103911 0.001473
385.500000 5627 75.013332 0.106427 0.001492
386.500000 5313 72.890329 0.100488 0.001446
387.500000 5330 73.006849 0.100810 0.001449
388.500000 5306 72.842295 0.100356 0.001445
389.500000 5250 72.456884 0.099296 0.001437
390.500000 5300 72.801099 0.100242 0.001444
391.500000 5002 70.724819 0.094606 0.001400
392.500000 4968 70.484041 0.093963 0.001394
393.500000 5210 72.180330 0.098540 0.001431
394.500000 4893 69.949982 0.092544 0.001383
395.500000 4907 70.049982 0.092809 0.001385
396.500000 4670 68.337398 0.088327 0.001348
397.500000 4694 68.512773 0.088780 0.001352
398.500000 4549 67.446275 0.086038 0.001329
399.500000 4661 68.271517 0.088156 0.001347
400.500000 4499 67.074585 0.085092 0.001321
401.500000 4349 65.946948 0.082255 0.001298
402.500000 4349 65.946948 0.082255 0.001298
403.500000 4280 65.421709 0.080950 0.001286
404.500000 4268 65.329932 0.080723 0.001285
405.500000 4129 64.257295 0.078094 0.001262
406.500000 4033 63.505905 0.076279 0.001246
407.500000 3996 63.213923 0.075579 0.001240
408.500000 3829 61.878914 0.072420 0.001212
409.500000 3815 61.765686 0.072155 0.001210
410.500000 3715 60.950800 0.070264 0.001193
411.500000 3723 61.016391 0.070415 0.001194
412.500000 3551 59.590268 0.067162 0.001164
413.500000 3552 59.598658 0.067181 0.001164
414.500000 3558 59.648973 0.067295 0.001166
415.500000 3415 58.438001 0.064590 0.001140
416.500000 3294 57.393379 0.062301 0.001119
417.500000 3310 57.532599 0.062604 0.001122
418.500000 3307 57.506521 0.062547 0.001121
419.500000 3240 56.920998 0.061280 0.001109
420.500000 3215 56.700970 0.060807 0.001105
421.500000 3154 56.160484 0.059654 0.001093
422.500000 3048 55.208695 0.057649 0.001074
423.500000 3037 55.108983 0.057441 0.001072
424.500000 2896 53.814496 0.054774 0.001045
425.500000 2826 53.160135 0.053450 0.001032
426.500000 2830 53.197744 0.053525 0.001033
427.500000 2735 52.297227 0.051729 0.001014
428.500000 2746 52.402290 0.051937 0.001017
429.500000 2755 52.488094 0.052107 0.001018
430.500000 2710 52.057660 0.051256 0.001010
431.500000 2649 51.468437 0.050102 0.000998
432.500000 2684 51.807335 0.050764 0.001004
433.500000 2643 51.410116 0.049989 0.000996
434.500000 2620 51.185936 0.049554 0.000992
435.500000 2465 49.648766 0.046622 0.000961
436.500000 2392 48.908077 0.045241 0.000946
437.500000 2531 50.309045 0.047870 0.000974
438.500000 2370 48.682646 0.044825 0.000941
439.500000 2381 48.795492 0.045033 0.000943
440.500000 2409 49.081565 0.045563 0.000949
441.500000 2320 48.166378 0.043880 0.000931
442.500000 2303 47.989582 0.043558 0.000927
443.500000 2239 47.318073 0.042348 0.000914
444.500000 2282 47.770284 0.043161 0.000923
445.500000 2231 47.233463 0.042196 0.000912
446.500000 2165 46.529560 0.040948 0.000898
447.500000 2095 45.771170 0.039624 0.000883
448.500000 2122 46.065171 0.040135 0.000889
449.500000 2074 45.541190 0.039227 0.000878
450.500000 2014 44.877611 0.038092 0.000865
451.500000 2039 45.155288 0.038565 0.000870
452.500000 1963 44.305756 0.037127 0.000853
453.500000 1948 44.136153 0.036844 0.000850
454.500000 1976 44.452222 0.037373 0.000856
455.500000 1896 43.543082 0.035860 0.000838
456.500000 1863 43.162484 0.035236 0.000831
457.500000 1942 44.068129 0.036730 0.000849
458.500000 1906 43.657760 0.036049 0.000840
459.500000 1839 42.883563 0.034782 0.000825
460.500000 1700 41.231056 0.032153 0.000792
461.500000 1822 42.684892 0.034461 0.000821
462.500000 1779 42.178193 0.033647 0.000811
463.500000 1761 41.964271 0.033307 0.000807
464.500000 1689 41.097445 0.031945 0.000790
465.500000 1614 40.174619 0.030527 0.000771
466.500000 1547 39.331921 0.029259 0.000755
467.500000 1597 39.962482 0.030205 0.000767
468.500000 1617 40.211939 0.030583 0.000772
469.500000 1528 39.089641 0.028900 0.000750
470.500000 1594 39.924930 0.030148 0.000766
471.500000 1561 39.509493 0.029524 0.000758
472.500000 1461 38.223030 0.027633 0.000733
473.500000 1461 38.223030 0.027633 0.000733
474.500000 1434 37.868192 0.027122 0.000726
475.500000 1375 37.080992 0.026006 0.000710
476.500000 1376 37.094474 0.026025 0.000711
477.500000 1428 37.788887 0.027009 0.000724
478.500000 1317 36.290495 0.024909 0.000695
479.500000 1301 36.069378 0.024607 0.000691
480.500000 1343 36.646964 0.025401 0.000702
481.500000 1277 35.735137 0.024153 0.000684
482.500000 1297 36.013886 0.024531 0.000689
483.500000 1301 36.069378 0.024607 0.000691
484.500000 1244 35.270384 0.023529 0.000675
485.500000 1231 35.085610 0.023283 0.000671
486.500000 1205 34.713110 0.022791 0.000664
487.500000 1213 34.828150 0.022942 0.000666
488.500000 1201 34.655447 0.022715 0.000663
489.500000 1142 33.793490 0.021599 0.000646
490.500000 1146 33.852622 0.021675 0.000647
491.500000 1106 33.256578 0.020918 0.000636
492.500000 1136 33.704599 0.021486 0.000644
493.500000 1183 34.394767 0.022375 0.000658
494.500000 1081 32.878564 0.020446 0.000628
495.500000 1109 33.301652 0.020975 0.000636
496.500000 1103 33.211444 0.020862 0.000635
497.500000 1050 32.403703 0.019859 0.000619
498.500000 1081 32.878564 0.020446 0.000628
499.500000 1046 32.341923 0.019784 0.000618
500.500000 1063 32.603681 0.020105 0.000623
501.500000 1013 31.827661 0.019159 0.000608
502.500000 1016 31.874755 0.019216 0.000609
503.500000 1053 32.449961 0.019916 0.000620
504.500000 1016 31.874755 0.019216 0.000609
505.500000 928 30.463092 0.017552 0.000581
506.500000 978 31.272992 0.018498 0.000597
507.500000 956 30.919250 0.018081 0.000590
508.500000 999 31.606961 0.018895 0.000603
509.500000 968 31.112698 0.018308 0.000594
510.500000 967 31.096624 0.018289 0.000594
511.500000 938 30.626786 0.017741 0.000584
512.500000 905 30.083218 0.017117 0.000574
513.500000 953 30.870698 0.018025 0.000589
514.500000 893 29.883106 0.016890 0.000570
515.500000 981 31.320920 0.018554 0.000598
516.500000 916 30.265492 0.017325 0.000577
517.500000 921 30.347982 0.017419 0.000579
518.500000 925 30.413813 0.017495 0.000580
519.500000 832 28.844410 0.015736 0.000550
520.500000 824 28.705400 0.015585 0.000547
521.500000 873 29.546573 0.016512 0.000563
522.500000 880 29.664794 0.016644 0.000566
523.500000 761 27.586228 0.014393 0.000525
524.500000 828 28.774989 0.015660 0.000548
525.500000 845 29.068884 0.015982 0.000554
526.500000 848 29.120440 0.016039 0.000555
527.500000 787 28.053520 0.014885 0.000535
528.500000 808 28.425341 0.015282 0.000542
529.500000 776 27.856777 0.014677 0.000531
530.500000 780 27.928480 0.014753 0.000532
531.500000 794 28.178006 0.015017 0.000537
532.500000 729 27.000000 0.013788 0.000514
533.500000 803 28.337255 0.015188 0.000540
534.500000 747 27.331301 0.014128 0.000521
535.500000 747 27.331301 0.014128 0.000521
536.500000 750 27.386128 0.014185 0.000522
537.500000 754 27.459060 0.014261 0.000523
538.500000 751 27.404379 0.014204 0.000522
539.500000 727 26.962938 0.013750 0.000513
540.500000 820 28.635642 0.015509 0.000546
541.500000 739 27.184554 0.013977 0.000518
542.500000 718 26.795522 0.013580 0.000510
543.500000 715 26.739484 0.013523 0.000509
544.500000 708 26.608269 0.013391 0.000507
545.500000 666 25.806976 0.012596 0.000491
546.500000 703 26.514147 0.013296 0.000505
547.500000 680 26.076810 0.012861 0.000496
548.500000 713 26.702060 0.013485 0.000508
549.500000 673 25.942244 0.012729 0.000494
550.500000 659 25.670995 0.012464 0.000489
551.500000 664 25.768197 0.012559 0.000490
552.500000 633 25.159491 0.011972 0.000479
553.500000 660 25.690465 0.012483 0.000489
554.500000 655 25.592968 0.012388 0.000487
555.500000 620 24.899799 0.011726 0.000474
556.500000 699 26.438608 0.013221 0.000503
557.500000 619 24.879711 0.011708 0.000473
558.500000 624 24.979992 0.011802 0.000475
559.500000 633 25.159491 0.011972 0.000479
560.500000 641 25.317978 0.012124 0.000482
561.500000 638 25.258662 0.012067 0.000481
562.500000 608 24.657656 0.011499 0.000469
563.500000 544 23.323808 0.010289 0.000443
564.500000 643 25.357445 0.012161 0.000483
565.500000 602 24.535688 0.011386 0.000467
566.500000 638 25.258662 0.012067 0.000481
567.500000 647 25.436195 0.012237 0.000484
568.500000 576 24.000000 0.010894 0.000456
569.500000 645 25.396850 0.012199 0.000483
570.500000 643 25.357445 0.012161 0.000483
571.500000 606 24.617067 0.011462 0.000468
572.500000 633 25.159491 0.011972 0.000479
573.500000 633 25.159491 0.011972 0.000479
574.500000 596 24.413111 0.011273 0.000464
575.500000 603 24.556058 0.011405 0.000467
576.500000 531 23.043437 0.010043 0.000438
577.500000 567 23.811762 0.010724 0.000453
578.500000 603 24.556058 0.011405 0.000467
579.500000 522 22.847319 0.009873 0.000434
580.500000 604 24.576411 0.011424 0.000467
581.500000 608 24.657656 0.011499 0.000469
582.500000 564 23.748684 0.010667 0.000452
583.500000 608 24.657656 0.011499 0.000469
584.500000 565 23.769729 0.010686 0.000452
585.500000 525 22.912878 0.009930 0.000436
586.500000 559 23.643181 0.010573 0.000450
587.500000 580 24.083189 0.010970 0.000458
588.500000 542 23.280893 0.010251 0.000443
589.500000 574 23.958297 0.010856 0.000456
590.500000 556 23.579652 0.010516 0.000448
591.500000 516 22.715633 0.009759 0.000432
592.500000 534 23.108440 0.010100 0.000439
593.500000 552 23.494680 0.010440 0.000447
594.500000 570 23.874673 0.010781 0.000454
595.500000 587 24.228083 0.011102 0.000461
596.500000 605 24.596748 0.011443 0.000468
597.500000 551 23.473389 0.010421 0.000446
598.500000 521 22.825424 0.009854 0.000434
599.500000 580 24.083189 0.010970 0.000458
600.500000 551 23.473389 0.010421 0.000446
601.500000 472 21.725561 0.008927 0.000413
602.500000 531 23.043437 0.010043 0.000438
603.500000 548 23.409400 0.010365 0.000445
604.500000 578 24.041631 0.010932 0.000457
605.500000 522 22.847319 0.009873 0.000434
606.500000 532 23.065125 0.010062 0.000438
607.500000 518 22.759613 0.009797 0.000433
608.500000 519 22.781571 0.009816 0.000433
609.500000 558 23.622024 0.010554 0.000449
610.500000 510 22.583180 0.009646 0.000429
611.500000 506 22.494444 0.009570 0.000427
612.500000 524 22.891046 0.009911 0.000435
613.500000 535 23.130067 0.010119 0.000440
614.500000 560 23.664319 0.010592 0.000450
615.500000 499 22.338308 0.009438 0.000424
616.500000 464 21.540659 0.008776 0.000409
617.500000 492 22.181073 0.009305 0.000421
618.500000 530 23.021729 0.010024 0.000438
619.500000 560 23.664319 0.010592 0.000450
620.500000 509 22.561028 0.009627 0.000429
621.500000 538 23.194827 0.010176 0.000441
622.500000 490 22.135944 0.009268 0.000421
623.500000 525 22.912878 0.009930 0.000436
624.500000 499 22.338308 0.009438 0.000424
625.500000 486 22.045408 0.009192 0.000419
626.500000 476 21.817424 0.009003 0.000414
627.500000 532 23.065125 0.010062 0.000438
628.500000 448 21.166010 0.008473 0.000402
629.500000 507 22.516660 0.009589 0.000428
630.500000 490 22.135944 0.009268 0.000421
631.500000 479 21.886069 0.009060 0.000416
632.500000 501 22.383029 0.009476 0.000425
633.500000 489 22.113344 0.009249 0.000420
634.500000 484 22.000000 0.009154 0.000418
635.500000 448 21.166010 0.008473 0.000402
636.500000 436 20.880613 0.008246 0.000397
637.500000 519 22.781571 0.009816 0.000433
638.500000 507 22.516660 0.009589 0.000428
639.500000 508 22.538855 0.009608 0.000428
640.500000 465 21.563859 0.008795 0.000410
641.500000 479 21.886069 0.009060 0.000416
642.500000 476 21.817424 0.009003 0.000414
643.500000 444 21.071308 0.008398 0.000400
644.500000 456 21.354157 0.008625 0.000406
645.500000 451 21.236761 0.008530 0.000403
646.500000 502 22.405357 0.009495 0.000426
647.500000 451 21.236761 0.008530 0.000403
648.500000 482 21.954498 0.009116 0.000417
649.500000 478 21.863211 0.009041 0.000415
650.500000 460 21.447611 0.008700 0.000407
651.500000 478 21.863211 0.009041 0.000415
652.500000 469 21.656408 0.008870 0.000411
653.500000 435 20.856654 0.008227 0.000396
654.500000 434 20.832667 0.008209 0.000396
655.500000 384 19.595918 0.007263 0.000372
656.500000 412 20.297783 0.007792 0.000385
657.500000 467 21.610183 0.008833 0.000411
658.500000 446 21.118712 0.008435 0.000401
659.500000 452 21.260292 0.008549 0.000404
660.500000 433 20.808652 0.008190 0.000395
661.500000 389 19.723083 0.007357 0.000374
662.500000 464 21.540659 0.008776 0.000409
663.500000 448 21.166010 0.008473 0.000402
664.500000 397 19.924859 0.007509 0.000378
665.500000 416 20.396078 0.007868 0.000387
666.500000 441 21.000000 0.008341 0.000399
667.500000 428 20.688161 0.008095 0.000393
668.500000 430 20.736441 0.008133 0.000394
669.500000 387 19.672316 0.007320 0.000373
670.500000 393 19.824228 0.007433 0.000376
671.500000 401 20.024984 0.007584 0.000380
672.500000 412 20.297783 0.007792 0.000385
673.500000 424 20.591260 0.008019 0.000391
674.500000 431 20.760539 0.008152 0.000394
675.500000 383 19.570386 0.007244 0.000371
676.500000 376 19.390719 0.007112 0.000368
677.500000 415 20.371549 0.007849 0.000387
678.500000 387 19.672316 0.007320 0.000373
679.500000 424 20.591260 0.008019 0.000391
680.500000 422 20.542639 0.007982 0.000390
681.500000 430 20.736441 0.008133 0.000394
682.500000 414 20.346990 0.007830 0.000386
683.500000 374 19.339080 0.007074 0.000367
684.500000 415 20.371549 0.007849 0.000387
685.500000 394 19.849433 0.007452 0.000377
686.500000 383 19.570386 0.007244 0.000371
687.500000 373 19.313208 0.007055 0.000367
688.500000 391 19.773720 0.007395 0.000375
689.500000 395 19.874607 0.007471 0.000377
690.500000 372 19.287302 0.007036 0.000366
691.500000 403 20.074860 0.007622 0.000381
692.500000 404 20.099751 0.007641 0.000382
693.500000 409 20.223748 0.007736 0.000384
694.500000 368 19.183326 0.006960 0.000364
695.500000 364 19.078784 0.006885 0.000362
696.500000 389 19.723083 0.007357 0.000374
697.500000 361 19.000000 0.006828 0.000361
698.500000 354 18.814888 0.006695 0.000357
699.500000 385 19.621417 0.007282 0.000372
700.500000 356 18.867962 0.006733 0.000358
701.500000 377 19.416488 0.007130 0.000369
702.500000 367 19.157244 0.006941 0.000364
703.500000 353 18.788294 0.006677 0.000357
704.500000 353 18.788294 0.006677 0.000357
705.500000 326 18.055470 0.006166 0.000343
706.500000 354 18.814888 0.006695 0.000357
707.500000 339 18.411953 0.006412 0.000349
708.500000 358 18.920888 0.006771 0.000359
709.500000 353 18.788294 0.006677 0.000357
710.500000 346 18.601075 0.006544 0.000353
711.500000 342 18.493242 0.006468 0.000351
712.500000 346 18.601075 0.006544 0.000353
713.500000 355 18.841444 0.006714 0.000358
714.500000 301 17.349352 0.005693 0.000329
715.500000 334 18.275667 0.006317 0.000347
716.500000 326 18.055470 0.006166 0.000343
717.500000 352 18.761663 0.006658 0.000356
718.500000 349 18.681542 0.006601 0.000354
719.500000 339 18.411953 0.006412 0.000349
720.500000 319 17.860571 0.006033 0.000339
721.500000 373 19.313208 0.007055 0.000367
722.500000 323 17.972201 0.006109 0.000341
723.500000 305 17.464249 0.005769 0.000331
724.500000 307 17.521415 0.005806 0.000332
725.500000 311 17.635192 0.005882 0.000335
726.500000 321 17.916473 0.006071 0.000340
727.500000 333 18.248288 0.006298 0.000346
728.500000 327 18.083141 0.006185 0.000343
729.500000 298 17.262677 0.005636 0.000327
730.500000 308 17.549929 0.005825 0.000333
731.500000 301 17.349352 0.005693 0.000329
732.500000 340 18.439089 0.006431 0.000350
733.500000 337 18.357560 0.006374 0.000348
734.500000 299 17.291616 0.005655 0.000328
735.500000 282 16.792856 0.005334 0.000318
736.500000 289 17.000000 0.005466 0.000322
737.500000 276 16.613248 0.005220 0.000315
738.500000 264 16.248077 0.004993 0.000308
739.500000 318 17.832555 0.006015 0.000338
740.500000 289 17.000000 0.005466 0.000322
741.500000 324 18.000000 0.006128 0.000341
742.500000 315 17.748239 0.005958 0.000337
743.500000 281 16.763055 0.005315 0.000318
744.500000 298 17.262677 0.005636 0.000327
745.500000 320 17.888544 0.006052 0.000339
746.500000 278 16.673332 0.005258 0.000316
747.500000 280 16.733201 0.005296 0.000317
748.500000 278 16.673332 0.005258 0.000316
749.500000 295 17.175564 0.005580 0.000326
750.500000 273 16.522712 0.005163 0.000313
751.500000 309 17.578396 0.005844 0.000333
752.500000 296 17.204651 0.005598 0.000326
753.500000 275 16.583124 0.005201 0.000314
754.500000 302 17.378147 0.005712 0.000330
755.500000 282 16.792856 0.005334 0.000318
756.500000 279 16.703293 0.005277 0.000317
757.500000 291 17.058722 0.005504 0.000324
758.500000 263 16.217275 0.004974 0.000307
759.500000 263 16.217275 0.004974 0.000307
760.500000 272 16.492423 0.005144 0.000313
761.500000 261 16.155494 0.004936 0.000306
762.500000 283 16.822604 0.005353 0.000319
763.500000 243 15.588457 0.004596 0.000296
764.500000 269 16.401219 0.005088 0.000311
765.500000 237 15.394804 0.004483 0.000292
766.500000 289 17.000000 0.005466 0.000322
767.500000 279 16.703293 0.005277 0.000317
768.500000 277 16.643317 0.005239 0.000316
769.500000 264 16.248077 0.004993 0.000308
770.500000 296 17.204651 0.005598 0.000326
771.500000 247 15.716234 0.004672 0.000298
772.500000 265 16.278821 0.005012 0.000309
773.500000 286 16.911535 0.005409 0.000321
774.500000 267 16.340135 0.005050 0.000310
775.500000 282 16.792856 0.005334 0.000318
776.500000 249 15.779734 0.004709 0.000299
777.500000 280 16.733201 0.005296 0.000317
778.500000 277 16.643317 0.005239 0.000316
779.500000 255 15.968719 0.004823 0.000303
780.500000 252 15.874508 0.004766 0.000301
781.500000 274 16.552945 0.005182 0.000314
782.500000 246 15.684387 0.004653 0.000297
783.500000 254 15.937377 0.004804 0.000302
784.500000 211 14.525839 0.003991 0.000275
785.500000 253 15.905974 0.004785 0.000302
786.500000 245 15.652476 0.004634 0.000297
787.500000 255 15.968719 0.004823 0.000303
788.500000 249 15.779734 0.004709 0.000299
789.500000 234 15.297059 0.004426 0.000290
790.500000 247 15.716234 0.004672 0.000298
791.500000 246 15.684387 0.004653 0.000297
792.500000 245 15.652476 0.004634 0.000297
793.500000 236 15.362291 0.004464 0.000291
794.500000 232 15.231546 0.004388 0.000289
795.500000 241 15.524175 0.004558 0.000294
796.500000 261 16.155494 0.004936 0.000306
797.500000 260 16.124515 0.004918 0.000306
798.500000 262 16.186414 0.004955 0.000307
799.500000 280 16.733201 0.005296 0.000317
800.500000 224 14.966630 0.004237 0.000284
801.500000 254 15.937377 0.004804 0.000302
802.500000 249 15.779734 0.004709 0.000299
803.500000 240 15.491933 0.004539 0.000294
804.500000 229 15.132746 0.004331 0.000287
805.500000 245 15.652476 0.004634 0.000297
806.500000 235 15.329710 0.004445 0.000291
807.500000 269 16.401219 0.005088 0.000311
808.500000 249 15.779734 0.004709 0.000299
809.500000 226 15.033296 0.004274 0.000285
810.500000 263 16.217275 0.004974 0.000307
811.500000 266 16.309506 0.005031 0.000309
812.500000 247 15.716234 0.004672 0.000298
813.500000 228 15.099669 0.004312 0.000286
814.500000 257 16.031220 0.004861 0.000304
815.500000 222 14.899664 0.004199 0.000282
816.500000 224 14.966630 0.004237 0.000284
817.500000 233 15.264338 0.004407 0.000289
818.500000 236 15.362291 0.004464 0.000291
819.500000 252 15.874508 0.004766 0.000301
820.500000 218 14.764823 0.004123 0.000280
821.500000 239 15.459625 0.004520 0.000293
822.500000 215 14.662878 0.004066 0.000278
823.500000 235 15.329710 0.004445 0.000291
824.500000 228 15.099669 0.004312 0.000286
825.500000 241 15.524175 0.004558 0.000294
826.500000 244 15.620499 0.004615 0.000296
827.500000 234 15.297059 0.004426 0.000290
828.500000 212 14.560220 0.004010 0.000276
829.500000 205 14.317821 0.003877 0.000271
830.500000 249 15.779734 0.004709 0.000299
831.500000 209 14.456832 0.003953 0.000274
832.500000 226 15.033296 0.004274 0.000285
833.500000 231 15.198684 0.004369 0.000288
834.500000 212 14.560220 0.004010 0.000276
835.500000 256 16.000000 0.004842 0.000303
836.500000 197 14.035669 0.003726 0.000266
837.500000 230 15.165751 0.004350 0.000287
838.500000 211 14.525839 0.003991 0.000275
839.500000 216 14.696938 0.004085 0.000279
840.500000 204 14.282857 0.003858 0.000271
841.500000 227 15.066519 0.004293 0.000286
842.500000 202 14.212670 0.003821 0.000269
843.500000 216 14.696938 0.004085 0.000279
844.500000 190 13.784049 0.003594 0.000261
845.500000 189 13.747727 0.003575 0.000260
846.500000 209 14.456832 0.003953 0.000274
847.500000 172 13.114877 0.003253 0.000248
848.500000 196 14.000000 0.003707 0.000265
849.500000 202 14.212670 0.003821 0.000269
850.500000 203 14.247807 0.003839 0.000270
851.500000 207 14.387495 0.003915 0.000273
852.500000 178 13.341664 0.003367 0.000253
853.500000 161 12.688578 0.003045 0.000240
854.500000 206 14.352700 0.003896 0.000272
855.500000 197 14.035669 0.003726 0.000266
856.500000 182 13.490738 0.003442 0.000256
857.500000 174 13.190906 0.003291 0.000250
858.500000 185 13.601471 0.003499 0.000258
859.500000 205 14.317821 0.003877 0.000271
860.500000 157 12.529964 0.002969 0.000237
861.500000 164 12.806248 0.003102 0.000243
862.500000 174 13.190906 0.003291 0.000250
863.500000 175 13.228757 0.003310 0.000251
864.500000 158 12.569805 0.002988 0.000238
865.500000 164 12.806248 0.003102 0.000243
866.500000 169 13.000000 0.003196 0.000246
867.500000 161 12.688578 0.003045 0.000240
868.500000 162 12.727922 0.003064 0.000241
869.500000 159 12.609520 0.003007 0.000239
870.500000 178 13.341664 0.003367 0.000253
871.500000 155 12.449900 0.002932 0.000236
872.500000 158 12.569805 0.002988 0.000238
873.500000 163 12.767145 0.003083 0.000242
874.500000 145 12.041595 0.002742 0.000228
875.500000 144 12.000000 0.002724 0.000227
876.500000 144 12.000000 0.002724 0.000227
877.500000 148 12.165525 0.002799 0.000230
878.500000 144 12.000000 0.002724 0.000227
879.500000 133 11.532563 0.002516 0.000218
880.500000 148 12.165525 0.002799 0.000230
881.500000 142 11.916375 0.002686 0.000226
882.500000 128 11.313708 0.002421 0.000214
883.500000 122 11.045361 0.002307 0.000209
884.500000 123 11.090537 0.002326 0.000210
885.500000 148 12.165525 0.002799 0.000230
886.500000 148 12.165525 0.002799 0.000230
887.500000 123 11.090537 0.002326 0.000210
888.500000 109 10.440307 0.002062 0.000198
889.500000 131 11.445523 0.002478 0.000217
890.500000 135 11.618950 0.002553 0.000220
891.500000 130 11.401754 0.002459 0.000216
892.500000 107 10.344080 0.002024 0.000196
893.500000 126 11.224972 0.002383 0.000213
894.500000 126 11.224972 0.002383 0.000213
895.500000 116 10.770330 0.002194 0.000204
896.500000 108 10.392305 0.002043 0.000197
897.500000 111 10.535654 0.002099 0.000199
898.500000 110 10.488088 0.002080 0.000199
899.500000 109 10.440307 0.002062 0.000198
900.500000 109 10.440307 0.002062 0.000198
901.500000 123 11.090537 0.002326 0.000210
902.500000 97 9.848858 0.001835 0.000186
903.500000 123 11.090537 0.002326 0.000210
904.500000 113 10.630146 0.002137 0.000201
905.500000 93 9.643651 0.001759 0.000183
906.500000 93 9.643651 0.001759 0.000183
907.500000 86 9.273618 0.001627 0.000176
908.500000 97 9.848858 0.001835 0.000186
909.500000 95 9.746794 0.001797 0.000185
910.500000 100 10.000000 0.001891 0.000189
911.500000 95 9.746794 0.001797 0.000185
912.500000 73 8.544004 0.001381 0.000162
913.500000 108 10.392305 0.002043 0.000197
914.500000 84 9.165151 0.001589 0.000173
915.500000 111 10.535654 0.002099 0.000199
916.500000 114 10.677078 0.002156 0.000202
917.500000 100 10.000000 0.001891 0.000189
918.500000 68 8.246211 0.001286 0.000156
919.500000 80 8.944272 0.001513 0.000169
920.500000 87 9.327379 0.001645 0.000177
921.500000 107 10.344080 0.002024 0.000196
922.500000 62 7.874008 0.001173 0.000149
923.500000 87 9.327379 0.001645 0.000177
924.500000 73 8.544004 0.001381 0.000162
925.500000 87 9.327379 0.001645 0.000177
926.500000 77 8.774964 0.001456 0.000166
927.500000 73 8.544004 0.001381 0.000162
928.500000 75 8.660254 0.001419 0.000164
929.500000 84 9.165151 0.001589 0.000173
930.500000 67 8.185353 0.001267 0.000155
931.500000 88 9.380832 0.001664 0.000178
932.500000 66 8.124038 0.001248 0.000154
933.500000 78 8.831761 0.001475 0.000167
934.500000 86 9.273618 0.001627 0.000176
935.500000 60 7.745967 0.001135 0.000147
936.500000 65 8.062258 0.001229 0.000153
937.500000 66 8.124038 0.001248 0.000154
938.500000 73 8.544004 0.001381 0.000162
939.500000 72 8.485281 0.001362 0.000161
940.500000 65 8.062258 0.001229 0.000153
941.500000 56 7.483315 0.001059 0.000142
942.500000 67 8.185353 0.001267 0.000155
943.500000 60 7.745967 0.001135 0.000147
944.500000 60 7.745967 0.001135 0.000147
945.500000 65 8.062258 0.001229 0.000153
946.500000 59 7.681146 0.001116 0.000145
947.500000 60 7.745967 0.001135 0.000147
948.500000 73 8.544004 0.001381 0.000162
949.500000 54 7.348469 0.001021 0.000139
950.500000 66 8.124038 0.001248 0.000154
951.500000 62 7.874008 0.001173 0.000149
952.500000 53 7.280110 0.001002 0.000138
953.500000 66 8.124038 0.001248 0.000154
954.500000 61 7.810250 0.001154 0.000148
955.500000 58 7.615773 0.001097 0.000144
956.500000 45 6.708204 0.000851 0.000127
957.500000 50 7.071068 0.000946 0.000134
958.500000 45 6.708204 0.000851 0.000127
959.500000 43 6.557439 0.000813 0.000124
960.500000 60 7.745967 0.001135 0.000147
961.500000 46 6.782330 0.000870 0.000128
962.500000 43 6.557439 0.000813 0.000124
963.500000 47 6.855655 0.000889 0.000130
964.500000 47 6.855655 0.000889 0.000130
965.500000 52 7.211103 0.000984 0.000136
966.500000 50 7.071068 0.000946 0.000134
967.500000 47 6.855655 0.000889 0.000130
968.500000 61 7.810250 0.001154 0.000148
969.500000 40 6.324555 0.000757 0.000120
970.500000 53 7.280110 0.001002 0.000138
971.500000 41 6.403124 0.000775 0.000121
972.500000 51 7.141428 0.000965 0.000135
973.500000 35 5.916080 0.000662 0.000112
974.500000 35 5.916080 0.000662 0.000112
975.500000 36 6.000000 0.000681 0.000114
976.500000 46 6.782330 0.000870 0.000128
977.500000 40 6.324555 0.000757 0.000120
978.500000 31 5.567764 0.000586 0.000105
979.500000 33 5.744563 0.000624 0.000109
980.500000 43 6.557439 0.000813 0.000124
981.500000 35 5.916080 0.000662 0.000112
982.500000 37 6.082763 0.000700 0.000115
983.500000 31 5.567764 0.000586 0.000105
984.500000 36 6.000000 0.000681 0.000114
985.500000 40 6.324555 0.000757 0.000120
986.500000 29 5.385165 0.000548 0.000102
987.500000 38 6.164414 0.000719 0.000117
988.500000 47 6.855655 0.000889 0.000130
989.500000 26 5.099020 0.000492 0.000096
990.500000 49 7.000000 0.000927 0.000132
991.500000 28 5.291503 0.000530 0.000100
992.500000 30 5.477226 0.000567 0.000104
993.500000 28 5.291503 0.000530 0.000100
994.500000 24 4.898979 0.000454 0.000093
995.500000 38 6.164414 0.000719 0.000117
996.500000 32 5.656854 0.000605 0.000107
997.500000 21 4.582576 0.000397 0.000087
998.500000 38 6.164414 0.000719 0.000117
999.500000 33 5.744563 0.000624 0.000109
1000.500000 33 5.744563 0.000624 0.000109
1001.500000 39 6.244998 0.000738 0.000118
1002.500000 40 6.324555 0.000757 0.000120
1003.500000 28 5.291503 0.000530 0.000100
1004.500000 28 5.291503 0.000530 0.000100
1005.500000 25 5.000000 0.000473 0.000095
1006.500000 35 5.916080 0.000662 0.000112
1007.500000 25 5.000000 0.000473 0.000095
1008.500000 27 5.196152 0.000511 0.000098
1009.500000 38 6.164414 0.000719 0.000117
1010.500000 28 5.291503 0.000530 0.000100
1011.500000 25 5.000000 0.000473 0.000095
1012.500000 23 4.795832 0.000435 0.000091
1013.500000 30 5.477226 0.000567 0.000104
1014.500000 27 5.196152 0.000511 0.000098
1015.500000 22 4.690416 0.000416 0.000089
1016.500000 18 4.242641 0.000340 0.000080
1017.500000 20 4.472136 0.000378 0.000085
1018.500000 32 5.656854 0.000605 0.000107
1019.500000 27 5.196152 0.000511 0.000098
1020.500000 33 5.744563 0.000624 0.000109
1021.500000 20 4.472136 0.000378 0.000085
1022.500000 28 5.291503 0.000530 0.000100
1023.500000 21 4.582576 0.000397 0.000087
