# name, dx, fmax, fmax_err, norm_value, norm_vale_err
# 54Mn 1 5514 74.2563128629479 52872 229.9391223780764
# bin_center, freq, freq_err, norm_freq, norm_freq_err
0.500000 0 0.000000 0.000000 0.000000
1.500000 0 0.000000 0.000000 0.000000
2.500000 0 0.000000 0.000000 0.000000
3.500000 0 0.000000 0.000000 0.000000
4.500000 0 0.000000 0.000000 0.000000
5.500000 0 0.000000 0.000000 0.000000
6.500000 0 0.000000 0.000000 0.000000
7.500000 0 0.000000 0.000000 0.000000
8.500000 0 0.000000 0.000000 0.000000
9.500000 7 2.645751 0.000132 0.000050
10.500000 20 4.472136 0.000378 0.000085
11.500000 31 5.567764 0.000586 0.000105
12.500000 87 9.327379 0.001645 0.000177
13.500000 530 23.021729 0.010024 0.000438
14.500000 1381 37.161808 0.026120 0.000712
15.500000 2338 48.352870 0.044220 0.000935
16.500000 3228 56.815491 0.061053 0.001107
17.500000 3655 60.456596 0.069129 0.001182
18.500000 3768 61.384037 0.071266 0.001202
19.500000 3805 61.684682 0.071966 0.001208
20.500000 3878 62.273590 0.073347 0.001220
21.500000 3922 62.625873 0.074179 0.001228
22.500000 3961 62.936476 0.074917 0.001234
23.500000 3979 63.079315 0.075257 0.001237
24.500000 3886 62.337790 0.073498 0.001222
25.500000 3988 63.150614 0.075427 0.001239
26.500000 4050 63.639610 0.076600 0.001249
27.500000 4103 64.054664 0.077603 0.001258
28.500000 4092 63.968742 0.077394 0.001256
29.500000 3971 63.015871 0.075106 0.001236
30.500000 4091 63.960926 0.077376 0.001256
31.500000 4179 64.645185 0.079040 0.001270
32.500000 4156 64.467046 0.078605 0.001266
33.500000 4235 65.076878 0.080099 0.001279
34.500000 4301 65.582010 0.081347 0.001290
35.500000 4286 65.467549 0.081064 0.001287
36.500000 4222 64.976919 0.079853 0.001277
37.500000 4476 66.902915 0.084657 0.001318
38.500000 4472 66.873014 0.084582 0.001317
39.500000 4491 67.014924 0.084941 0.001320
40.500000 4513 67.178866 0.085357 0.001324
41.500000 4567 67.579583 0.086378 0.001332
42.500000 4582 67.690472 0.086662 0.001335
43.500000 4701 68.563839 0.088913 0.001353
44.500000 4750 68.920244 0.089840 0.001361
45.500000 4863 69.735213 0.091977 0.001378
46.500000 4941 70.292247 0.093452 0.001390
47.500000 5038 70.978870 0.095287 0.001405
48.500000 5024 70.880181 0.095022 0.001403
49.500000 5175 71.937473 0.097878 0.001426
50.500000 5233 72.339477 0.098975 0.001434
51.500000 5272 72.608539 0.099713 0.001440
52.500000 5502 74.175468 0.104063 0.001474
53.500000 5380 73.348483 0.101755 0.001456
54.500000 5379 73.341666 0.101736 0.001456
55.500000 5398 73.471083 0.102096 0.001459
56.500000 5470 73.959448 0.103457 0.001469
57.500000 5394 73.443856 0.102020 0.001458
58.500000 5493 74.114776 0.103892 0.001473
59.500000 5514 74.256313 0.104290 0.001476
60.500000 5376 73.321211 0.101680 0.001456
61.500000 5364 73.239334 0.101453 0.001454
62.500000 5402 73.498299 0.102171 0.001459
63.500000 5355 73.177866 0.101282 0.001452
64.500000 5278 72.649845 0.099826 0.001441
65.500000 5202 72.124892 0.098389 0.001430
66.500000 5122 71.568149 0.096875 0.001418
67.500000 5180 71.972217 0.097972 0.001426
68.500000 5090 71.344236 0.096270 0.001413
69.500000 4930 70.213959 0.093244 0.001389
70.500000 5041 71.000000 0.095343 0.001405
71.500000 4971 70.505319 0.094020 0.001395
72.500000 4785 69.173694 0.090502 0.001366
73.500000 4690 68.483575 0.088705 0.001351
74.500000 4722 68.716810 0.089310 0.001356
75.500000 4717 68.680419 0.089215 0.001356
76.500000 4608 67.882251 0.087154 0.001339
77.500000 4510 67.156534 0.085300 0.001323
78.500000 4538 67.364679 0.085830 0.001328
79.500000 4442 66.648331 0.084014 0.001312
80.500000 4291 65.505725 0.081158 0.001288
81.500000 4344 65.909028 0.082161 0.001297
82.500000 4343 65.901442 0.082142 0.001297
83.500000 4311 65.658206 0.081537 0.001291
84.500000 4243 65.138314 0.080250 0.001280
85.500000 4014 63.356136 0.075919 0.001243
86.500000 4121 64.195015 0.077943 0.001261
87.500000 4039 63.553127 0.076392 0.001247
88.500000 4153 64.443774 0.078548 0.001266
89.500000 4004 63.277168 0.075730 0.001241
90.500000 3999 63.237647 0.075635 0.001240
91.500000 4058 63.702433 0.076751 0.001250
92.500000 3966 62.976186 0.075011 0.001235
93.500000 3892 62.385896 0.073612 0.001223
94.500000 3872 62.225397 0.073233 0.001219
95.500000 3847 62.024189 0.072761 0.001215
96.500000 3808 61.708994 0.072023 0.001208
97.500000 3713 60.934391 0.070226 0.001192
98.500000 3670 60.580525 0.069413 0.001185
99.500000 3688 60.728906 0.069753 0.001188
100.500000 3719 60.983604 0.070340 0.001193
101.500000 3657 60.473135 0.069167 0.001183
102.500000 3693 60.770058 0.069848 0.001189
103.500000 3623 60.191362 0.068524 0.001177
104.500000 3621 60.174746 0.068486 0.001176
105.500000 3706 60.876925 0.070094 0.001191
106.500000 3428 58.549125 0.064836 0.001143
107.500000 3570 59.749477 0.067522 0.001168
108.500000 3655 60.456596 0.069129 0.001182
109.500000 3590 59.916609 0.067900 0.001171
110.500000 3464 58.855756 0.065517 0.001149
111.500000 3416 58.446557 0.064609 0.001141
112.500000 3488 59.059292 0.065971 0.001153
113.500000 3503 59.186147 0.066254 0.001156
114.500000 3545 59.539903 0.067049 0.001163
115.500000 3443 58.677082 0.065120 0.001145
116.500000 3500 59.160798 0.066198 0.001155
117.500000 3383 58.163562 0.063985 0.001135
118.500000 3476 58.957612 0.065744 0.001151
119.500000 3404 58.343809 0.064382 0.001138
120.500000 3421 58.489315 0.064703 0.001141
121.500000 3340 57.792733 0.063171 0.001127
122.500000 3378 58.120564 0.063890 0.001134
123.500000 3419 58.472216 0.064666 0.001141
124.500000 3377 58.111961 0.063871 0.001134
125.500000 3418 58.463664 0.064647 0.001141
126.500000 3410 58.395205 0.064495 0.001140
127.500000 3417 58.455111 0.064628 0.001141
128.500000 3354 57.913729 0.063436 0.001130
129.500000 3296 57.410800 0.062339 0.001119
130.500000 3277 57.245087 0.061980 0.001116
131.500000 3354 57.913729 0.063436 0.001130
132.500000 3373 58.077534 0.063796 0.001133
133.500000 3349 57.870545 0.063342 0.001129
134.500000 3261 57.105166 0.061677 0.001113
135.500000 3187 56.453521 0.060278 0.001099
136.500000 3360 57.965507 0.063550 0.001131
137.500000 3312 57.549978 0.062642 0.001122
138.500000 3262 57.113921 0.061696 0.001113
139.500000 3215 56.700970 0.060807 0.001105
140.500000 3208 56.639209 0.060675 0.001103
141.500000 3300 57.445626 0.062415 0.001120
142.500000 3262 57.113921 0.061696 0.001113
143.500000 3209 56.648036 0.060694 0.001103
144.500000 3314 57.567352 0.062680 0.001122
145.500000 3170 56.302753 0.059956 0.001096
146.500000 3195 56.524331 0.060429 0.001101
147.500000 3120 55.856960 0.059010 0.001087
148.500000 3135 55.991071 0.059294 0.001090
149.500000 3249 57.000000 0.061450 0.001111
150.500000 3170 56.302753 0.059956 0.001096
151.500000 3215 56.700970 0.060807 0.001105
152.500000 3162 56.231664 0.059805 0.001095
153.500000 3271 57.192657 0.061866 0.001115
154.500000 3242 56.938563 0.061318 0.001109
155.500000 3259 57.087652 0.061639 0.001113
156.500000 3226 56.797887 0.061015 0.001107
157.500000 3175 56.347138 0.060051 0.001097
158.500000 3227 56.806690 0.061034 0.001107
159.500000 3305 57.489129 0.062509 0.001121
160.500000 3215 56.700970 0.060807 0.001105
161.500000 3260 57.096410 0.061658 0.001113
162.500000 3302 57.463032 0.062453 0.001120
163.500000 3247 56.982453 0.061412 0.001110
164.500000 3217 56.718604 0.060845 0.001105
165.500000 3201 56.577381 0.060542 0.001102
166.500000 3369 58.043087 0.063720 0.001132
167.500000 3282 57.288742 0.062074 0.001117
168.500000 3246 56.973678 0.061394 0.001110
169.500000 3299 57.436922 0.062396 0.001120
170.500000 3201 56.577381 0.060542 0.001102
171.500000 3317 57.593402 0.062736 0.001123
172.500000 3340 57.792733 0.063171 0.001127
173.500000 3234 56.868269 0.061167 0.001108
174.500000 3286 57.323643 0.062150 0.001117
175.500000 3175 56.347138 0.060051 0.001097
176.500000 3235 56.877060 0.061186 0.001108
177.500000 3227 56.806690 0.061034 0.001107
178.500000 3302 57.463032 0.062453 0.001120
179.500000 3287 57.332364 0.062169 0.001118
180.500000 3199 56.559703 0.060505 0.001102
181.500000 3197 56.542020 0.060467 0.001101
182.500000 3288 57.341085 0.062188 0.001118
183.500000 3125 55.901699 0.059105 0.001088
184.500000 3015 54.909016 0.057025 0.001068
185.500000 3110 55.767374 0.058821 0.001085
186.500000 3087 55.560778 0.058386 0.001081
187.500000 3060 55.317267 0.057876 0.001076
188.500000 3041 55.145263 0.057516 0.001073
189.500000 2884 53.702886 0.054547 0.001043
190.500000 2924 54.074023 0.055303 0.001051
191.500000 2931 54.138711 0.055436 0.001052
192.500000 2835 53.244718 0.053620 0.001034
193.500000 2842 53.310412 0.053752 0.001035
194.500000 2794 52.858301 0.052845 0.001026
195.500000 2637 51.351728 0.049875 0.000995
196.500000 2599 50.980388 0.049156 0.000988
197.500000 2649 51.468437 0.050102 0.000998
198.500000 2584 50.833060 0.048873 0.000985
199.500000 2523 50.229473 0.047719 0.000972
200.500000 2524 50.239427 0.047738 0.000973
201.500000 2378 48.764741 0.044977 0.000943
202.500000 2347 48.445846 0.044390 0.000936
203.500000 2291 47.864392 0.043331 0.000925
204.500000 2181 46.701178 0.041251 0.000901
205.500000 2177 46.658333 0.041175 0.000900
206.500000 2127 46.119410 0.040229 0.000890
207.500000 2076 45.563143 0.039265 0.000879
208.500000 2129 46.141088 0.040267 0.000890
209.500000 2051 45.287967 0.038792 0.000873
210.500000 1965 44.328321 0.037165 0.000854
211.500000 1999 44.710178 0.037808 0.000861
212.500000 1959 44.260592 0.037052 0.000852
213.500000 1935 43.988635 0.036598 0.000847
214.500000 1896 43.543082 0.035860 0.000838
215.500000 1910 43.703547 0.036125 0.000841
216.500000 1876 43.312816 0.035482 0.000834
217.500000 1812 42.567593 0.034271 0.000819
218.500000 1865 43.185646 0.035274 0.000831
219.500000 1865 43.185646 0.035274 0.000831
220.500000 1833 42.813549 0.034669 0.000824
221.500000 1821 42.673177 0.034442 0.000821
222.500000 1785 42.249260 0.033761 0.000812
223.500000 1834 42.825226 0.034688 0.000824
224.500000 1868 43.220366 0.035331 0.000832
225.500000 1845 42.953463 0.034896 0.000826
226.500000 1918 43.794977 0.036276 0.000843
227.500000 1860 43.127717 0.035179 0.000830
228.500000 2034 45.099889 0.038470 0.000869
229.500000 1934 43.977267 0.036579 0.000847
230.500000 1991 44.620623 0.037657 0.000860
231.500000 2148 46.346521 0.040626 0.000894
232.500000 2168 46.561787 0.041005 0.000899
233.500000 2100 45.825757 0.039719 0.000884
234.500000 2288 47.833043 0.043274 0.000924
235.500000 2290 47.853944 0.043312 0.000924
236.500000 2328 48.249352 0.044031 0.000932
237.500000 2444 49.436828 0.046225 0.000956
238.500000 2403 49.020404 0.045449 0.000948
239.500000 2502 50.019996 0.047322 0.000968
240.500000 2553 50.527220 0.048286 0.000978
241.500000 2720 52.153619 0.051445 0.001011
242.500000 2690 51.865210 0.050878 0.001006
243.500000 2755 52.488094 0.052107 0.001018
244.500000 2894 53.795911 0.054736 0.001045
245.500000 2861 53.488316 0.054112 0.001039
246.500000 2934 54.166410 0.055493 0.001053
247.500000 3026 55.009090 0.057233 0.001070
248.500000 3153 56.151581 0.059635 0.001093
249.500000 3176 56.356011 0.060070 0.001097
250.500000 3243 56.947344 0.061337 0.001110
251.500000 3117 55.830099 0.058954 0.001087
252.500000 3414 58.429445 0.064571 0.001140
253.500000 3138 56.017854 0.059351 0.001090
254.500000 3279 57.262553 0.062018 0.001116
255.500000 3086 55.551778 0.058367 0.001081
256.500000 3249 57.000000 0.061450 0.001111
257.500000 3293 57.384667 0.062282 0.001119
258.500000 3200 56.568542 0.060524 0.001102
259.500000 3237 56.894639 0.061223 0.001109
260.500000 3186 56.444663 0.060259 0.001099
261.500000 3130 55.946403 0.059200 0.001089
262.500000 3058 55.299186 0.057838 0.001076
263.500000 3027 55.018179 0.057251 0.001070
264.500000 3075 55.452683 0.058159 0.001079
265.500000 2955 54.359912 0.055890 0.001056
266.500000 2962 54.424259 0.056022 0.001058
267.500000 2828 53.178943 0.053488 0.001032
268.500000 2800 52.915026 0.052958 0.001027
269.500000 2655 51.526692 0.050216 0.000999
270.500000 2722 52.172790 0.051483 0.001012
271.500000 2565 50.645829 0.048513 0.000981
272.500000 2566 50.655701 0.048532 0.000981
273.500000 2478 49.779514 0.046868 0.000963
274.500000 2350 48.476799 0.044447 0.000937
275.500000 2432 49.315312 0.045998 0.000954
276.500000 2317 48.135226 0.043823 0.000930
277.500000 2234 47.265209 0.042253 0.000913
278.500000 2173 46.615448 0.041099 0.000900
279.500000 2103 45.858478 0.039775 0.000884
280.500000 2059 45.376205 0.038943 0.000875
281.500000 2016 44.899889 0.038130 0.000865
282.500000 1943 44.079474 0.036749 0.000849
283.500000 1884 43.405069 0.035633 0.000835
284.500000 1824 42.708313 0.034498 0.000822
285.500000 1822 42.684892 0.034461 0.000821
286.500000 1749 41.821047 0.033080 0.000804
287.500000 1715 41.412558 0.032437 0.000796
288.500000 1691 41.121770 0.031983 0.000790
289.500000 1677 40.951190 0.031718 0.000787
290.500000 1676 40.938979 0.031699 0.000786
291.500000 1601 40.012498 0.030281 0.000768
292.500000 1562 39.522146 0.029543 0.000758
293.500000 1502 38.755645 0.028408 0.000743
294.500000 1463 38.249183 0.027671 0.000733
295.500000 1449 38.065733 0.027406 0.000730
296.500000 1417 37.643060 0.026801 0.000721
297.500000 1421 37.696154 0.026876 0.000722
298.500000 1316 36.276714 0.024890 0.000695
299.500000 1320 36.331804 0.024966 0.000696
300.500000 1304 36.110940 0.024663 0.000691
301.500000 1300 36.055513 0.024588 0.000690
302.500000 1218 34.899857 0.023037 0.000668
303.500000 1237 35.171011 0.023396 0.000673
304.500000 1199 34.626579 0.022677 0.000662
305.500000 1180 34.351128 0.022318 0.000657
306.500000 1157 34.014703 0.021883 0.000650
307.500000 1141 33.778692 0.021580 0.000646
308.500000 1107 33.271610 0.020937 0.000636
309.500000 1033 32.140317 0.019538 0.000614
310.500000 1082 32.893768 0.020465 0.000628
311.500000 1030 32.093613 0.019481 0.000613
312.500000 1037 32.202484 0.019613 0.000615
313.500000 909 30.149627 0.017192 0.000575
314.500000 880 29.664794 0.016644 0.000566
315.500000 910 30.166206 0.017211 0.000575
316.500000 889 29.816103 0.016814 0.000569
317.500000 815 28.548205 0.015415 0.000544
318.500000 885 29.748950 0.016739 0.000567
319.500000 825 28.722813 0.015604 0.000547
320.500000 757 27.513633 0.014318 0.000524
321.500000 771 27.766887 0.014582 0.000529
322.500000 768 27.712813 0.014526 0.000528
323.500000 800 28.284271 0.015131 0.000539
324.500000 738 27.166155 0.013958 0.000517
325.500000 746 27.313001 0.014110 0.000520
326.500000 714 26.720778 0.013504 0.000509
327.500000 707 26.589472 0.013372 0.000506
328.500000 658 25.651511 0.012445 0.000488
329.500000 700 26.457513 0.013240 0.000504
330.500000 612 24.738634 0.011575 0.000471
331.500000 556 23.579652 0.010516 0.000448
332.500000 658 25.651511 0.012445 0.000488
333.500000 576 24.000000 0.010894 0.000456
334.500000 623 24.959968 0.011783 0.000475
335.500000 573 23.937418 0.010837 0.000455
336.500000 535 23.130067 0.010119 0.000440
337.500000 563 23.727621 0.010648 0.000451
338.500000 572 23.916521 0.010819 0.000455
339.500000 553 23.515952 0.010459 0.000447
340.500000 580 24.083189 0.010970 0.000458
341.500000 555 23.558438 0.010497 0.000448
342.500000 506 22.494444 0.009570 0.000427
343.500000 500 22.360680 0.009457 0.000425
344.500000 528 22.978251 0.009986 0.000437
345.500000 477 21.840330 0.009022 0.000415
346.500000 464 21.540659 0.008776 0.000409
347.500000 479 21.886069 0.009060 0.000416
348.500000 468 21.633308 0.008852 0.000411
349.500000 515 22.693611 0.009741 0.000431
350.500000 476 21.817424 0.009003 0.000414
351.500000 458 21.400935 0.008662 0.000407
352.500000 528 22.978251 0.009986 0.000437
353.500000 461 21.470911 0.008719 0.000408
354.500000 442 21.023796 0.008360 0.000399
355.500000 465 21.563859 0.008795 0.000410
356.500000 461 21.470911 0.008719 0.000408
357.500000 463 21.517435 0.008757 0.000409
358.500000 469 21.656408 0.008870 0.000411
359.500000 457 21.377558 0.008644 0.000406
360.500000 461 21.470911 0.008719 0.000408
361.500000 425 20.615528 0.008038 0.000391
362.500000 462 21.494185 0.008738 0.000408
363.500000 456 21.354157 0.008625 0.000406
364.500000 417 20.420578 0.007887 0.000388
365.500000 424 20.591260 0.008019 0.000391
366.500000 404 20.099751 0.007641 0.000382
367.500000 426 20.639767 0.008057 0.000392
368.500000 429 20.712315 0.008114 0.000393
369.500000 413 20.322401 0.007811 0.000386
370.500000 436 20.880613 0.008246 0.000397
371.500000 419 20.469489 0.007925 0.000389
372.500000 437 20.904545 0.008265 0.000397
373.500000 408 20.199010 0.007717 0.000384
374.500000 415 20.371549 0.007849 0.000387
375.500000 412 20.297783 0.007792 0.000385
376.500000 391 19.773720 0.007395 0.000375
377.500000 390 19.748418 0.007376 0.000375
378.500000 391 19.773720 0.007395 0.000375
379.500000 369 19.209373 0.006979 0.000365
380.500000 409 20.223748 0.007736 0.000384
381.500000 373 19.313208 0.007055 0.000367
382.500000 397 19.924859 0.007509 0.000378
383.500000 399 19.974984 0.007547 0.000379
384.500000 391 19.773720 0.007395 0.000375
385.500000 366 19.131126 0.006922 0.000363
386.500000 391 19.773720 0.007395 0.000375
387.500000 436 20.880613 0.008246 0.000397
388.500000 379 19.467922 0.007168 0.000370
389.500000 369 19.209373 0.006979 0.000365
390.500000 350 18.708287 0.006620 0.000355
391.500000 375 19.364917 0.007093 0.000368
392.500000 378 19.442222 0.007149 0.000369
393.500000 359 18.947295 0.006790 0.000360
394.500000 391 19.773720 0.007395 0.000375
395.500000 383 19.570386 0.007244 0.000371
396.500000 370 19.235384 0.006998 0.000365
397.500000 376 19.390719 0.007112 0.000368
398.500000 349 18.681542 0.006601 0.000354
399.500000 333 18.248288 0.006298 0.000346
400.500000 399 19.974984 0.007547 0.000379
401.500000 375 19.364917 0.007093 0.000368
402.500000 378 19.442222 0.007149 0.000369
403.500000 324 18.000000 0.006128 0.000341
404.500000 350 18.708287 0.006620 0.000355
405.500000 359 18.947295 0.006790 0.000360
406.500000 351 18.734994 0.006639 0.000356
407.500000 320 17.888544 0.006052 0.000339
408.500000 354 18.814888 0.006695 0.000357
409.500000 355 18.841444 0.006714 0.000358
410.500000 328 18.110770 0.006204 0.000344
411.500000 332 18.220867 0.006279 0.000346
412.500000 362 19.026298 0.006847 0.000361
413.500000 355 18.841444 0.006714 0.000358
414.500000 336 18.330303 0.006355 0.000348
415.500000 332 18.220867 0.006279 0.000346
416.500000 343 18.520259 0.006487 0.000351
417.500000 328 18.110770 0.006204 0.000344
418.500000 352 18.761663 0.006658 0.000356
419.500000 318 17.832555 0.006015 0.000338
420.500000 337 18.357560 0.006374 0.000348
421.500000 331 18.193405 0.006260 0.000345
422.500000 344 18.547237 0.006506 0.000352
423.500000 306 17.492856 0.005788 0.000332
424.500000 293 17.117243 0.005542 0.000325
425.500000 307 17.521415 0.005806 0.000332
426.500000 312 17.663522 0.005901 0.000335
427.500000 328 18.110770 0.006204 0.000344
428.500000 331 18.193405 0.006260 0.000345
429.500000 300 17.320508 0.005674 0.000329
430.500000 322 17.944358 0.006090 0.000340
431.500000 286 16.911535 0.005409 0.000321
432.500000 329 18.138357 0.006223 0.000344
433.500000 295 17.175564 0.005580 0.000326
434.500000 328 18.110770 0.006204 0.000344
435.500000 313 17.691806 0.005920 0.000336
436.500000 281 16.763055 0.005315 0.000318
437.500000 280 16.733201 0.005296 0.000317
438.500000 263 16.217275 0.004974 0.000307
439.500000 299 17.291616 0.005655 0.000328
440.500000 315 17.748239 0.005958 0.000337
441.500000 310 17.606817 0.005863 0.000334
442.500000 289 17.000000 0.005466 0.000322
443.500000 278 16.673332 0.005258 0.000316
444.500000 291 17.058722 0.005504 0.000324
445.500000 301 17.349352 0.005693 0.000329
446.500000 283 16.822604 0.005353 0.000319
447.500000 278 16.673332 0.005258 0.000316
448.500000 244 15.620499 0.004615 0.000296
449.500000 292 17.088007 0.005523 0.000324
450.500000 270 16.431677 0.005107 0.000312
451.500000 260 16.124515 0.004918 0.000306
452.500000 255 15.968719 0.004823 0.000303
453.500000 248 15.748016 0.004691 0.000299
454.500000 258 16.062378 0.004880 0.000305
455.500000 266 16.309506 0.005031 0.000309
456.500000 247 15.716234 0.004672 0.000298
457.500000 237 15.394804 0.004483 0.000292
458.500000 275 16.583124 0.005201 0.000314
459.500000 237 15.394804 0.004483 0.000292
460.500000 241 15.524175 0.004558 0.000294
461.500000 242 15.556349 0.004577 0.000295
462.500000 242 15.556349 0.004577 0.000295
463.500000 256 16.000000 0.004842 0.000303
464.500000 279 16.703293 0.005277 0.000317
465.500000 251 15.842980 0.004747 0.000300
466.500000 241 15.524175 0.004558 0.000294
467.500000 236 15.362291 0.004464 0.000291
468.500000 254 15.937377 0.004804 0.000302
469.500000 260 16.124515 0.004918 0.000306
470.500000 224 14.966630 0.004237 0.000284
471.500000 233 15.264338 0.004407 0.000289
472.500000 224 14.966630 0.004237 0.000284
473.500000 220 14.832397 0.004161 0.000281
474.500000 210 14.491377 0.003972 0.000275
475.500000 220 14.832397 0.004161 0.000281
476.500000 228 15.099669 0.004312 0.000286
477.500000 229 15.132746 0.004331 0.000287
478.500000 226 15.033296 0.004274 0.000285
479.500000 216 14.696938 0.004085 0.000279
480.500000 239 15.459625 0.004520 0.000293
481.500000 212 14.560220 0.004010 0.000276
482.500000 218 14.764823 0.004123 0.000280
483.500000 208 14.422205 0.003934 0.000273
484.500000 178 13.341664 0.003367 0.000253
485.500000 207 14.387495 0.003915 0.000273
486.500000 226 15.033296 0.004274 0.000285
487.500000 234 15.297059 0.004426 0.000290
488.500000 213 14.594520 0.004029 0.000277
489.500000 215 14.662878 0.004066 0.000278
490.500000 210 14.491377 0.003972 0.000275
491.500000 182 13.490738 0.003442 0.000256
492.500000 190 13.784049 0.003594 0.000261
493.500000 220 14.832397 0.004161 0.000281
494.500000 216 14.696938 0.004085 0.000279
495.500000 192 13.856406 0.003631 0.000263
496.500000 204 14.282857 0.003858 0.000271
497.500000 189 13.747727 0.003575 0.000260
498.500000 215 14.662878 0.004066 0.000278
499.500000 196 14.000000 0.003707 0.000265
500.500000 194 13.928388 0.003669 0.000264
501.500000 213 14.594520 0.004029 0.000277
502.500000 213 14.594520 0.004029 0.000277
503.500000 203 14.247807 0.003839 0.000270
504.500000 190 13.784049 0.003594 0.000261
505.500000 187 13.674794 0.003537 0.000259
506.500000 201 14.177447 0.003802 0.000269
507.500000 169 13.000000 0.003196 0.000246
508.500000 188 13.711309 0.003556 0.000260
509.500000 191 13.820275 0.003612 0.000262
510.500000 210 14.491377 0.003972 0.000275
511.500000 176 13.266499 0.003329 0.000251
512.500000 178 13.341664 0.003367 0.000253
513.500000 206 14.352700 0.003896 0.000272
514.500000 193 13.892444 0.003650 0.000263
515.500000 185 13.601471 0.003499 0.000258
516.500000 195 13.964240 0.003688 0.000265
517.500000 173 13.152946 0.003272 0.000249
518.500000 182 13.490738 0.003442 0.000256
519.500000 165 12.845233 0.003121 0.000243
520.500000 188 13.711309 0.003556 0.000260
521.500000 218 14.764823 0.004123 0.000280
522.500000 177 13.304135 0.003348 0.000252
523.500000 166 12.884099 0.003140 0.000244
524.500000 179 13.379088 0.003386 0.000253
525.500000 159 12.609520 0.003007 0.000239
526.500000 185 13.601471 0.003499 0.000258
527.500000 206 14.352700 0.003896 0.000272
528.500000 177 13.304135 0.003348 0.000252
529.500000 202 14.212670 0.003821 0.000269
530.500000 180 13.416408 0.003404 0.000254
531.500000 190 13.784049 0.003594 0.000261
532.500000 202 14.212670 0.003821 0.000269
533.500000 188 13.711309 0.003556 0.000260
534.500000 202 14.212670 0.003821 0.000269
535.500000 183 13.527749 0.003461 0.000256
536.500000 184 13.564660 0.003480 0.000257
537.500000 191 13.820275 0.003612 0.000262
538.500000 182 13.490738 0.003442 0.000256
539.500000 178 13.341664 0.003367 0.000253
540.500000 185 13.601471 0.003499 0.000258
541.500000 195 13.964240 0.003688 0.000265
542.500000 199 14.106736 0.003764 0.000267
543.500000 178 13.341664 0.003367 0.000253
544.500000 177 13.304135 0.003348 0.000252
545.500000 184 13.564660 0.003480 0.000257
546.500000 178 13.341664 0.003367 0.000253
547.500000 180 13.416408 0.003404 0.000254
548.500000 197 14.035669 0.003726 0.000266
549.500000 188 13.711309 0.003556 0.000260
550.500000 163 12.767145 0.003083 0.000242
551.500000 184 13.564660 0.003480 0.000257
552.500000 184 13.564660 0.003480 0.000257
553.500000 175 13.228757 0.003310 0.000251
554.500000 180 13.416408 0.003404 0.000254
555.500000 190 13.784049 0.003594 0.000261
556.500000 182 13.490738 0.003442 0.000256
557.500000 184 13.564660 0.003480 0.000257
558.500000 174 13.190906 0.003291 0.000250
559.500000 180 13.416408 0.003404 0.000254
560.500000 173 13.152946 0.003272 0.000249
561.500000 179 13.379088 0.003386 0.000253
562.500000 187 13.674794 0.003537 0.000259
563.500000 200 14.142136 0.003783 0.000268
564.500000 188 13.711309 0.003556 0.000260
565.500000 186 13.638182 0.003518 0.000258
566.500000 198 14.071247 0.003745 0.000267
567.500000 187 13.674794 0.003537 0.000259
568.500000 200 14.142136 0.003783 0.000268
569.500000 195 13.964240 0.003688 0.000265
570.500000 190 13.784049 0.003594 0.000261
571.500000 162 12.727922 0.003064 0.000241
572.500000 180 13.416408 0.003404 0.000254
573.500000 197 14.035669 0.003726 0.000266
574.500000 204 14.282857 0.003858 0.000271
575.500000 171 13.076697 0.003234 0.000248
576.500000 160 12.649111 0.003026 0.000240
577.500000 165 12.845233 0.003121 0.000243
578.500000 175 13.228757 0.003310 0.000251
579.500000 174 13.190906 0.003291 0.000250
580.500000 167 12.922848 0.003159 0.000245
581.500000 176 13.266499 0.003329 0.000251
582.500000 174 13.190906 0.003291 0.000250
583.500000 201 14.177447 0.003802 0.000269
584.500000 179 13.379088 0.003386 0.000253
585.500000 162 12.727922 0.003064 0.000241
586.500000 150 12.247449 0.002837 0.000232
587.500000 161 12.688578 0.003045 0.000240
588.500000 157 12.529964 0.002969 0.000237
589.500000 148 12.165525 0.002799 0.000230
590.500000 157 12.529964 0.002969 0.000237
591.500000 173 13.152946 0.003272 0.000249
592.500000 168 12.961481 0.003177 0.000246
593.500000 139 11.789826 0.002629 0.000223
594.500000 147 12.124356 0.002780 0.000230
595.500000 156 12.489996 0.002951 0.000237
596.500000 144 12.000000 0.002724 0.000227
597.500000 177 13.304135 0.003348 0.000252
598.500000 131 11.445523 0.002478 0.000217
599.500000 172 13.114877 0.003253 0.000248
600.500000 181 13.453624 0.003423 0.000255
601.500000 149 12.206556 0.002818 0.000231
602.500000 123 11.090537 0.002326 0.000210
603.500000 116 10.770330 0.002194 0.000204
604.500000 117 10.816654 0.002213 0.000205
605.500000 134 11.575837 0.002534 0.000219
606.500000 125 11.180340 0.002364 0.000212
607.500000 106 10.295630 0.002005 0.000195
608.500000 129 11.357817 0.002440 0.000215
609.500000 122 11.045361 0.002307 0.000209
610.500000 125 11.180340 0.002364 0.000212
611.500000 108 10.392305 0.002043 0.000197
612.500000 133 11.532563 0.002516 0.000218
613.500000 138 11.747340 0.002610 0.000222
614.500000 105 10.246951 0.001986 0.000194
615.500000 131 11.445523 0.002478 0.000217
616.500000 115 10.723805 0.002175 0.000203
617.500000 103 10.148892 0.001948 0.000192
618.500000 123 11.090537 0.002326 0.000210
619.500000 117 10.816654 0.002213 0.000205
620.500000 124 11.135529 0.002345 0.000211
621.500000 109 10.440307 0.002062 0.000198
622.500000 119 10.908712 0.002251 0.000207
623.500000 103 10.148892 0.001948 0.000192
624.500000 104 10.198039 0.001967 0.000193
625.500000 105 10.246951 0.001986 0.000194
626.500000 106 10.295630 0.002005 0.000195
627.500000 82 9.055385 0.001551 0.000171
628.500000 101 10.049876 0.001910 0.000190
629.500000 84 9.165151 0.001589 0.000173
630.500000 81 9.000000 0.001532 0.000170
631.500000 84 9.165151 0.001589 0.000173
632.500000 91 9.539392 0.001721 0.000181
633.500000 81 9.000000 0.001532 0.000170
634.500000 87 9.327379 0.001645 0.000177
635.500000 86 9.273618 0.001627 0.000176
636.500000 86 9.273618 0.001627 0.000176
637.500000 88 9.380832 0.001664 0.000178
638.500000 77 8.774964 0.001456 0.000166
639.500000 76 8.717798 0.001437 0.000165
640.500000 93 9.643651 0.001759 0.000183
641.500000 89 9.433981 0.001683 0.000179
642.500000 73 8.544004 0.001381 0.000162
643.500000 90 9.486833 0.001702 0.000180
644.500000 61 7.810250 0.001154 0.000148
645.500000 61 7.810250 0.001154 0.000148
646.500000 77 8.774964 0.001456 0.000166
647.500000 65 8.062258 0.001229 0.000153
648.500000 62 7.874008 0.001173 0.000149
649.500000 77 8.774964 0.001456 0.000166
650.500000 73 8.544004 0.001381 0.000162
651.500000 47 6.855655 0.000889 0.000130
652.500000 74 8.602325 0.001400 0.000163
653.500000 59 7.681146 0.001116 0.000145
654.500000 72 8.485281 0.001362 0.000161
655.500000 65 8.062258 0.001229 0.000153
656.500000 53 7.280110 0.001002 0.000138
657.500000 66 8.124038 0.001248 0.000154
658.500000 74 8.602325 0.001400 0.000163
659.500000 76 8.717798 0.001437 0.000165
660.500000 49 7.000000 0.000927 0.000132
661.500000 50 7.071068 0.000946 0.000134
662.500000 47 6.855655 0.000889 0.000130
663.500000 53 7.280110 0.001002 0.000138
664.500000 61 7.810250 0.001154 0.000148
665.500000 46 6.782330 0.000870 0.000128
666.500000 59 7.681146 0.001116 0.000145
667.500000 52 7.211103 0.000984 0.000136
668.500000 51 7.141428 0.000965 0.000135
669.500000 53 7.280110 0.001002 0.000138
670.500000 59 7.681146 0.001116 0.000145
671.500000 45 6.708204 0.000851 0.000127
672.500000 46 6.782330 0.000870 0.000128
673.500000 58 7.615773 0.001097 0.000144
674.500000 45 6.708204 0.000851 0.000127
675.500000 60 7.745967 0.001135 0.000147
676.500000 45 6.708204 0.000851 0.000127
677.500000 48 6.928203 0.000908 0.000131
678.500000 45 6.708204 0.000851 0.000127
679.500000 46 6.782330 0.000870 0.000128
680.500000 48 6.928203 0.000908 0.000131
681.500000 40 6.324555 0.000757 0.000120
682.500000 45 6.708204 0.000851 0.000127
683.500000 44 6.633250 0.000832 0.000126
684.500000 55 7.416198 0.001040 0.000140
685.500000 34 5.830952 0.000643 0.000110
686.500000 40 6.324555 0.000757 0.000120
687.500000 50 7.071068 0.000946 0.000134
688.500000 26 5.099020 0.000492 0.000096
689.500000 31 5.567764 0.000586 0.000105
690.500000 36 6.000000 0.000681 0.000114
691.500000 41 6.403124 0.000775 0.000121
692.500000 32 5.656854 0.000605 0.000107
693.500000 27 5.196152 0.000511 0.000098
694.500000 42 6.480741 0.000794 0.000123
695.500000 29 5.385165 0.000548 0.000102
696.500000 38 6.164414 0.000719 0.000117
697.500000 30 5.477226 0.000567 0.000104
698.500000 40 6.324555 0.000757 0.000120
699.500000 26 5.099020 0.000492 0.000096
700.500000 29 5.385165 0.000548 0.000102
701.500000 40 6.324555 0.000757 0.000120
702.500000 33 5.744563 0.000624 0.000109
703.500000 29 5.385165 0.000548 0.000102
704.500000 32 5.656854 0.000605 0.000107
705.500000 34 5.830952 0.000643 0.000110
706.500000 28 5.291503 0.000530 0.000100
707.500000 28 5.291503 0.000530 0.000100
708.500000 30 5.477226 0.000567 0.000104
709.500000 19 4.358899 0.000359 0.000082
710.500000 28 5.291503 0.000530 0.000100
711.500000 27 5.196152 0.000511 0.000098
712.500000 25 5.000000 0.000473 0.000095
713.500000 21 4.582576 0.000397 0.000087
714.500000 19 4.358899 0.000359 0.000082
715.500000 20 4.472136 0.000378 0.000085
716.500000 24 4.898979 0.000454 0.000093
717.500000 22 4.690416 0.000416 0.000089
718.500000 30 5.477226 0.000567 0.000104
719.500000 21 4.582576 0.000397 0.000087
720.500000 16 4.000000 0.000303 0.000076
721.500000 24 4.898979 0.000454 0.000093
722.500000 24 4.898979 0.000454 0.000093
723.500000 23 4.795832 0.000435 0.000091
724.500000 23 4.795832 0.000435 0.000091
725.500000 25 5.000000 0.000473 0.000095
726.500000 25 5.000000 0.000473 0.000095
727.500000 27 5.196152 0.000511 0.000098
728.500000 20 4.472136 0.000378 0.000085
729.500000 22 4.690416 0.000416 0.000089
730.500000 8 2.828427 0.000151 0.000053
731.500000 27 5.196152 0.000511 0.000098
732.500000 20 4.472136 0.000378 0.000085
733.500000 22 4.690416 0.000416 0.000089
734.500000 14 3.741657 0.000265 0.000071
735.500000 23 4.795832 0.000435 0.000091
736.500000 23 4.795832 0.000435 0.000091
737.500000 29 5.385165 0.000548 0.000102
738.500000 22 4.690416 0.000416 0.000089
739.500000 18 4.242641 0.000340 0.000080
740.500000 23 4.795832 0.000435 0.000091
741.500000 19 4.358899 0.000359 0.000082
742.500000 16 4.000000 0.000303 0.000076
743.500000 20 4.472136 0.000378 0.000085
744.500000 26 5.099020 0.000492 0.000096
745.500000 19 4.358899 0.000359 0.000082
746.500000 18 4.242641 0.000340 0.000080
747.500000 20 4.472136 0.000378 0.000085
748.500000 13 3.605551 0.000246 0.000068
749.500000 15 3.872983 0.000284 0.000073
750.500000 10 3.162278 0.000189 0.000060
751.500000 19 4.358899 0.000359 0.000082
752.500000 14 3.741657 0.000265 0.000071
753.500000 13 3.605551 0.000246 0.000068
754.500000 17 4.123106 0.000322 0.000078
755.500000 13 3.605551 0.000246 0.000068
756.500000 11 3.316625 0.000208 0.000063
757.500000 14 3.741657 0.000265 0.000071
758.500000 14 3.741657 0.000265 0.000071
759.500000 13 3.605551 0.000246 0.000068
760.500000 12 3.464102 0.000227 0.000066
761.500000 16 4.000000 0.000303 0.000076
762.500000 12 3.464102 0.000227 0.000066
763.500000 18 4.242641 0.000340 0.000080
764.500000 18 4.242641 0.000340 0.000080
765.500000 11 3.316625 0.000208 0.000063
766.500000 16 4.000000 0.000303 0.000076
767.500000 10 3.162278 0.000189 0.000060
768.500000 11 3.316625 0.000208 0.000063
769.500000 17 4.123106 0.000322 0.000078
770.500000 9 3.000000 0.000170 0.000057
771.500000 12 3.464102 0.000227 0.000066
772.500000 12 3.464102 0.000227 0.000066
773.500000 14 3.741657 0.000265 0.000071
774.500000 8 2.828427 0.000151 0.000053
775.500000 16 4.000000 0.000303 0.000076
776.500000 4 2.000000 0.000076 0.000038
777.500000 17 4.123106 0.000322 0.000078
778.500000 11 3.316625 0.000208 0.000063
779.500000 6 2.449490 0.000113 0.000046
780.500000 10 3.162278 0.000189 0.000060
781.500000 11 3.316625 0.000208 0.000063
782.500000 10 3.162278 0.000189 0.000060
783.500000 6 2.449490 0.000113 0.000046
784.500000 4 2.000000 0.000076 0.000038
785.500000 7 2.645751 0.000132 0.000050
786.500000 10 3.162278 0.000189 0.000060
787.500000 6 2.449490 0.000113 0.000046
788.500000 12 3.464102 0.000227 0.000066
789.500000 10 3.162278 0.000189 0.000060
790.500000 12 3.464102 0.000227 0.000066
791.500000 11 3.316625 0.000208 0.000063
792.500000 3 1.732051 0.000057 0.000033
793.500000 4 2.000000 0.000076 0.000038
794.500000 7 2.645751 0.000132 0.000050
795.500000 5 2.236068 0.000095 0.000042
796.500000 8 2.828427 0.000151 0.000053
797.500000 5 2.236068 0.000095 0.000042
798.500000 6 2.449490 0.000113 0.000046
799.500000 5 2.236068 0.000095 0.000042
800.500000 11 3.316625 0.000208 0.000063
801.500000 3 1.732051 0.000057 0.000033
802.500000 5 2.236068 0.000095 0.000042
803.500000 5 2.236068 0.000095 0.000042
804.500000 3 1.732051 0.000057 0.000033
805.500000 3 1.732051 0.000057 0.000033
806.500000 6 2.449490 0.000113 0.000046
807.500000 4 2.000000 0.000076 0.000038
808.500000 2 1.414214 0.000038 0.000027
809.500000 1 1.000000 0.000019 0.000019
810.500000 4 2.000000 0.000076 0.000038
811.500000 5 2.236068 0.000095 0.000042
812.500000 3 1.732051 0.000057 0.000033
813.500000 3 1.732051 0.000057 0.000033
814.500000 4 2.000000 0.000076 0.000038
815.500000 5 2.236068 0.000095 0.000042
816.500000 1 1.000000 0.000019 0.000019
817.500000 3 1.732051 0.000057 0.000033
818.500000 2 1.414214 0.000038 0.000027
819.500000 1 1.000000 0.000019 0.000019
820.500000 3 1.732051 0.000057 0.000033
821.500000 4 2.000000 0.000076 0.000038
822.500000 1 1.000000 0.000019 0.000019
823.500000 3 1.732051 0.000057 0.000033
824.500000 0 0.000000 0.000000 0.000000
825.500000 0 0.000000 0.000000 0.000000
826.500000 1 1.000000 0.000019 0.000019
827.500000 3 1.732051 0.000057 0.000033
828.500000 0 0.000000 0.000000 0.000000
829.500000 0 0.000000 0.000000 0.000000
830.500000 2 1.414214 0.000038 0.000027
831.500000 2 1.414214 0.000038 0.000027
832.500000 0 0.000000 0.000000 0.000000
833.500000 1 1.000000 0.000019 0.000019
834.500000 2 1.414214 0.000038 0.000027
835.500000 0 0.000000 0.000000 0.000000
836.500000 0 0.000000 0.000000 0.000000
837.500000 2 1.414214 0.000038 0.000027
838.500000 1 1.000000 0.000019 0.000019
839.500000 0 0.000000 0.000000 0.000000
840.500000 0 0.000000 0.000000 0.000000
841.500000 1 1.000000 0.000019 0.000019
842.500000 3 1.732051 0.000057 0.000033
843.500000 0 0.000000 0.000000 0.000000
844.500000 0 0.000000 0.000000 0.000000
845.500000 0 0.000000 0.000000 0.000000
846.500000 0 0.000000 0.000000 0.000000
847.500000 0 0.000000 0.000000 0.000000
848.500000 2 1.414214 0.000038 0.000027
849.500000 1 1.000000 0.000019 0.000019
850.500000 1 1.000000 0.000019 0.000019
851.500000 0 0.000000 0.000000 0.000000
852.500000 0 0.000000 0.000000 0.000000
853.500000 0 0.000000 0.000000 0.000000
854.500000 0 0.000000 0.000000 0.000000
855.500000 1 1.000000 0.000019 0.000019
856.500000 0 0.000000 0.000000 0.000000
857.500000 1 1.000000 0.000019 0.000019
858.500000 1 1.000000 0.000019 0.000019
859.500000 0 0.000000 0.000000 0.000000
860.500000 0 0.000000 0.000000 0.000000
861.500000 1 1.000000 0.000019 0.000019
862.500000 0 0.000000 0.000000 0.000000
863.500000 0 0.000000 0.000000 0.000000
864.500000 0 0.000000 0.000000 0.000000
865.500000 0 0.000000 0.000000 0.000000
866.500000 1 1.000000 0.000019 0.000019
867.500000 0 0.000000 0.000000 0.000000
868.500000 1 1.000000 0.000019 0.000019
869.500000 0 0.000000 0.000000 0.000000
870.500000 0 0.000000 0.000000 0.000000
871.500000 0 0.000000 0.000000 0.000000
872.500000 0 0.000000 0.000000 0.000000
873.500000 0 0.000000 0.000000 0.000000
874.500000 0 0.000000 0.000000 0.000000
875.500000 1 1.000000 0.000019 0.000019
876.500000 0 0.000000 0.000000 0.000000
877.500000 0 0.000000 0.000000 0.000000
878.500000 0 0.000000 0.000000 0.000000
879.500000 1 1.000000 0.000019 0.000019
880.500000 0 0.000000 0.000000 0.000000
881.500000 0 0.000000 0.000000 0.000000
882.500000 0 0.000000 0.000000 0.000000
883.500000 1 1.000000 0.000019 0.000019
884.500000 0 0.000000 0.000000 0.000000
885.500000 0 0.000000 0.000000 0.000000
886.500000 0 0.000000 0.000000 0.000000
887.500000 0 0.000000 0.000000 0.000000
888.500000 0 0.000000 0.000000 0.000000
889.500000 0 0.000000 0.000000 0.000000
890.500000 0 0.000000 0.000000 0.000000
891.500000 0 0.000000 0.000000 0.000000
892.500000 0 0.000000 0.000000 0.000000
893.500000 0 0.000000 0.000000 0.000000
894.500000 0 0.000000 0.000000 0.000000
895.500000 0 0.000000 0.000000 0.000000
896.500000 0 0.000000 0.000000 0.000000
897.500000 0 0.000000 0.000000 0.000000
898.500000 0 0.000000 0.000000 0.000000
899.500000 1 1.000000 0.000019 0.000019
900.500000 0 0.000000 0.000000 0.000000
901.500000 0 0.000000 0.000000 0.000000
902.500000 0 0.000000 0.000000 0.000000
903.500000 0 0.000000 0.000000 0.000000
904.500000 1 1.000000 0.000019 0.000019
905.500000 1 1.000000 0.000019 0.000019
906.500000 0 0.000000 0.000000 0.000000
907.500000 0 0.000000 0.000000 0.000000
908.500000 0 0.000000 0.000000 0.000000
909.500000 0 0.000000 0.000000 0.000000
910.500000 0 0.000000 0.000000 0.000000
911.500000 1 1.000000 0.000019 0.000019
912.500000 0 0.000000 0.000000 0.000000
913.500000 0 0.000000 0.000000 0.000000
914.500000 0 0.000000 0.000000 0.000000
915.500000 0 0.000000 0.000000 0.000000
916.500000 0 0.000000 0.000000 0.000000
917.500000 0 0.000000 0.000000 0.000000
918.500000 0 0.000000 0.000000 0.000000
919.500000 0 0.000000 0.000000 0.000000
920.500000 0 0.000000 0.000000 0.000000
921.500000 0 0.000000 0.000000 0.000000
922.500000 0 0.000000 0.000000 0.000000
923.500000 0 0.000000 0.000000 0.000000
924.500000 0 0.000000 0.000000 0.000000
925.500000 0 0.000000 0.000000 0.000000
926.500000 0 0.000000 0.000000 0.000000
927.500000 0 0.000000 0.000000 0.000000
928.500000 0 0.000000 0.000000 0.000000
929.500000 0 0.000000 0.000000 0.000000
930.500000 0 0.000000 0.000000 0.000000
931.500000 0 0.000000 0.000000 0.000000
932.500000 0 0.000000 0.000000 0.000000
933.500000 1 1.000000 0.000019 0.000019
934.500000 0 0.000000 0.000000 0.000000
935.500000 0 0.000000 0.000000 0.000000
936.500000 0 0.000000 0.000000 0.000000
937.500000 0 0.000000 0.000000 0.000000
938.500000 0 0.000000 0.000000 0.000000
939.500000 0 0.000000 0.000000 0.000000
940.500000 0 0.000000 0.000000 0.000000
941.500000 0 0.000000 0.000000 0.000000
942.500000 0 0.000000 0.000000 0.000000
943.500000 0 0.000000 0.000000 0.000000
944.500000 0 0.000000 0.000000 0.000000
945.500000 0 0.000000 0.000000 0.000000
946.500000 0 0.000000 0.000000 0.000000
947.500000 0 0.000000 0.000000 0.000000
948.500000 0 0.000000 0.000000 0.000000
949.500000 0 0.000000 0.000000 0.000000
950.500000 0 0.000000 0.000000 0.000000
951.500000 0 0.000000 0.000000 0.000000
952.500000 0 0.000000 0.000000 0.000000
953.500000 0 0.000000 0.000000 0.000000
954.500000 0 0.000000 0.000000 0.000000
955.500000 0 0.000000 0.000000 0.000000
956.500000 0 0.000000 0.000000 0.000000
957.500000 0 0.000000 0.000000 0.000000
958.500000 0 0.000000 0.000000 0.000000
959.500000 0 0.000000 0.000000 0.000000
960.500000 0 0.000000 0.000000 0.000000
961.500000 0 0.000000 0.000000 0.000000
962.500000 0 0.000000 0.000000 0.000000
963.500000 0 0.000000 0.000000 0.000000
964.500000 0 0.000000 0.000000 0.000000
965.500000 0 0.000000 0.000000 0.000000
966.500000 0 0.000000 0.000000 0.000000
967.500000 0 0.000000 0.000000 0.000000
968.500000 0 0.000000 0.000000 0.000000
969.500000 0 0.000000 0.000000 0.000000
970.500000 0 0.000000 0.000000 0.000000
971.500000 0 0.000000 0.000000 0.000000
972.500000 0 0.000000 0.000000 0.000000
973.500000 0 0.000000 0.000000 0.000000
974.500000 0 0.000000 0.000000 0.000000
975.500000 0 0.000000 0.000000 0.000000
976.500000 0 0.000000 0.000000 0.000000
977.500000 0 0.000000 0.000000 0.000000
978.500000 0 0.000000 0.000000 0.000000
979.500000 0 0.000000 0.000000 0.000000
980.500000 0 0.000000 0.000000 0.000000
981.500000 0 0.000000 0.000000 0.000000
982.500000 0 0.000000 0.000000 0.000000
983.500000 0 0.000000 0.000000 0.000000
984.500000 0 0.000000 0.000000 0.000000
985.500000 0 0.000000 0.000000 0.000000
986.500000 0 0.000000 0.000000 0.000000
987.500000 0 0.000000 0.000000 0.000000
988.500000 0 0.000000 0.000000 0.000000
989.500000 0 0.000000 0.000000 0.000000
990.500000 0 0.000000 0.000000 0.000000
991.500000 0 0.000000 0.000000 0.000000
992.500000 1 1.000000 0.000019 0.000019
993.500000 0 0.000000 0.000000 0.000000
994.500000 0 0.000000 0.000000 0.000000
995.500000 0 0.000000 0.000000 0.000000
996.500000 0 0.000000 0.000000 0.000000
997.500000 0 0.000000 0.000000 0.000000
998.500000 0 0.000000 0.000000 0.000000
999.500000 0 0.000000 0.000000 0.000000
1000.500000 0 0.000000 0.000000 0.000000
1001.500000 0 0.000000 0.000000 0.000000
1002.500000 0 0.000000 0.000000 0.000000
1003.500000 0 0.000000 0.000000 0.000000
1004.500000 0 0.000000 0.000000 0.000000
1005.500000 0 0.000000 0.000000 0.000000
1006.500000 0 0.000000 0.000000 0.000000
1007.500000 1 1.000000 0.000019 0.000019
1008.500000 0 0.000000 0.000000 0.000000
1009.500000 0 0.000000 0.000000 0.000000
1010.500000 0 0.000000 0.000000 0.000000
1011.500000 0 0.000000 0.000000 0.000000
1012.500000 0 0.000000 0.000000 0.000000
1013.500000 0 0.000000 0.000000 0.000000
1014.500000 0 0.000000 0.000000 0.000000
1015.500000 0 0.000000 0.000000 0.000000
1016.500000 0 0.000000 0.000000 0.000000
1017.500000 0 0.000000 0.000000 0.000000
1018.500000 0 0.000000 0.000000 0.000000
1019.500000 0 0.000000 0.000000 0.000000
1020.500000 0 0.000000 0.000000 0.000000
1021.500000 1 1.000000 0.000019 0.000019
1022.500000 0 0.000000 0.000000 0.000000
1023.500000 0 0.000000 0.000000 0.000000
