# name, dx, fmax, fmax_err, norm_value, norm_vale_err
# 68Ge 1 271 16.46207763315433 1 0
# bin_center, freq, freq_err, norm_freq, norm_freq_err
0.500000 0 0.000000 0.000000 0.000000
1.500000 0 0.000000 0.000000 0.000000
2.500000 0 0.000000 0.000000 0.000000
3.500000 0 0.000000 0.000000 0.000000
4.500000 0 0.000000 0.000000 0.000000
5.500000 0 0.000000 0.000000 0.000000
6.500000 0 0.000000 0.000000 0.000000
7.500000 0 0.000000 0.000000 0.000000
8.500000 0 0.000000 0.000000 0.000000
9.500000 0 0.000000 0.000000 0.000000
10.500000 0 0.000000 0.000000 0.000000
11.500000 1 1.000000 1.000000 1.000000
12.500000 1 1.000000 1.000000 1.000000
13.500000 17 4.123106 17.000000 4.123106
14.500000 64 8.000000 64.000000 8.000000
15.500000 94 9.695360 94.000000 9.695360
16.500000 164 12.806248 164.000000 12.806248
17.500000 151 12.288206 151.000000 12.288206
18.500000 189 13.747727 189.000000 13.747727
19.500000 147 12.124356 147.000000 12.124356
20.500000 174 13.190906 174.000000 13.190906
21.500000 131 11.445523 131.000000 11.445523
22.500000 156 12.489996 156.000000 12.489996
23.500000 144 12.000000 144.000000 12.000000
24.500000 164 12.806248 164.000000 12.806248
25.500000 166 12.884099 166.000000 12.884099
26.500000 172 13.114877 172.000000 13.114877
27.500000 152 12.328828 152.000000 12.328828
28.500000 129 11.357817 129.000000 11.357817
29.500000 153 12.369317 153.000000 12.369317
30.500000 158 12.569805 158.000000 12.569805
31.500000 149 12.206556 149.000000 12.206556
32.500000 159 12.609520 159.000000 12.609520
33.500000 181 13.453624 181.000000 13.453624
34.500000 162 12.727922 162.000000 12.727922
35.500000 203 14.247807 203.000000 14.247807
36.500000 151 12.288206 151.000000 12.288206
37.500000 220 14.832397 220.000000 14.832397
38.500000 192 13.856406 192.000000 13.856406
39.500000 214 14.628739 214.000000 14.628739
40.500000 183 13.527749 183.000000 13.527749
41.500000 209 14.456832 209.000000 14.456832
42.500000 240 15.491933 240.000000 15.491933
43.500000 179 13.379088 179.000000 13.379088
44.500000 213 14.594520 213.000000 14.594520
45.500000 217 14.730920 217.000000 14.730920
46.500000 220 14.832397 220.000000 14.832397
47.500000 247 15.716234 247.000000 15.716234
48.500000 254 15.937377 254.000000 15.937377
49.500000 189 13.747727 189.000000 13.747727
50.500000 211 14.525839 211.000000 14.525839
51.500000 211 14.525839 211.000000 14.525839
52.500000 199 14.106736 199.000000 14.106736
53.500000 253 15.905974 253.000000 15.905974
54.500000 189 13.747727 189.000000 13.747727
55.500000 204 14.282857 204.000000 14.282857
56.500000 220 14.832397 220.000000 14.832397
57.500000 199 14.106736 199.000000 14.106736
58.500000 237 15.394804 237.000000 15.394804
59.500000 191 13.820275 191.000000 13.820275
60.500000 187 13.674794 187.000000 13.674794
61.500000 188 13.711309 188.000000 13.711309
62.500000 173 13.152946 173.000000 13.152946
63.500000 162 12.727922 162.000000 12.727922
64.500000 196 14.000000 196.000000 14.000000
65.500000 227 15.066519 227.000000 15.066519
66.500000 209 14.456832 209.000000 14.456832
67.500000 139 11.789826 139.000000 11.789826
68.500000 149 12.206556 149.000000 12.206556
69.500000 169 13.000000 169.000000 13.000000
70.500000 158 12.569805 158.000000 12.569805
71.500000 211 14.525839 211.000000 14.525839
72.500000 209 14.456832 209.000000 14.456832
73.500000 207 14.387495 207.000000 14.387495
74.500000 108 10.392305 108.000000 10.392305
75.500000 149 12.206556 149.000000 12.206556
76.500000 198 14.071247 198.000000 14.071247
77.500000 237 15.394804 237.000000 15.394804
78.500000 155 12.449900 155.000000 12.449900
79.500000 152 12.328828 152.000000 12.328828
80.500000 113 10.630146 113.000000 10.630146
81.500000 148 12.165525 148.000000 12.165525
82.500000 133 11.532563 133.000000 11.532563
83.500000 170 13.038405 170.000000 13.038405
84.500000 151 12.288206 151.000000 12.288206
85.500000 131 11.445523 131.000000 11.445523
86.500000 131 11.445523 131.000000 11.445523
87.500000 140 11.832160 140.000000 11.832160
88.500000 127 11.269428 127.000000 11.269428
89.500000 129 11.357817 129.000000 11.357817
90.500000 112 10.583005 112.000000 10.583005
91.500000 124 11.135529 124.000000 11.135529
92.500000 172 13.114877 172.000000 13.114877
93.500000 114 10.677078 114.000000 10.677078
94.500000 128 11.313708 128.000000 11.313708
95.500000 151 12.288206 151.000000 12.288206
96.500000 134 11.575837 134.000000 11.575837
97.500000 109 10.440307 109.000000 10.440307
98.500000 106 10.295630 106.000000 10.295630
99.500000 140 11.832160 140.000000 11.832160
100.500000 137 11.704700 137.000000 11.704700
101.500000 88 9.380832 88.000000 9.380832
102.500000 80 8.944272 80.000000 8.944272
103.500000 94 9.695360 94.000000 9.695360
104.500000 70 8.366600 70.000000 8.366600
105.500000 112 10.583005 112.000000 10.583005
106.500000 83 9.110434 83.000000 9.110434
107.500000 59 7.681146 59.000000 7.681146
108.500000 79 8.888194 79.000000 8.888194
109.500000 96 9.797959 96.000000 9.797959
110.500000 75 8.660254 75.000000 8.660254
111.500000 97 9.848858 97.000000 9.848858
112.500000 67 8.185353 67.000000 8.185353
113.500000 62 7.874008 62.000000 7.874008
114.500000 71 8.426150 71.000000 8.426150
115.500000 80 8.944272 80.000000 8.944272
116.500000 92 9.591663 92.000000 9.591663
117.500000 98 9.899495 98.000000 9.899495
118.500000 87 9.327379 87.000000 9.327379
119.500000 85 9.219544 85.000000 9.219544
120.500000 125 11.180340 125.000000 11.180340
121.500000 100 10.000000 100.000000 10.000000
122.500000 107 10.344080 107.000000 10.344080
123.500000 81 9.000000 81.000000 9.000000
124.500000 97 9.848858 97.000000 9.848858
125.500000 71 8.426150 71.000000 8.426150
126.500000 57 7.549834 57.000000 7.549834
127.500000 26 5.099020 26.000000 5.099020
128.500000 73 8.544004 73.000000 8.544004
129.500000 14 3.741657 14.000000 3.741657
130.500000 79 8.888194 79.000000 8.888194
131.500000 74 8.602325 74.000000 8.602325
132.500000 106 10.295630 106.000000 10.295630
133.500000 58 7.615773 58.000000 7.615773
134.500000 69 8.306624 69.000000 8.306624
135.500000 95 9.746794 95.000000 9.746794
136.500000 126 11.224972 126.000000 11.224972
137.500000 147 12.124356 147.000000 12.124356
138.500000 120 10.954451 120.000000 10.954451
139.500000 124 11.135529 124.000000 11.135529
140.500000 67 8.185353 67.000000 8.185353
141.500000 155 12.449900 155.000000 12.449900
142.500000 190 13.784049 190.000000 13.784049
143.500000 188 13.711309 188.000000 13.711309
144.500000 150 12.247449 150.000000 12.247449
145.500000 189 13.747727 189.000000 13.747727
146.500000 155 12.449900 155.000000 12.449900
147.500000 179 13.379088 179.000000 13.379088
148.500000 244 15.620499 244.000000 15.620499
149.500000 225 15.000000 225.000000 15.000000
150.500000 188 13.711309 188.000000 13.711309
151.500000 204 14.282857 204.000000 14.282857
152.500000 179 13.379088 179.000000 13.379088
153.500000 186 13.638182 186.000000 13.638182
154.500000 185 13.601471 185.000000 13.601471
155.500000 271 16.462078 271.000000 16.462078
156.500000 217 14.730920 217.000000 14.730920
157.500000 249 15.779734 249.000000 15.779734
158.500000 173 13.152946 173.000000 13.152946
159.500000 213 14.594520 213.000000 14.594520
160.500000 247 15.716234 247.000000 15.716234
161.500000 240 15.491933 240.000000 15.491933
162.500000 208 14.422205 208.000000 14.422205
163.500000 191 13.820275 191.000000 13.820275
164.500000 234 15.297059 234.000000 15.297059
165.500000 234 15.297059 234.000000 15.297059
166.500000 217 14.730920 217.000000 14.730920
167.500000 166 12.884099 166.000000 12.884099
168.500000 176 13.266499 176.000000 13.266499
169.500000 122 11.045361 122.000000 11.045361
170.500000 119 10.908712 119.000000 10.908712
171.500000 106 10.295630 106.000000 10.295630
172.500000 141 11.874342 141.000000 11.874342
173.500000 147 12.124356 147.000000 12.124356
174.500000 106 10.295630 106.000000 10.295630
175.500000 159 12.609520 159.000000 12.609520
176.500000 132 11.489125 132.000000 11.489125
177.500000 145 12.041595 145.000000 12.041595
178.500000 85 9.219544 85.000000 9.219544
179.500000 108 10.392305 108.000000 10.392305
180.500000 89 9.433981 89.000000 9.433981
181.500000 127 11.269428 127.000000 11.269428
182.500000 92 9.591663 92.000000 9.591663
183.500000 60 7.745967 60.000000 7.745967
184.500000 106 10.295630 106.000000 10.295630
185.500000 94 9.695360 94.000000 9.695360
186.500000 77 8.774964 77.000000 8.774964
187.500000 79 8.888194 79.000000 8.888194
188.500000 56 7.483315 56.000000 7.483315
189.500000 76 8.717798 76.000000 8.717798
190.500000 80 8.944272 80.000000 8.944272
191.500000 54 7.348469 54.000000 7.348469
192.500000 68 8.246211 68.000000 8.246211
193.500000 39 6.244998 39.000000 6.244998
194.500000 42 6.480741 42.000000 6.480741
195.500000 21 4.582576 21.000000 4.582576
196.500000 49 7.000000 49.000000 7.000000
197.500000 70 8.366600 70.000000 8.366600
198.500000 24 4.898979 24.000000 4.898979
199.500000 82 9.055385 82.000000 9.055385
200.500000 40 6.324555 40.000000 6.324555
201.500000 37 6.082763 37.000000 6.082763
202.500000 49 7.000000 49.000000 7.000000
203.500000 36 6.000000 36.000000 6.000000
204.500000 46 6.782330 46.000000 6.782330
205.500000 43 6.557439 43.000000 6.557439
206.500000 57 7.549834 57.000000 7.549834
207.500000 3 1.732051 3.000000 1.732051
208.500000 65 8.062258 65.000000 8.062258
209.500000 35 5.916080 35.000000 5.916080
210.500000 17 4.123106 17.000000 4.123106
211.500000 33 5.744563 33.000000 5.744563
212.500000 41 6.403124 41.000000 6.403124
213.500000 34 5.830952 34.000000 5.830952
214.500000 8 2.828427 8.000000 2.828427
215.500000 73 8.544004 73.000000 8.544004
216.500000 50 7.071068 50.000000 7.071068
217.500000 31 5.567764 31.000000 5.567764
218.500000 69 8.306624 69.000000 8.306624
219.500000 -4 0.000000 -4.000000 0.000000
220.500000 45 6.708204 45.000000 6.708204
221.500000 17 4.123106 17.000000 4.123106
222.500000 39 6.244998 39.000000 6.244998
223.500000 14 3.741657 14.000000 3.741657
224.500000 32 5.656854 32.000000 5.656854
225.500000 29 5.385165 29.000000 5.385165
226.500000 14 3.741657 14.000000 3.741657
227.500000 26 5.099020 26.000000 5.099020
228.500000 33 5.744563 33.000000 5.744563
229.500000 34 5.830952 34.000000 5.830952
230.500000 31 5.567764 31.000000 5.567764
231.500000 19 4.358899 19.000000 4.358899
232.500000 0 0.000000 0.000000 0.000000
233.500000 64 8.000000 64.000000 8.000000
234.500000 23 4.795832 23.000000 4.795832
235.500000 -6 0.000000 -6.000000 0.000000
236.500000 61 7.810250 61.000000 7.810250
237.500000 21 4.582576 21.000000 4.582576
238.500000 6 2.449490 6.000000 2.449490
239.500000 16 4.000000 16.000000 4.000000
240.500000 8 2.828427 8.000000 2.828427
241.500000 1 1.000000 1.000000 1.000000
242.500000 14 3.741657 14.000000 3.741657
243.500000 30 5.477226 30.000000 5.477226
244.500000 6 2.449490 6.000000 2.449490
245.500000 27 5.196152 27.000000 5.196152
246.500000 13 3.605551 13.000000 3.605551
247.500000 9 3.000000 9.000000 3.000000
248.500000 21 4.582576 21.000000 4.582576
249.500000 30 5.477226 30.000000 5.477226
250.500000 6 2.449490 6.000000 2.449490
251.500000 30 5.477226 30.000000 5.477226
252.500000 12 3.464102 12.000000 3.464102
253.500000 35 5.916080 35.000000 5.916080
254.500000 24 4.898979 24.000000 4.898979
255.500000 18 4.242641 18.000000 4.242641
256.500000 11 3.316625 11.000000 3.316625
257.500000 22 4.690416 22.000000 4.690416
258.500000 34 5.830952 34.000000 5.830952
259.500000 10 3.162278 10.000000 3.162278
260.500000 12 3.464102 12.000000 3.464102
261.500000 51 7.141428 51.000000 7.141428
262.500000 29 5.385165 29.000000 5.385165
263.500000 33 5.744563 33.000000 5.744563
264.500000 37 6.082763 37.000000 6.082763
265.500000 27 5.196152 27.000000 5.196152
266.500000 14 3.741657 14.000000 3.741657
267.500000 20 4.472136 20.000000 4.472136
268.500000 2 1.414214 2.000000 1.414214
269.500000 -19 0.000000 -19.000000 0.000000
270.500000 14 3.741657 14.000000 3.741657
271.500000 14 3.741657 14.000000 3.741657
272.500000 44 6.633250 44.000000 6.633250
273.500000 34 5.830952 34.000000 5.830952
274.500000 22 4.690416 22.000000 4.690416
275.500000 10 3.162278 10.000000 3.162278
276.500000 26 5.099020 26.000000 5.099020
277.500000 23 4.795832 23.000000 4.795832
278.500000 18 4.242641 18.000000 4.242641
279.500000 37 6.082763 37.000000 6.082763
280.500000 24 4.898979 24.000000 4.898979
281.500000 21 4.582576 21.000000 4.582576
282.500000 15 3.872983 15.000000 3.872983
283.500000 22 4.690416 22.000000 4.690416
284.500000 13 3.605551 13.000000 3.605551
285.500000 30 5.477226 30.000000 5.477226
286.500000 16 4.000000 16.000000 4.000000
287.500000 35 5.916080 35.000000 5.916080
288.500000 30 5.477226 30.000000 5.477226
289.500000 22 4.690416 22.000000 4.690416
290.500000 21 4.582576 21.000000 4.582576
291.500000 32 5.656854 32.000000 5.656854
292.500000 11 3.316625 11.000000 3.316625
293.500000 22 4.690416 22.000000 4.690416
294.500000 5 2.236068 5.000000 2.236068
295.500000 13 3.605551 13.000000 3.605551
296.500000 5 2.236068 5.000000 2.236068
297.500000 -9 0.000000 -9.000000 0.000000
298.500000 7 2.645751 7.000000 2.645751
299.500000 22 4.690416 22.000000 4.690416
300.500000 39 6.244998 39.000000 6.244998
301.500000 20 4.472136 20.000000 4.472136
302.500000 15 3.872983 15.000000 3.872983
303.500000 19 4.358899 19.000000 4.358899
304.500000 14 3.741657 14.000000 3.741657
305.500000 -13 0.000000 -13.000000 0.000000
306.500000 23 4.795832 23.000000 4.795832
307.500000 18 4.242641 18.000000 4.242641
308.500000 10 3.162278 10.000000 3.162278
309.500000 6 2.449490 6.000000 2.449490
310.500000 12 3.464102 12.000000 3.464102
311.500000 16 4.000000 16.000000 4.000000
312.500000 13 3.605551 13.000000 3.605551
313.500000 11 3.316625 11.000000 3.316625
314.500000 17 4.123106 17.000000 4.123106
315.500000 33 5.744563 33.000000 5.744563
316.500000 22 4.690416 22.000000 4.690416
317.500000 10 3.162278 10.000000 3.162278
318.500000 33 5.744563 33.000000 5.744563
319.500000 14 3.741657 14.000000 3.741657
320.500000 5 2.236068 5.000000 2.236068
321.500000 28 5.291503 28.000000 5.291503
322.500000 13 3.605551 13.000000 3.605551
323.500000 21 4.582576 21.000000 4.582576
324.500000 9 3.000000 9.000000 3.000000
325.500000 20 4.472136 20.000000 4.472136
326.500000 19 4.358899 19.000000 4.358899
327.500000 4 2.000000 4.000000 2.000000
328.500000 4 2.000000 4.000000 2.000000
329.500000 24 4.898979 24.000000 4.898979
330.500000 8 2.828427 8.000000 2.828427
331.500000 13 3.605551 13.000000 3.605551
332.500000 34 5.830952 34.000000 5.830952
333.500000 23 4.795832 23.000000 4.795832
334.500000 19 4.358899 19.000000 4.358899
335.500000 6 2.449490 6.000000 2.449490
336.500000 9 3.000000 9.000000 3.000000
337.500000 8 2.828427 8.000000 2.828427
338.500000 12 3.464102 12.000000 3.464102
339.500000 5 2.236068 5.000000 2.236068
340.500000 9 3.000000 9.000000 3.000000
341.500000 28 5.291503 28.000000 5.291503
342.500000 23 4.795832 23.000000 4.795832
343.500000 16 4.000000 16.000000 4.000000
344.500000 6 2.449490 6.000000 2.449490
345.500000 1 1.000000 1.000000 1.000000
346.500000 14 3.741657 14.000000 3.741657
347.500000 11 3.316625 11.000000 3.316625
348.500000 16 4.000000 16.000000 4.000000
349.500000 20 4.472136 20.000000 4.472136
350.500000 27 5.196152 27.000000 5.196152
351.500000 13 3.605551 13.000000 3.605551
352.500000 23 4.795832 23.000000 4.795832
353.500000 11 3.316625 11.000000 3.316625
354.500000 -8 0.000000 -8.000000 0.000000
355.500000 11 3.316625 11.000000 3.316625
356.500000 19 4.358899 19.000000 4.358899
357.500000 10 3.162278 10.000000 3.162278
358.500000 9 3.000000 9.000000 3.000000
359.500000 21 4.582576 21.000000 4.582576
360.500000 1 1.000000 1.000000 1.000000
361.500000 25 5.000000 25.000000 5.000000
362.500000 26 5.099020 26.000000 5.099020
363.500000 11 3.316625 11.000000 3.316625
364.500000 22 4.690416 22.000000 4.690416
365.500000 11 3.316625 11.000000 3.316625
366.500000 26 5.099020 26.000000 5.099020
367.500000 7 2.645751 7.000000 2.645751
368.500000 0 0.000000 0.000000 0.000000
369.500000 22 4.690416 22.000000 4.690416
370.500000 6 2.449490 6.000000 2.449490
371.500000 5 2.236068 5.000000 2.236068
372.500000 29 5.385165 29.000000 5.385165
373.500000 9 3.000000 9.000000 3.000000
374.500000 19 4.358899 19.000000 4.358899
375.500000 8 2.828427 8.000000 2.828427
376.500000 5 2.236068 5.000000 2.236068
377.500000 6 2.449490 6.000000 2.449490
378.500000 -2 0.000000 -2.000000 0.000000
379.500000 12 3.464102 12.000000 3.464102
380.500000 3 1.732051 3.000000 1.732051
381.500000 13 3.605551 13.000000 3.605551
382.500000 -6 0.000000 -6.000000 0.000000
383.500000 17 4.123106 17.000000 4.123106
384.500000 -4 0.000000 -4.000000 0.000000
385.500000 12 3.464102 12.000000 3.464102
386.500000 8 2.828427 8.000000 2.828427
387.500000 6 2.449490 6.000000 2.449490
388.500000 15 3.872983 15.000000 3.872983
389.500000 9 3.000000 9.000000 3.000000
390.500000 16 4.000000 16.000000 4.000000
391.500000 7 2.645751 7.000000 2.645751
392.500000 12 3.464102 12.000000 3.464102
393.500000 16 4.000000 16.000000 4.000000
394.500000 6 2.449490 6.000000 2.449490
395.500000 12 3.464102 12.000000 3.464102
396.500000 6 2.449490 6.000000 2.449490
397.500000 6 2.449490 6.000000 2.449490
398.500000 12 3.464102 12.000000 3.464102
399.500000 8 2.828427 8.000000 2.828427
400.500000 9 3.000000 9.000000 3.000000
401.500000 11 3.316625 11.000000 3.316625
402.500000 11 3.316625 11.000000 3.316625
403.500000 8 2.828427 8.000000 2.828427
404.500000 -5 0.000000 -5.000000 0.000000
405.500000 10 3.162278 10.000000 3.162278
406.500000 5 2.236068 5.000000 2.236068
407.500000 18 4.242641 18.000000 4.242641
408.500000 9 3.000000 9.000000 3.000000
409.500000 8 2.828427 8.000000 2.828427
410.500000 5 2.236068 5.000000 2.236068
411.500000 6 2.449490 6.000000 2.449490
412.500000 -3 0.000000 -3.000000 0.000000
413.500000 3 1.732051 3.000000 1.732051
414.500000 -4 0.000000 -4.000000 0.000000
415.500000 1 1.000000 1.000000 1.000000
416.500000 2 1.414214 2.000000 1.414214
417.500000 -2 0.000000 -2.000000 0.000000
418.500000 6 2.449490 6.000000 2.449490
419.500000 11 3.316625 11.000000 3.316625
420.500000 6 2.449490 6.000000 2.449490
421.500000 12 3.464102 12.000000 3.464102
422.500000 20 4.472136 20.000000 4.472136
423.500000 6 2.449490 6.000000 2.449490
424.500000 -4 0.000000 -4.000000 0.000000
425.500000 6 2.449490 6.000000 2.449490
426.500000 19 4.358899 19.000000 4.358899
427.500000 29 5.385165 29.000000 5.385165
428.500000 3 1.732051 3.000000 1.732051
429.500000 13 3.605551 13.000000 3.605551
430.500000 10 3.162278 10.000000 3.162278
431.500000 -10 0.000000 -10.000000 0.000000
432.500000 3 1.732051 3.000000 1.732051
433.500000 -5 0.000000 -5.000000 0.000000
434.500000 -2 0.000000 -2.000000 0.000000
435.500000 10 3.162278 10.000000 3.162278
436.500000 5 2.236068 5.000000 2.236068
437.500000 -4 0.000000 -4.000000 0.000000
438.500000 -2 0.000000 -2.000000 0.000000
439.500000 6 2.449490 6.000000 2.449490
440.500000 -3 0.000000 -3.000000 0.000000
441.500000 1 1.000000 1.000000 1.000000
442.500000 16 4.000000 16.000000 4.000000
443.500000 8 2.828427 8.000000 2.828427
444.500000 1 1.000000 1.000000 1.000000
445.500000 11 3.316625 11.000000 3.316625
446.500000 -13 0.000000 -13.000000 0.000000
447.500000 15 3.872983 15.000000 3.872983
448.500000 14 3.741657 14.000000 3.741657
449.500000 18 4.242641 18.000000 4.242641
450.500000 2 1.414214 2.000000 1.414214
451.500000 -6 0.000000 -6.000000 0.000000
452.500000 8 2.828427 8.000000 2.828427
453.500000 7 2.645751 7.000000 2.645751
454.500000 5 2.236068 5.000000 2.236068
455.500000 5 2.236068 5.000000 2.236068
456.500000 5 2.236068 5.000000 2.236068
457.500000 3 1.732051 3.000000 1.732051
458.500000 3 1.732051 3.000000 1.732051
459.500000 6 2.449490 6.000000 2.449490
460.500000 7 2.645751 7.000000 2.645751
461.500000 16 4.000000 16.000000 4.000000
462.500000 -3 0.000000 -3.000000 0.000000
463.500000 1 1.000000 1.000000 1.000000
464.500000 8 2.828427 8.000000 2.828427
465.500000 -3 0.000000 -3.000000 0.000000
466.500000 4 2.000000 4.000000 2.000000
467.500000 -7 0.000000 -7.000000 0.000000
468.500000 -4 0.000000 -4.000000 0.000000
469.500000 1 1.000000 1.000000 1.000000
470.500000 0 0.000000 0.000000 0.000000
471.500000 7 2.645751 7.000000 2.645751
472.500000 4 2.000000 4.000000 2.000000
473.500000 9 3.000000 9.000000 3.000000
474.500000 -2 0.000000 -2.000000 0.000000
475.500000 5 2.236068 5.000000 2.236068
476.500000 12 3.464102 12.000000 3.464102
477.500000 5 2.236068 5.000000 2.236068
478.500000 -1 0.000000 -1.000000 0.000000
479.500000 0 0.000000 0.000000 0.000000
480.500000 16 4.000000 16.000000 4.000000
481.500000 -1 0.000000 -1.000000 0.000000
482.500000 1 1.000000 1.000000 1.000000
483.500000 6 2.449490 6.000000 2.449490
484.500000 6 2.449490 6.000000 2.449490
485.500000 -11 0.000000 -11.000000 0.000000
486.500000 15 3.872983 15.000000 3.872983
487.500000 -6 0.000000 -6.000000 0.000000
488.500000 4 2.000000 4.000000 2.000000
489.500000 1 1.000000 1.000000 1.000000
490.500000 3 1.732051 3.000000 1.732051
491.500000 -4 0.000000 -4.000000 0.000000
492.500000 -2 0.000000 -2.000000 0.000000
493.500000 9 3.000000 9.000000 3.000000
494.500000 5 2.236068 5.000000 2.236068
495.500000 -1 0.000000 -1.000000 0.000000
496.500000 3 1.732051 3.000000 1.732051
497.500000 -4 0.000000 -4.000000 0.000000
498.500000 1 1.000000 1.000000 1.000000
499.500000 0 0.000000 0.000000 0.000000
500.500000 5 2.236068 5.000000 2.236068
501.500000 -12 0.000000 -12.000000 0.000000
502.500000 7 2.645751 7.000000 2.645751
503.500000 5 2.236068 5.000000 2.236068
504.500000 -7 0.000000 -7.000000 0.000000
505.500000 -3 0.000000 -3.000000 0.000000
506.500000 -5 0.000000 -5.000000 0.000000
507.500000 -10 0.000000 -10.000000 0.000000
508.500000 -2 0.000000 -2.000000 0.000000
509.500000 1 1.000000 1.000000 1.000000
510.500000 -2 0.000000 -2.000000 0.000000
511.500000 -3 0.000000 -3.000000 0.000000
512.500000 5 2.236068 5.000000 2.236068
513.500000 2 1.414214 2.000000 1.414214
514.500000 6 2.449490 6.000000 2.449490
515.500000 -6 0.000000 -6.000000 0.000000
516.500000 -6 0.000000 -6.000000 0.000000
517.500000 10 3.162278 10.000000 3.162278
518.500000 2 1.414214 2.000000 1.414214
519.500000 5 2.236068 5.000000 2.236068
520.500000 -2 0.000000 -2.000000 0.000000
521.500000 -4 0.000000 -4.000000 0.000000
522.500000 3 1.732051 3.000000 1.732051
523.500000 -7 0.000000 -7.000000 0.000000
524.500000 6 2.449490 6.000000 2.449490
525.500000 3 1.732051 3.000000 1.732051
526.500000 -4 0.000000 -4.000000 0.000000
527.500000 -3 0.000000 -3.000000 0.000000
528.500000 -3 0.000000 -3.000000 0.000000
529.500000 1 1.000000 1.000000 1.000000
530.500000 -2 0.000000 -2.000000 0.000000
531.500000 -3 0.000000 -3.000000 0.000000
532.500000 6 2.449490 6.000000 2.449490
533.500000 5 2.236068 5.000000 2.236068
534.500000 1 1.000000 1.000000 1.000000
535.500000 -7 0.000000 -7.000000 0.000000
536.500000 8 2.828427 8.000000 2.828427
537.500000 5 2.236068 5.000000 2.236068
538.500000 -2 0.000000 -2.000000 0.000000
539.500000 1 1.000000 1.000000 1.000000
540.500000 -4 0.000000 -4.000000 0.000000
541.500000 3 1.732051 3.000000 1.732051
542.500000 3 1.732051 3.000000 1.732051
543.500000 4 2.000000 4.000000 2.000000
544.500000 -2 0.000000 -2.000000 0.000000
545.500000 0 0.000000 0.000000 0.000000
546.500000 8 2.828427 8.000000 2.828427
547.500000 2 1.414214 2.000000 1.414214
548.500000 -5 0.000000 -5.000000 0.000000
549.500000 3 1.732051 3.000000 1.732051
550.500000 4 2.000000 4.000000 2.000000
551.500000 0 0.000000 0.000000 0.000000
552.500000 6 2.449490 6.000000 2.449490
553.500000 1 1.000000 1.000000 1.000000
554.500000 4 2.000000 4.000000 2.000000
555.500000 -3 0.000000 -3.000000 0.000000
556.500000 2 1.414214 2.000000 1.414214
557.500000 -7 0.000000 -7.000000 0.000000
558.500000 5 2.236068 5.000000 2.236068
559.500000 0 0.000000 0.000000 0.000000
560.500000 3 1.732051 3.000000 1.732051
561.500000 0 0.000000 0.000000 0.000000
562.500000 -6 0.000000 -6.000000 0.000000
563.500000 -1 0.000000 -1.000000 0.000000
564.500000 2 1.414214 2.000000 1.414214
565.500000 5 2.236068 5.000000 2.236068
566.500000 -1 0.000000 -1.000000 0.000000
567.500000 0 0.000000 0.000000 0.000000
568.500000 1 1.000000 1.000000 1.000000
569.500000 3 1.732051 3.000000 1.732051
570.500000 -7 0.000000 -7.000000 0.000000
571.500000 -1 0.000000 -1.000000 0.000000
572.500000 0 0.000000 0.000000 0.000000
573.500000 -1 0.000000 -1.000000 0.000000
574.500000 3 1.732051 3.000000 1.732051
575.500000 5 2.236068 5.000000 2.236068
576.500000 -7 0.000000 -7.000000 0.000000
577.500000 -2 0.000000 -2.000000 0.000000
578.500000 -4 0.000000 -4.000000 0.000000
579.500000 -1 0.000000 -1.000000 0.000000
580.500000 0 0.000000 0.000000 0.000000
581.500000 0 0.000000 0.000000 0.000000
582.500000 3 1.732051 3.000000 1.732051
583.500000 -3 0.000000 -3.000000 0.000000
584.500000 6 2.449490 6.000000 2.449490
585.500000 -1 0.000000 -1.000000 0.000000
586.500000 -1 0.000000 -1.000000 0.000000
587.500000 -5 0.000000 -5.000000 0.000000
588.500000 -6 0.000000 -6.000000 0.000000
589.500000 0 0.000000 0.000000 0.000000
590.500000 -4 0.000000 -4.000000 0.000000
591.500000 8 2.828427 8.000000 2.828427
592.500000 -5 0.000000 -5.000000 0.000000
593.500000 -6 0.000000 -6.000000 0.000000
594.500000 -2 0.000000 -2.000000 0.000000
595.500000 0 0.000000 0.000000 0.000000
596.500000 -1 0.000000 -1.000000 0.000000
597.500000 6 2.449490 6.000000 2.449490
598.500000 -1 0.000000 -1.000000 0.000000
599.500000 -2 0.000000 -2.000000 0.000000
600.500000 -2 0.000000 -2.000000 0.000000
601.500000 0 0.000000 0.000000 0.000000
602.500000 0 0.000000 0.000000 0.000000
603.500000 2 1.414214 2.000000 1.414214
604.500000 -8 0.000000 -8.000000 0.000000
605.500000 2 1.414214 2.000000 1.414214
606.500000 -1 0.000000 -1.000000 0.000000
607.500000 -4 0.000000 -4.000000 0.000000
608.500000 1 1.000000 1.000000 1.000000
609.500000 -1 0.000000 -1.000000 0.000000
610.500000 -6 0.000000 -6.000000 0.000000
611.500000 -2 0.000000 -2.000000 0.000000
612.500000 2 1.414214 2.000000 1.414214
613.500000 4 2.000000 4.000000 2.000000
614.500000 2 1.414214 2.000000 1.414214
615.500000 3 1.732051 3.000000 1.732051
616.500000 1 1.000000 1.000000 1.000000
617.500000 2 1.414214 2.000000 1.414214
618.500000 3 1.732051 3.000000 1.732051
619.500000 -3 0.000000 -3.000000 0.000000
620.500000 0 0.000000 0.000000 0.000000
621.500000 -1 0.000000 -1.000000 0.000000
622.500000 2 1.414214 2.000000 1.414214
623.500000 3 1.732051 3.000000 1.732051
624.500000 1 1.000000 1.000000 1.000000
625.500000 -4 0.000000 -4.000000 0.000000
626.500000 8 2.828427 8.000000 2.828427
627.500000 1 1.000000 1.000000 1.000000
628.500000 -4 0.000000 -4.000000 0.000000
629.500000 -4 0.000000 -4.000000 0.000000
630.500000 0 0.000000 0.000000 0.000000
631.500000 7 2.645751 7.000000 2.645751
632.500000 -5 0.000000 -5.000000 0.000000
633.500000 -2 0.000000 -2.000000 0.000000
634.500000 4 2.000000 4.000000 2.000000
635.500000 -4 0.000000 -4.000000 0.000000
636.500000 0 0.000000 0.000000 0.000000
637.500000 0 0.000000 0.000000 0.000000
638.500000 -1 0.000000 -1.000000 0.000000
639.500000 -2 0.000000 -2.000000 0.000000
640.500000 2 1.414214 2.000000 1.414214
641.500000 1 1.000000 1.000000 1.000000
642.500000 0 0.000000 0.000000 0.000000
643.500000 -2 0.000000 -2.000000 0.000000
644.500000 0 0.000000 0.000000 0.000000
645.500000 5 2.236068 5.000000 2.236068
646.500000 -2 0.000000 -2.000000 0.000000
647.500000 -1 0.000000 -1.000000 0.000000
648.500000 3 1.732051 3.000000 1.732051
649.500000 5 2.236068 5.000000 2.236068
650.500000 -3 0.000000 -3.000000 0.000000
651.500000 0 0.000000 0.000000 0.000000
652.500000 3 1.732051 3.000000 1.732051
653.500000 3 1.732051 3.000000 1.732051
654.500000 -3 0.000000 -3.000000 0.000000
655.500000 6 2.449490 6.000000 2.449490
656.500000 0 0.000000 0.000000 0.000000
657.500000 -1 0.000000 -1.000000 0.000000
658.500000 -5 0.000000 -5.000000 0.000000
659.500000 4 2.000000 4.000000 2.000000
660.500000 2 1.414214 2.000000 1.414214
661.500000 4 2.000000 4.000000 2.000000
662.500000 3 1.732051 3.000000 1.732051
663.500000 3 1.732051 3.000000 1.732051
664.500000 -1 0.000000 -1.000000 0.000000
665.500000 1 1.000000 1.000000 1.000000
666.500000 0 0.000000 0.000000 0.000000
667.500000 2 1.414214 2.000000 1.414214
668.500000 -2 0.000000 -2.000000 0.000000
669.500000 -1 0.000000 -1.000000 0.000000
670.500000 -1 0.000000 -1.000000 0.000000
671.500000 1 1.000000 1.000000 1.000000
672.500000 -2 0.000000 -2.000000 0.000000
673.500000 1 1.000000 1.000000 1.000000
674.500000 -3 0.000000 -3.000000 0.000000
675.500000 4 2.000000 4.000000 2.000000
676.500000 -3 0.000000 -3.000000 0.000000
677.500000 -2 0.000000 -2.000000 0.000000
678.500000 -4 0.000000 -4.000000 0.000000
679.500000 1 1.000000 1.000000 1.000000
680.500000 1 1.000000 1.000000 1.000000
681.500000 1 1.000000 1.000000 1.000000
682.500000 0 0.000000 0.000000 0.000000
683.500000 -2 0.000000 -2.000000 0.000000
684.500000 3 1.732051 3.000000 1.732051
685.500000 3 1.732051 3.000000 1.732051
686.500000 4 2.000000 4.000000 2.000000
687.500000 -2 0.000000 -2.000000 0.000000
688.500000 2 1.414214 2.000000 1.414214
689.500000 -1 0.000000 -1.000000 0.000000
690.500000 2 1.414214 2.000000 1.414214
691.500000 -3 0.000000 -3.000000 0.000000
692.500000 -1 0.000000 -1.000000 0.000000
693.500000 0 0.000000 0.000000 0.000000
694.500000 0 0.000000 0.000000 0.000000
695.500000 3 1.732051 3.000000 1.732051
696.500000 -1 0.000000 -1.000000 0.000000
697.500000 0 0.000000 0.000000 0.000000
698.500000 0 0.000000 0.000000 0.000000
699.500000 2 1.414214 2.000000 1.414214
700.500000 -2 0.000000 -2.000000 0.000000
701.500000 -1 0.000000 -1.000000 0.000000
702.500000 5 2.236068 5.000000 2.236068
703.500000 2 1.414214 2.000000 1.414214
704.500000 0 0.000000 0.000000 0.000000
705.500000 -2 0.000000 -2.000000 0.000000
706.500000 -1 0.000000 -1.000000 0.000000
707.500000 -1 0.000000 -1.000000 0.000000
708.500000 2 1.414214 2.000000 1.414214
709.500000 -1 0.000000 -1.000000 0.000000
710.500000 1 1.000000 1.000000 1.000000
711.500000 1 1.000000 1.000000 1.000000
712.500000 1 1.000000 1.000000 1.000000
713.500000 -2 0.000000 -2.000000 0.000000
714.500000 1 1.000000 1.000000 1.000000
715.500000 1 1.000000 1.000000 1.000000
716.500000 0 0.000000 0.000000 0.000000
717.500000 1 1.000000 1.000000 1.000000
718.500000 0 0.000000 0.000000 0.000000
719.500000 1 1.000000 1.000000 1.000000
720.500000 1 1.000000 1.000000 1.000000
721.500000 -1 0.000000 -1.000000 0.000000
722.500000 2 1.414214 2.000000 1.414214
723.500000 3 1.732051 3.000000 1.732051
724.500000 -1 0.000000 -1.000000 0.000000
725.500000 -2 0.000000 -2.000000 0.000000
726.500000 1 1.000000 1.000000 1.000000
727.500000 4 2.000000 4.000000 2.000000
728.500000 1 1.000000 1.000000 1.000000
729.500000 2 1.414214 2.000000 1.414214
730.500000 0 0.000000 0.000000 0.000000
731.500000 0 0.000000 0.000000 0.000000
732.500000 0 0.000000 0.000000 0.000000
733.500000 2 1.414214 2.000000 1.414214
734.500000 -1 0.000000 -1.000000 0.000000
735.500000 0 0.000000 0.000000 0.000000
736.500000 -2 0.000000 -2.000000 0.000000
737.500000 0 0.000000 0.000000 0.000000
738.500000 1 1.000000 1.000000 1.000000
739.500000 2 1.414214 2.000000 1.414214
740.500000 0 0.000000 0.000000 0.000000
741.500000 0 0.000000 0.000000 0.000000
742.500000 0 0.000000 0.000000 0.000000
743.500000 1 1.000000 1.000000 1.000000
744.500000 1 1.000000 1.000000 1.000000
745.500000 1 1.000000 1.000000 1.000000
746.500000 0 0.000000 0.000000 0.000000
747.500000 1 1.000000 1.000000 1.000000
748.500000 0 0.000000 0.000000 0.000000
749.500000 -1 0.000000 -1.000000 0.000000
750.500000 0 0.000000 0.000000 0.000000
751.500000 -2 0.000000 -2.000000 0.000000
752.500000 3 1.732051 3.000000 1.732051
753.500000 -3 0.000000 -3.000000 0.000000
754.500000 2 1.414214 2.000000 1.414214
755.500000 -1 0.000000 -1.000000 0.000000
756.500000 0 0.000000 0.000000 0.000000
757.500000 1 1.000000 1.000000 1.000000
758.500000 1 1.000000 1.000000 1.000000
759.500000 1 1.000000 1.000000 1.000000
760.500000 0 0.000000 0.000000 0.000000
761.500000 0 0.000000 0.000000 0.000000
762.500000 -2 0.000000 -2.000000 0.000000
763.500000 1 1.000000 1.000000 1.000000
764.500000 0 0.000000 0.000000 0.000000
765.500000 2 1.414214 2.000000 1.414214
766.500000 2 1.414214 2.000000 1.414214
767.500000 0 0.000000 0.000000 0.000000
768.500000 0 0.000000 0.000000 0.000000
769.500000 1 1.000000 1.000000 1.000000
770.500000 0 0.000000 0.000000 0.000000
771.500000 0 0.000000 0.000000 0.000000
772.500000 -1 0.000000 -1.000000 0.000000
773.500000 1 1.000000 1.000000 1.000000
774.500000 0 0.000000 0.000000 0.000000
775.500000 1 1.000000 1.000000 1.000000
776.500000 0 0.000000 0.000000 0.000000
777.500000 -1 0.000000 -1.000000 0.000000
778.500000 0 0.000000 0.000000 0.000000
779.500000 -1 0.000000 -1.000000 0.000000
780.500000 -2 0.000000 -2.000000 0.000000
781.500000 -2 0.000000 -2.000000 0.000000
782.500000 -1 0.000000 -1.000000 0.000000
783.500000 0 0.000000 0.000000 0.000000
784.500000 0 0.000000 0.000000 0.000000
785.500000 -3 0.000000 -3.000000 0.000000
786.500000 0 0.000000 0.000000 0.000000
787.500000 0 0.000000 0.000000 0.000000
788.500000 1 1.000000 1.000000 1.000000
789.500000 1 1.000000 1.000000 1.000000
790.500000 0 0.000000 0.000000 0.000000
791.500000 -1 0.000000 -1.000000 0.000000
792.500000 2 1.414214 2.000000 1.414214
793.500000 0 0.000000 0.000000 0.000000
794.500000 1 1.000000 1.000000 1.000000
795.500000 1 1.000000 1.000000 1.000000
796.500000 -2 0.000000 -2.000000 0.000000
797.500000 0 0.000000 0.000000 0.000000
798.500000 0 0.000000 0.000000 0.000000
799.500000 0 0.000000 0.000000 0.000000
800.500000 0 0.000000 0.000000 0.000000
801.500000 0 0.000000 0.000000 0.000000
802.500000 0 0.000000 0.000000 0.000000
803.500000 1 1.000000 1.000000 1.000000
804.500000 0 0.000000 0.000000 0.000000
805.500000 0 0.000000 0.000000 0.000000
806.500000 0 0.000000 0.000000 0.000000
807.500000 0 0.000000 0.000000 0.000000
808.500000 0 0.000000 0.000000 0.000000
809.500000 0 0.000000 0.000000 0.000000
810.500000 -2 0.000000 -2.000000 0.000000
811.500000 0 0.000000 0.000000 0.000000
812.500000 -1 0.000000 -1.000000 0.000000
813.500000 0 0.000000 0.000000 0.000000
814.500000 -1 0.000000 -1.000000 0.000000
815.500000 1 1.000000 1.000000 1.000000
816.500000 0 0.000000 0.000000 0.000000
817.500000 1 1.000000 1.000000 1.000000
818.500000 0 0.000000 0.000000 0.000000
819.500000 0 0.000000 0.000000 0.000000
820.500000 0 0.000000 0.000000 0.000000
821.500000 0 0.000000 0.000000 0.000000
822.500000 1 1.000000 1.000000 1.000000
823.500000 1 1.000000 1.000000 1.000000
824.500000 0 0.000000 0.000000 0.000000
825.500000 0 0.000000 0.000000 0.000000
826.500000 -2 0.000000 -2.000000 0.000000
827.500000 1 1.000000 1.000000 1.000000
828.500000 1 1.000000 1.000000 1.000000
829.500000 0 0.000000 0.000000 0.000000
830.500000 0 0.000000 0.000000 0.000000
831.500000 -1 0.000000 -1.000000 0.000000
832.500000 0 0.000000 0.000000 0.000000
833.500000 0 0.000000 0.000000 0.000000
834.500000 1 1.000000 1.000000 1.000000
835.500000 0 0.000000 0.000000 0.000000
836.500000 0 0.000000 0.000000 0.000000
837.500000 0 0.000000 0.000000 0.000000
838.500000 0 0.000000 0.000000 0.000000
839.500000 0 0.000000 0.000000 0.000000
840.500000 0 0.000000 0.000000 0.000000
841.500000 0 0.000000 0.000000 0.000000
842.500000 1 1.000000 1.000000 1.000000
843.500000 0 0.000000 0.000000 0.000000
844.500000 0 0.000000 0.000000 0.000000
845.500000 0 0.000000 0.000000 0.000000
846.500000 0 0.000000 0.000000 0.000000
847.500000 0 0.000000 0.000000 0.000000
848.500000 -2 0.000000 -2.000000 0.000000
849.500000 2 1.414214 2.000000 1.414214
850.500000 0 0.000000 0.000000 0.000000
851.500000 -1 0.000000 -1.000000 0.000000
852.500000 0 0.000000 0.000000 0.000000
853.500000 1 1.000000 1.000000 1.000000
854.500000 0 0.000000 0.000000 0.000000
855.500000 0 0.000000 0.000000 0.000000
856.500000 0 0.000000 0.000000 0.000000
857.500000 0 0.000000 0.000000 0.000000
858.500000 1 1.000000 1.000000 1.000000
859.500000 0 0.000000 0.000000 0.000000
860.500000 1 1.000000 1.000000 1.000000
861.500000 -1 0.000000 -1.000000 0.000000
862.500000 1 1.000000 1.000000 1.000000
863.500000 0 0.000000 0.000000 0.000000
864.500000 0 0.000000 0.000000 0.000000
865.500000 0 0.000000 0.000000 0.000000
866.500000 0 0.000000 0.000000 0.000000
867.500000 0 0.000000 0.000000 0.000000
868.500000 0 0.000000 0.000000 0.000000
869.500000 0 0.000000 0.000000 0.000000
870.500000 0 0.000000 0.000000 0.000000
871.500000 0 0.000000 0.000000 0.000000
872.500000 0 0.000000 0.000000 0.000000
873.500000 0 0.000000 0.000000 0.000000
874.500000 0 0.000000 0.000000 0.000000
875.500000 -1 0.000000 -1.000000 0.000000
876.500000 0 0.000000 0.000000 0.000000
877.500000 1 1.000000 1.000000 1.000000
878.500000 1 1.000000 1.000000 1.000000
879.500000 0 0.000000 0.000000 0.000000
880.500000 0 0.000000 0.000000 0.000000
881.500000 0 0.000000 0.000000 0.000000
882.500000 0 0.000000 0.000000 0.000000
883.500000 -1 0.000000 -1.000000 0.000000
884.500000 0 0.000000 0.000000 0.000000
885.500000 -1 0.000000 -1.000000 0.000000
886.500000 -1 0.000000 -1.000000 0.000000
887.500000 -1 0.000000 -1.000000 0.000000
888.500000 0 0.000000 0.000000 0.000000
889.500000 1 1.000000 1.000000 1.000000
890.500000 0 0.000000 0.000000 0.000000
891.500000 0 0.000000 0.000000 0.000000
892.500000 0 0.000000 0.000000 0.000000
893.500000 0 0.000000 0.000000 0.000000
894.500000 0 0.000000 0.000000 0.000000
895.500000 0 0.000000 0.000000 0.000000
896.500000 0 0.000000 0.000000 0.000000
897.500000 0 0.000000 0.000000 0.000000
898.500000 0 0.000000 0.000000 0.000000
899.500000 0 0.000000 0.000000 0.000000
900.500000 0 0.000000 0.000000 0.000000
901.500000 0 0.000000 0.000000 0.000000
902.500000 0 0.000000 0.000000 0.000000
903.500000 0 0.000000 0.000000 0.000000
904.500000 0 0.000000 0.000000 0.000000
905.500000 0 0.000000 0.000000 0.000000
906.500000 0 0.000000 0.000000 0.000000
907.500000 1 1.000000 1.000000 1.000000
908.500000 0 0.000000 0.000000 0.000000
909.500000 0 0.000000 0.000000 0.000000
910.500000 0 0.000000 0.000000 0.000000
911.500000 -1 0.000000 -1.000000 0.000000
912.500000 0 0.000000 0.000000 0.000000
913.500000 0 0.000000 0.000000 0.000000
914.500000 0 0.000000 0.000000 0.000000
915.500000 -1 0.000000 -1.000000 0.000000
916.500000 0 0.000000 0.000000 0.000000
917.500000 0 0.000000 0.000000 0.000000
918.500000 0 0.000000 0.000000 0.000000
919.500000 0 0.000000 0.000000 0.000000
920.500000 0 0.000000 0.000000 0.000000
921.500000 0 0.000000 0.000000 0.000000
922.500000 1 1.000000 1.000000 1.000000
923.500000 0 0.000000 0.000000 0.000000
924.500000 0 0.000000 0.000000 0.000000
925.500000 0 0.000000 0.000000 0.000000
926.500000 0 0.000000 0.000000 0.000000
927.500000 0 0.000000 0.000000 0.000000
928.500000 0 0.000000 0.000000 0.000000
929.500000 0 0.000000 0.000000 0.000000
930.500000 0 0.000000 0.000000 0.000000
931.500000 0 0.000000 0.000000 0.000000
932.500000 0 0.000000 0.000000 0.000000
933.500000 0 0.000000 0.000000 0.000000
934.500000 0 0.000000 0.000000 0.000000
935.500000 0 0.000000 0.000000 0.000000
936.500000 1 1.000000 1.000000 1.000000
937.500000 0 0.000000 0.000000 0.000000
938.500000 1 1.000000 1.000000 1.000000
939.500000 0 0.000000 0.000000 0.000000
940.500000 0 0.000000 0.000000 0.000000
941.500000 0 0.000000 0.000000 0.000000
942.500000 0 0.000000 0.000000 0.000000
943.500000 0 0.000000 0.000000 0.000000
944.500000 0 0.000000 0.000000 0.000000
945.500000 0 0.000000 0.000000 0.000000
946.500000 0 0.000000 0.000000 0.000000
947.500000 0 0.000000 0.000000 0.000000
948.500000 0 0.000000 0.000000 0.000000
949.500000 0 0.000000 0.000000 0.000000
950.500000 0 0.000000 0.000000 0.000000
951.500000 0 0.000000 0.000000 0.000000
952.500000 0 0.000000 0.000000 0.000000
953.500000 0 0.000000 0.000000 0.000000
954.500000 0 0.000000 0.000000 0.000000
955.500000 0 0.000000 0.000000 0.000000
956.500000 1 1.000000 1.000000 1.000000
957.500000 -1 0.000000 -1.000000 0.000000
958.500000 0 0.000000 0.000000 0.000000
959.500000 0 0.000000 0.000000 0.000000
960.500000 0 0.000000 0.000000 0.000000
961.500000 0 0.000000 0.000000 0.000000
962.500000 0 0.000000 0.000000 0.000000
963.500000 0 0.000000 0.000000 0.000000
964.500000 -1 0.000000 -1.000000 0.000000
965.500000 0 0.000000 0.000000 0.000000
966.500000 0 0.000000 0.000000 0.000000
967.500000 0 0.000000 0.000000 0.000000
968.500000 1 1.000000 1.000000 1.000000
969.500000 0 0.000000 0.000000 0.000000
970.500000 0 0.000000 0.000000 0.000000
971.500000 0 0.000000 0.000000 0.000000
972.500000 0 0.000000 0.000000 0.000000
973.500000 0 0.000000 0.000000 0.000000
974.500000 0 0.000000 0.000000 0.000000
975.500000 0 0.000000 0.000000 0.000000
976.500000 1 1.000000 1.000000 1.000000
977.500000 0 0.000000 0.000000 0.000000
978.500000 0 0.000000 0.000000 0.000000
979.500000 0 0.000000 0.000000 0.000000
980.500000 0 0.000000 0.000000 0.000000
981.500000 0 0.000000 0.000000 0.000000
982.500000 0 0.000000 0.000000 0.000000
983.500000 0 0.000000 0.000000 0.000000
984.500000 0 0.000000 0.000000 0.000000
985.500000 0 0.000000 0.000000 0.000000
986.500000 0 0.000000 0.000000 0.000000
987.500000 0 0.000000 0.000000 0.000000
988.500000 0 0.000000 0.000000 0.000000
989.500000 0 0.000000 0.000000 0.000000
990.500000 0 0.000000 0.000000 0.000000
991.500000 0 0.000000 0.000000 0.000000
992.500000 0 0.000000 0.000000 0.000000
993.500000 0 0.000000 0.000000 0.000000
994.500000 0 0.000000 0.000000 0.000000
995.500000 0 0.000000 0.000000 0.000000
996.500000 0 0.000000 0.000000 0.000000
997.500000 0 0.000000 0.000000 0.000000
998.500000 0 0.000000 0.000000 0.000000
999.500000 0 0.000000 0.000000 0.000000
1000.500000 0 0.000000 0.000000 0.000000
1001.500000 0 0.000000 0.000000 0.000000
1002.500000 0 0.000000 0.000000 0.000000
1003.500000 0 0.000000 0.000000 0.000000
1004.500000 0 0.000000 0.000000 0.000000
1005.500000 0 0.000000 0.000000 0.000000
1006.500000 0 0.000000 0.000000 0.000000
1007.500000 -1 0.000000 -1.000000 0.000000
1008.500000 0 0.000000 0.000000 0.000000
1009.500000 0 0.000000 0.000000 0.000000
1010.500000 0 0.000000 0.000000 0.000000
1011.500000 0 0.000000 0.000000 0.000000
1012.500000 0 0.000000 0.000000 0.000000
1013.500000 0 0.000000 0.000000 0.000000
1014.500000 0 0.000000 0.000000 0.000000
1015.500000 0 0.000000 0.000000 0.000000
1016.500000 0 0.000000 0.000000 0.000000
1017.500000 0 0.000000 0.000000 0.000000
1018.500000 0 0.000000 0.000000 0.000000
1019.500000 0 0.000000 0.000000 0.000000
1020.500000 0 0.000000 0.000000 0.000000
1021.500000 -1 0.000000 -1.000000 0.000000
1022.500000 0 0.000000 0.000000 0.000000
1023.500000 0 0.000000 0.000000 0.000000
