# name, dx, fmax, fmax_err, norm_value, norm_vale_err
# bkgd 1 300 17.320508075688775 52872 229.9391223780764
# bin_center, freq, freq_err, norm_freq, norm_freq_err
0.500000 0 0.000000 0.000000 0.000000
1.500000 0 0.000000 0.000000 0.000000
2.500000 0 0.000000 0.000000 0.000000
3.500000 0 0.000000 0.000000 0.000000
4.500000 0 0.000000 0.000000 0.000000
5.500000 0 0.000000 0.000000 0.000000
6.500000 0 0.000000 0.000000 0.000000
7.500000 0 0.000000 0.000000 0.000000
8.500000 0 0.000000 0.000000 0.000000
9.500000 0 0.000000 0.000000 0.000000
10.500000 0 0.000000 0.000000 0.000000
11.500000 0 0.000000 0.000000 0.000000
12.500000 3 1.732051 0.000057 0.000033
13.500000 15 3.872983 0.000284 0.000073
14.500000 35 5.916080 0.000662 0.000112
15.500000 60 7.745967 0.001135 0.000147
16.500000 95 9.746794 0.001797 0.000185
17.500000 120 10.954451 0.002270 0.000207
18.500000 117 10.816654 0.002213 0.000205
19.500000 138 11.747340 0.002610 0.000222
20.500000 138 11.747340 0.002610 0.000222
21.500000 169 13.000000 0.003196 0.000246
22.500000 157 12.529964 0.002969 0.000237
23.500000 135 11.618950 0.002553 0.000220
24.500000 147 12.124356 0.002780 0.000230
25.500000 155 12.449900 0.002932 0.000236
26.500000 140 11.832160 0.002648 0.000224
27.500000 166 12.884099 0.003140 0.000244
28.500000 161 12.688578 0.003045 0.000240
29.500000 165 12.845233 0.003121 0.000243
30.500000 164 12.806248 0.003102 0.000243
31.500000 158 12.569805 0.002988 0.000238
32.500000 157 12.529964 0.002969 0.000237
33.500000 162 12.727922 0.003064 0.000241
34.500000 163 12.767145 0.003083 0.000242
35.500000 141 11.874342 0.002667 0.000225
36.500000 163 12.767145 0.003083 0.000242
37.500000 135 11.618950 0.002553 0.000220
38.500000 137 11.704700 0.002591 0.000222
39.500000 166 12.884099 0.003140 0.000244
40.500000 156 12.489996 0.002951 0.000237
41.500000 146 12.083046 0.002761 0.000229
42.500000 130 11.401754 0.002459 0.000216
43.500000 157 12.529964 0.002969 0.000237
44.500000 152 12.328828 0.002875 0.000234
45.500000 144 12.000000 0.002724 0.000227
46.500000 130 11.401754 0.002459 0.000216
47.500000 143 11.958261 0.002705 0.000226
48.500000 125 11.180340 0.002364 0.000212
49.500000 156 12.489996 0.002951 0.000237
50.500000 140 11.832160 0.002648 0.000224
51.500000 139 11.789826 0.002629 0.000223
52.500000 171 13.076697 0.003234 0.000248
53.500000 139 11.789826 0.002629 0.000223
54.500000 160 12.649111 0.003026 0.000240
55.500000 159 12.609520 0.003007 0.000239
56.500000 155 12.449900 0.002932 0.000236
57.500000 151 12.288206 0.002856 0.000233
58.500000 138 11.747340 0.002610 0.000222
59.500000 129 11.357817 0.002440 0.000215
60.500000 161 12.688578 0.003045 0.000240
61.500000 169 13.000000 0.003196 0.000246
62.500000 158 12.569805 0.002988 0.000238
63.500000 163 12.767145 0.003083 0.000242
64.500000 154 12.409674 0.002913 0.000235
65.500000 165 12.845233 0.003121 0.000243
66.500000 151 12.288206 0.002856 0.000233
67.500000 200 14.142136 0.003783 0.000268
68.500000 172 13.114877 0.003253 0.000248
69.500000 158 12.569805 0.002988 0.000238
70.500000 189 13.747727 0.003575 0.000260
71.500000 171 13.076697 0.003234 0.000248
72.500000 176 13.266499 0.003329 0.000251
73.500000 196 14.000000 0.003707 0.000265
74.500000 188 13.711309 0.003556 0.000260
75.500000 207 14.387495 0.003915 0.000273
76.500000 191 13.820275 0.003612 0.000262
77.500000 172 13.114877 0.003253 0.000248
78.500000 198 14.071247 0.003745 0.000267
79.500000 222 14.899664 0.004199 0.000282
80.500000 228 15.099669 0.004312 0.000286
81.500000 240 15.491933 0.004539 0.000294
82.500000 220 14.832397 0.004161 0.000281
83.500000 218 14.764823 0.004123 0.000280
84.500000 233 15.264338 0.004407 0.000289
85.500000 253 15.905974 0.004785 0.000302
86.500000 218 14.764823 0.004123 0.000280
87.500000 236 15.362291 0.004464 0.000291
88.500000 238 15.427249 0.004501 0.000292
89.500000 234 15.297059 0.004426 0.000290
90.500000 245 15.652476 0.004634 0.000297
91.500000 257 16.031220 0.004861 0.000304
92.500000 239 15.459625 0.004520 0.000293
93.500000 222 14.899664 0.004199 0.000282
94.500000 232 15.231546 0.004388 0.000289
95.500000 240 15.491933 0.004539 0.000294
96.500000 235 15.329710 0.004445 0.000291
97.500000 243 15.588457 0.004596 0.000296
98.500000 271 16.462078 0.005126 0.000312
99.500000 233 15.264338 0.004407 0.000289
100.500000 258 16.062378 0.004880 0.000305
101.500000 278 16.673332 0.005258 0.000316
102.500000 256 16.000000 0.004842 0.000303
103.500000 261 16.155494 0.004936 0.000306
104.500000 254 15.937377 0.004804 0.000302
105.500000 258 16.062378 0.004880 0.000305
106.500000 257 16.031220 0.004861 0.000304
107.500000 271 16.462078 0.005126 0.000312
108.500000 253 15.905974 0.004785 0.000302
109.500000 254 15.937377 0.004804 0.000302
110.500000 270 16.431677 0.005107 0.000312
111.500000 239 15.459625 0.004520 0.000293
112.500000 272 16.492423 0.005144 0.000313
113.500000 268 16.370706 0.005069 0.000310
114.500000 263 16.217275 0.004974 0.000307
115.500000 248 15.748016 0.004691 0.000299
116.500000 249 15.779734 0.004709 0.000299
117.500000 233 15.264338 0.004407 0.000289
118.500000 246 15.684387 0.004653 0.000297
119.500000 238 15.427249 0.004501 0.000292
120.500000 222 14.899664 0.004199 0.000282
121.500000 250 15.811388 0.004728 0.000300
122.500000 246 15.684387 0.004653 0.000297
123.500000 258 16.062378 0.004880 0.000305
124.500000 260 16.124515 0.004918 0.000306
125.500000 234 15.297059 0.004426 0.000290
126.500000 262 16.186414 0.004955 0.000307
127.500000 297 17.233688 0.005617 0.000327
128.500000 249 15.779734 0.004709 0.000299
129.500000 300 17.320508 0.005674 0.000329
130.500000 257 16.031220 0.004861 0.000304
131.500000 267 16.340135 0.005050 0.000310
132.500000 226 15.033296 0.004274 0.000285
133.500000 247 15.716234 0.004672 0.000298
134.500000 282 16.792856 0.005334 0.000318
135.500000 259 16.093477 0.004899 0.000305
136.500000 251 15.842980 0.004747 0.000300
137.500000 238 15.427249 0.004501 0.000292
138.500000 257 16.031220 0.004861 0.000304
139.500000 264 16.248077 0.004993 0.000308
140.500000 276 16.613248 0.005220 0.000315
141.500000 243 15.588457 0.004596 0.000296
142.500000 229 15.132746 0.004331 0.000287
143.500000 213 14.594520 0.004029 0.000277
144.500000 262 16.186414 0.004955 0.000307
145.500000 220 14.832397 0.004161 0.000281
146.500000 252 15.874508 0.004766 0.000301
147.500000 259 16.093477 0.004899 0.000305
148.500000 222 14.899664 0.004199 0.000282
149.500000 220 14.832397 0.004161 0.000281
150.500000 245 15.652476 0.004634 0.000297
151.500000 216 14.696938 0.004085 0.000279
152.500000 247 15.716234 0.004672 0.000298
153.500000 231 15.198684 0.004369 0.000288
154.500000 225 15.000000 0.004256 0.000284
155.500000 202 14.212670 0.003821 0.000269
156.500000 229 15.132746 0.004331 0.000287
157.500000 215 14.662878 0.004066 0.000278
158.500000 235 15.329710 0.004445 0.000291
159.500000 236 15.362291 0.004464 0.000291
160.500000 202 14.212670 0.003821 0.000269
161.500000 201 14.177447 0.003802 0.000269
162.500000 214 14.628739 0.004048 0.000277
163.500000 207 14.387495 0.003915 0.000273
164.500000 205 14.317821 0.003877 0.000271
165.500000 196 14.000000 0.003707 0.000265
166.500000 193 13.892444 0.003650 0.000263
167.500000 218 14.764823 0.004123 0.000280
168.500000 227 15.066519 0.004293 0.000286
169.500000 228 15.099669 0.004312 0.000286
170.500000 200 14.142136 0.003783 0.000268
171.500000 227 15.066519 0.004293 0.000286
172.500000 209 14.456832 0.003953 0.000274
173.500000 217 14.730920 0.004104 0.000279
174.500000 198 14.071247 0.003745 0.000267
175.500000 196 14.000000 0.003707 0.000265
176.500000 213 14.594520 0.004029 0.000277
177.500000 185 13.601471 0.003499 0.000258
178.500000 229 15.132746 0.004331 0.000287
179.500000 197 14.035669 0.003726 0.000266
180.500000 212 14.560220 0.004010 0.000276
181.500000 193 13.892444 0.003650 0.000263
182.500000 197 14.035669 0.003726 0.000266
183.500000 223 14.933185 0.004218 0.000283
184.500000 193 13.892444 0.003650 0.000263
185.500000 197 14.035669 0.003726 0.000266
186.500000 196 14.000000 0.003707 0.000265
187.500000 218 14.764823 0.004123 0.000280
188.500000 211 14.525839 0.003991 0.000275
189.500000 199 14.106736 0.003764 0.000267
190.500000 169 13.000000 0.003196 0.000246
191.500000 189 13.747727 0.003575 0.000260
192.500000 194 13.928388 0.003669 0.000264
193.500000 206 14.352700 0.003896 0.000272
194.500000 191 13.820275 0.003612 0.000262
195.500000 191 13.820275 0.003612 0.000262
196.500000 199 14.106736 0.003764 0.000267
197.500000 200 14.142136 0.003783 0.000268
198.500000 200 14.142136 0.003783 0.000268
199.500000 179 13.379088 0.003386 0.000253
200.500000 180 13.416408 0.003404 0.000254
201.500000 193 13.892444 0.003650 0.000263
202.500000 194 13.928388 0.003669 0.000264
203.500000 180 13.416408 0.003404 0.000254
204.500000 172 13.114877 0.003253 0.000248
205.500000 190 13.784049 0.003594 0.000261
206.500000 155 12.449900 0.002932 0.000236
207.500000 181 13.453624 0.003423 0.000255
208.500000 168 12.961481 0.003177 0.000246
209.500000 167 12.922848 0.003159 0.000245
210.500000 172 13.114877 0.003253 0.000248
211.500000 166 12.884099 0.003140 0.000244
212.500000 162 12.727922 0.003064 0.000241
213.500000 168 12.961481 0.003177 0.000246
214.500000 181 13.453624 0.003423 0.000255
215.500000 150 12.247449 0.002837 0.000232
216.500000 153 12.369317 0.002894 0.000234
217.500000 154 12.409674 0.002913 0.000235
218.500000 148 12.165525 0.002799 0.000230
219.500000 179 13.379088 0.003386 0.000253
220.500000 152 12.328828 0.002875 0.000234
221.500000 157 12.529964 0.002969 0.000237
222.500000 139 11.789826 0.002629 0.000223
223.500000 160 12.649111 0.003026 0.000240
224.500000 135 11.618950 0.002553 0.000220
225.500000 146 12.083046 0.002761 0.000229
226.500000 166 12.884099 0.003140 0.000244
227.500000 141 11.874342 0.002667 0.000225
228.500000 136 11.661904 0.002572 0.000221
229.500000 148 12.165525 0.002799 0.000230
230.500000 141 11.874342 0.002667 0.000225
231.500000 140 11.832160 0.002648 0.000224
232.500000 136 11.661904 0.002572 0.000221
233.500000 131 11.445523 0.002478 0.000217
234.500000 131 11.445523 0.002478 0.000217
235.500000 160 12.649111 0.003026 0.000240
236.500000 117 10.816654 0.002213 0.000205
237.500000 140 11.832160 0.002648 0.000224
238.500000 141 11.874342 0.002667 0.000225
239.500000 138 11.747340 0.002610 0.000222
240.500000 125 11.180340 0.002364 0.000212
241.500000 133 11.532563 0.002516 0.000218
242.500000 119 10.908712 0.002251 0.000207
243.500000 119 10.908712 0.002251 0.000207
244.500000 149 12.206556 0.002818 0.000231
245.500000 121 11.000000 0.002289 0.000208
246.500000 126 11.224972 0.002383 0.000213
247.500000 116 10.770330 0.002194 0.000204
248.500000 116 10.770330 0.002194 0.000204
249.500000 120 10.954451 0.002270 0.000207
250.500000 111 10.535654 0.002099 0.000199
251.500000 118 10.862780 0.002232 0.000206
252.500000 113 10.630146 0.002137 0.000201
253.500000 103 10.148892 0.001948 0.000192
254.500000 104 10.198039 0.001967 0.000193
255.500000 106 10.295630 0.002005 0.000195
256.500000 119 10.908712 0.002251 0.000207
257.500000 125 11.180340 0.002364 0.000212
258.500000 88 9.380832 0.001664 0.000178
259.500000 113 10.630146 0.002137 0.000201
260.500000 97 9.848858 0.001835 0.000186
261.500000 90 9.486833 0.001702 0.000180
262.500000 94 9.695360 0.001778 0.000184
263.500000 98 9.899495 0.001854 0.000187
264.500000 90 9.486833 0.001702 0.000180
265.500000 101 10.049876 0.001910 0.000190
266.500000 100 10.000000 0.001891 0.000189
267.500000 91 9.539392 0.001721 0.000181
268.500000 102 10.099505 0.001929 0.000191
269.500000 109 10.440307 0.002062 0.000198
270.500000 100 10.000000 0.001891 0.000189
271.500000 100 10.000000 0.001891 0.000189
272.500000 82 9.055385 0.001551 0.000171
273.500000 88 9.380832 0.001664 0.000178
274.500000 90 9.486833 0.001702 0.000180
275.500000 101 10.049876 0.001910 0.000190
276.500000 90 9.486833 0.001702 0.000180
277.500000 83 9.110434 0.001570 0.000172
278.500000 93 9.643651 0.001759 0.000183
279.500000 71 8.426150 0.001343 0.000159
280.500000 82 9.055385 0.001551 0.000171
281.500000 82 9.055385 0.001551 0.000171
282.500000 83 9.110434 0.001570 0.000172
283.500000 85 9.219544 0.001608 0.000175
284.500000 77 8.774964 0.001456 0.000166
285.500000 72 8.485281 0.001362 0.000161
286.500000 67 8.185353 0.001267 0.000155
287.500000 79 8.888194 0.001494 0.000168
288.500000 76 8.717798 0.001437 0.000165
289.500000 73 8.544004 0.001381 0.000162
290.500000 68 8.246211 0.001286 0.000156
291.500000 61 7.810250 0.001154 0.000148
292.500000 89 9.433981 0.001683 0.000179
293.500000 71 8.426150 0.001343 0.000159
294.500000 82 9.055385 0.001551 0.000171
295.500000 69 8.306624 0.001305 0.000157
296.500000 86 9.273618 0.001627 0.000176
297.500000 84 9.165151 0.001589 0.000173
298.500000 72 8.485281 0.001362 0.000161
299.500000 59 7.681146 0.001116 0.000145
300.500000 66 8.124038 0.001248 0.000154
301.500000 76 8.717798 0.001437 0.000165
302.500000 70 8.366600 0.001324 0.000158
303.500000 68 8.246211 0.001286 0.000156
304.500000 60 7.745967 0.001135 0.000147
305.500000 96 9.797959 0.001816 0.000185
306.500000 65 8.062258 0.001229 0.000153
307.500000 66 8.124038 0.001248 0.000154
308.500000 59 7.681146 0.001116 0.000145
309.500000 50 7.071068 0.000946 0.000134
310.500000 63 7.937254 0.001192 0.000150
311.500000 58 7.615773 0.001097 0.000144
312.500000 66 8.124038 0.001248 0.000154
313.500000 61 7.810250 0.001154 0.000148
314.500000 60 7.745967 0.001135 0.000147
315.500000 45 6.708204 0.000851 0.000127
316.500000 55 7.416198 0.001040 0.000140
317.500000 58 7.615773 0.001097 0.000144
318.500000 52 7.211103 0.000984 0.000136
319.500000 58 7.615773 0.001097 0.000144
320.500000 53 7.280110 0.001002 0.000138
321.500000 63 7.937254 0.001192 0.000150
322.500000 61 7.810250 0.001154 0.000148
323.500000 62 7.874008 0.001173 0.000149
324.500000 63 7.937254 0.001192 0.000150
325.500000 52 7.211103 0.000984 0.000136
326.500000 52 7.211103 0.000984 0.000136
327.500000 55 7.416198 0.001040 0.000140
328.500000 62 7.874008 0.001173 0.000149
329.500000 57 7.549834 0.001078 0.000143
330.500000 53 7.280110 0.001002 0.000138
331.500000 53 7.280110 0.001002 0.000138
332.500000 36 6.000000 0.000681 0.000114
333.500000 48 6.928203 0.000908 0.000131
334.500000 51 7.141428 0.000965 0.000135
335.500000 65 8.062258 0.001229 0.000153
336.500000 44 6.633250 0.000832 0.000126
337.500000 52 7.211103 0.000984 0.000136
338.500000 52 7.211103 0.000984 0.000136
339.500000 48 6.928203 0.000908 0.000131
340.500000 62 7.874008 0.001173 0.000149
341.500000 35 5.916080 0.000662 0.000112
342.500000 48 6.928203 0.000908 0.000131
343.500000 45 6.708204 0.000851 0.000127
344.500000 47 6.855655 0.000889 0.000130
345.500000 46 6.782330 0.000870 0.000128
346.500000 44 6.633250 0.000832 0.000126
347.500000 46 6.782330 0.000870 0.000128
348.500000 45 6.708204 0.000851 0.000127
349.500000 43 6.557439 0.000813 0.000124
350.500000 30 5.477226 0.000567 0.000104
351.500000 43 6.557439 0.000813 0.000124
352.500000 45 6.708204 0.000851 0.000127
353.500000 46 6.782330 0.000870 0.000128
354.500000 51 7.141428 0.000965 0.000135
355.500000 49 7.000000 0.000927 0.000132
356.500000 42 6.480741 0.000794 0.000123
357.500000 41 6.403124 0.000775 0.000121
358.500000 44 6.633250 0.000832 0.000126
359.500000 40 6.324555 0.000757 0.000120
360.500000 54 7.348469 0.001021 0.000139
361.500000 44 6.633250 0.000832 0.000126
362.500000 30 5.477226 0.000567 0.000104
363.500000 40 6.324555 0.000757 0.000120
364.500000 53 7.280110 0.001002 0.000138
365.500000 36 6.000000 0.000681 0.000114
366.500000 30 5.477226 0.000567 0.000104
367.500000 38 6.164414 0.000719 0.000117
368.500000 44 6.633250 0.000832 0.000126
369.500000 35 5.916080 0.000662 0.000112
370.500000 51 7.141428 0.000965 0.000135
371.500000 36 6.000000 0.000681 0.000114
372.500000 37 6.082763 0.000700 0.000115
373.500000 40 6.324555 0.000757 0.000120
374.500000 34 5.830952 0.000643 0.000110
375.500000 40 6.324555 0.000757 0.000120
376.500000 40 6.324555 0.000757 0.000120
377.500000 38 6.164414 0.000719 0.000117
378.500000 43 6.557439 0.000813 0.000124
379.500000 33 5.744563 0.000624 0.000109
380.500000 32 5.656854 0.000605 0.000107
381.500000 34 5.830952 0.000643 0.000110
382.500000 34 5.830952 0.000643 0.000110
383.500000 24 4.898979 0.000454 0.000093
384.500000 43 6.557439 0.000813 0.000124
385.500000 27 5.196152 0.000511 0.000098
386.500000 33 5.744563 0.000624 0.000109
387.500000 34 5.830952 0.000643 0.000110
388.500000 30 5.477226 0.000567 0.000104
389.500000 39 6.244998 0.000738 0.000118
390.500000 31 5.567764 0.000586 0.000105
391.500000 37 6.082763 0.000700 0.000115
392.500000 32 5.656854 0.000605 0.000107
393.500000 27 5.196152 0.000511 0.000098
394.500000 32 5.656854 0.000605 0.000107
395.500000 32 5.656854 0.000605 0.000107
396.500000 30 5.477226 0.000567 0.000104
397.500000 34 5.830952 0.000643 0.000110
398.500000 29 5.385165 0.000548 0.000102
399.500000 26 5.099020 0.000492 0.000096
400.500000 29 5.385165 0.000548 0.000102
401.500000 24 4.898979 0.000454 0.000093
402.500000 35 5.916080 0.000662 0.000112
403.500000 32 5.656854 0.000605 0.000107
404.500000 39 6.244998 0.000738 0.000118
405.500000 30 5.477226 0.000567 0.000104
406.500000 41 6.403124 0.000775 0.000121
407.500000 24 4.898979 0.000454 0.000093
408.500000 32 5.656854 0.000605 0.000107
409.500000 34 5.830952 0.000643 0.000110
410.500000 27 5.196152 0.000511 0.000098
411.500000 23 4.795832 0.000435 0.000091
412.500000 36 6.000000 0.000681 0.000114
413.500000 38 6.164414 0.000719 0.000117
414.500000 29 5.385165 0.000548 0.000102
415.500000 30 5.477226 0.000567 0.000104
416.500000 24 4.898979 0.000454 0.000093
417.500000 35 5.916080 0.000662 0.000112
418.500000 26 5.099020 0.000492 0.000096
419.500000 28 5.291503 0.000530 0.000100
420.500000 25 5.000000 0.000473 0.000095
421.500000 24 4.898979 0.000454 0.000093
422.500000 23 4.795832 0.000435 0.000091
423.500000 26 5.099020 0.000492 0.000096
424.500000 28 5.291503 0.000530 0.000100
425.500000 20 4.472136 0.000378 0.000085
426.500000 21 4.582576 0.000397 0.000087
427.500000 13 3.605551 0.000246 0.000068
428.500000 22 4.690416 0.000416 0.000089
429.500000 23 4.795832 0.000435 0.000091
430.500000 27 5.196152 0.000511 0.000098
431.500000 33 5.744563 0.000624 0.000109
432.500000 21 4.582576 0.000397 0.000087
433.500000 26 5.099020 0.000492 0.000096
434.500000 30 5.477226 0.000567 0.000104
435.500000 23 4.795832 0.000435 0.000091
436.500000 21 4.582576 0.000397 0.000087
437.500000 29 5.385165 0.000548 0.000102
438.500000 24 4.898979 0.000454 0.000093
439.500000 14 3.741657 0.000265 0.000071
440.500000 28 5.291503 0.000530 0.000100
441.500000 24 4.898979 0.000454 0.000093
442.500000 19 4.358899 0.000359 0.000082
443.500000 18 4.242641 0.000340 0.000080
444.500000 25 5.000000 0.000473 0.000095
445.500000 21 4.582576 0.000397 0.000087
446.500000 29 5.385165 0.000548 0.000102
447.500000 14 3.741657 0.000265 0.000071
448.500000 20 4.472136 0.000378 0.000085
449.500000 15 3.872983 0.000284 0.000073
450.500000 25 5.000000 0.000473 0.000095
451.500000 27 5.196152 0.000511 0.000098
452.500000 24 4.898979 0.000454 0.000093
453.500000 18 4.242641 0.000340 0.000080
454.500000 18 4.242641 0.000340 0.000080
455.500000 24 4.898979 0.000454 0.000093
456.500000 24 4.898979 0.000454 0.000093
457.500000 20 4.472136 0.000378 0.000085
458.500000 24 4.898979 0.000454 0.000093
459.500000 17 4.123106 0.000322 0.000078
460.500000 24 4.898979 0.000454 0.000093
461.500000 18 4.242641 0.000340 0.000080
462.500000 32 5.656854 0.000605 0.000107
463.500000 19 4.358899 0.000359 0.000082
464.500000 18 4.242641 0.000340 0.000080
465.500000 17 4.123106 0.000322 0.000078
466.500000 24 4.898979 0.000454 0.000093
467.500000 22 4.690416 0.000416 0.000089
468.500000 25 5.000000 0.000473 0.000095
469.500000 19 4.358899 0.000359 0.000082
470.500000 24 4.898979 0.000454 0.000093
471.500000 13 3.605551 0.000246 0.000068
472.500000 19 4.358899 0.000359 0.000082
473.500000 12 3.464102 0.000227 0.000066
474.500000 19 4.358899 0.000359 0.000082
475.500000 17 4.123106 0.000322 0.000078
476.500000 16 4.000000 0.000303 0.000076
477.500000 21 4.582576 0.000397 0.000087
478.500000 17 4.123106 0.000322 0.000078
479.500000 18 4.242641 0.000340 0.000080
480.500000 15 3.872983 0.000284 0.000073
481.500000 19 4.358899 0.000359 0.000082
482.500000 17 4.123106 0.000322 0.000078
483.500000 13 3.605551 0.000246 0.000068
484.500000 16 4.000000 0.000303 0.000076
485.500000 27 5.196152 0.000511 0.000098
486.500000 9 3.000000 0.000170 0.000057
487.500000 20 4.472136 0.000378 0.000085
488.500000 18 4.242641 0.000340 0.000080
489.500000 15 3.872983 0.000284 0.000073
490.500000 16 4.000000 0.000303 0.000076
491.500000 20 4.472136 0.000378 0.000085
492.500000 25 5.000000 0.000473 0.000095
493.500000 12 3.464102 0.000227 0.000066
494.500000 13 3.605551 0.000246 0.000068
495.500000 22 4.690416 0.000416 0.000089
496.500000 14 3.741657 0.000265 0.000071
497.500000 18 4.242641 0.000340 0.000080
498.500000 19 4.358899 0.000359 0.000082
499.500000 14 3.741657 0.000265 0.000071
500.500000 17 4.123106 0.000322 0.000078
501.500000 27 5.196152 0.000511 0.000098
502.500000 10 3.162278 0.000189 0.000060
503.500000 7 2.645751 0.000132 0.000050
504.500000 15 3.872983 0.000284 0.000073
505.500000 12 3.464102 0.000227 0.000066
506.500000 13 3.605551 0.000246 0.000068
507.500000 23 4.795832 0.000435 0.000091
508.500000 16 4.000000 0.000303 0.000076
509.500000 16 4.000000 0.000303 0.000076
510.500000 11 3.316625 0.000208 0.000063
511.500000 18 4.242641 0.000340 0.000080
512.500000 11 3.316625 0.000208 0.000063
513.500000 11 3.316625 0.000208 0.000063
514.500000 10 3.162278 0.000189 0.000060
515.500000 21 4.582576 0.000397 0.000087
516.500000 20 4.472136 0.000378 0.000085
517.500000 7 2.645751 0.000132 0.000050
518.500000 14 3.741657 0.000265 0.000071
519.500000 5 2.236068 0.000095 0.000042
520.500000 18 4.242641 0.000340 0.000080
521.500000 15 3.872983 0.000284 0.000073
522.500000 9 3.000000 0.000170 0.000057
523.500000 15 3.872983 0.000284 0.000073
524.500000 8 2.828427 0.000151 0.000053
525.500000 13 3.605551 0.000246 0.000068
526.500000 18 4.242641 0.000340 0.000080
527.500000 11 3.316625 0.000208 0.000063
528.500000 12 3.464102 0.000227 0.000066
529.500000 12 3.464102 0.000227 0.000066
530.500000 10 3.162278 0.000189 0.000060
531.500000 14 3.741657 0.000265 0.000071
532.500000 10 3.162278 0.000189 0.000060
533.500000 9 3.000000 0.000170 0.000057
534.500000 8 2.828427 0.000151 0.000053
535.500000 21 4.582576 0.000397 0.000087
536.500000 8 2.828427 0.000151 0.000053
537.500000 8 2.828427 0.000151 0.000053
538.500000 14 3.741657 0.000265 0.000071
539.500000 14 3.741657 0.000265 0.000071
540.500000 11 3.316625 0.000208 0.000063
541.500000 6 2.449490 0.000113 0.000046
542.500000 9 3.000000 0.000170 0.000057
543.500000 11 3.316625 0.000208 0.000063
544.500000 13 3.605551 0.000246 0.000068
545.500000 11 3.316625 0.000208 0.000063
546.500000 8 2.828427 0.000151 0.000053
547.500000 3 1.732051 0.000057 0.000033
548.500000 12 3.464102 0.000227 0.000066
549.500000 7 2.645751 0.000132 0.000050
550.500000 9 3.000000 0.000170 0.000057
551.500000 14 3.741657 0.000265 0.000071
552.500000 8 2.828427 0.000151 0.000053
553.500000 11 3.316625 0.000208 0.000063
554.500000 6 2.449490 0.000113 0.000046
555.500000 11 3.316625 0.000208 0.000063
556.500000 9 3.000000 0.000170 0.000057
557.500000 14 3.741657 0.000265 0.000071
558.500000 5 2.236068 0.000095 0.000042
559.500000 10 3.162278 0.000189 0.000060
560.500000 12 3.464102 0.000227 0.000066
561.500000 6 2.449490 0.000113 0.000046
562.500000 13 3.605551 0.000246 0.000068
563.500000 8 2.828427 0.000151 0.000053
564.500000 5 2.236068 0.000095 0.000042
565.500000 9 3.000000 0.000170 0.000057
566.500000 7 2.645751 0.000132 0.000050
567.500000 10 3.162278 0.000189 0.000060
568.500000 10 3.162278 0.000189 0.000060
569.500000 3 1.732051 0.000057 0.000033
570.500000 13 3.605551 0.000246 0.000068
571.500000 9 3.000000 0.000170 0.000057
572.500000 10 3.162278 0.000189 0.000060
573.500000 8 2.828427 0.000151 0.000053
574.500000 7 2.645751 0.000132 0.000050
575.500000 5 2.236068 0.000095 0.000042
576.500000 12 3.464102 0.000227 0.000066
577.500000 5 2.236068 0.000095 0.000042
578.500000 11 3.316625 0.000208 0.000063
579.500000 10 3.162278 0.000189 0.000060
580.500000 9 3.000000 0.000170 0.000057
581.500000 4 2.000000 0.000076 0.000038
582.500000 3 1.732051 0.000057 0.000033
583.500000 10 3.162278 0.000189 0.000060
584.500000 6 2.449490 0.000113 0.000046
585.500000 5 2.236068 0.000095 0.000042
586.500000 11 3.316625 0.000208 0.000063
587.500000 11 3.316625 0.000208 0.000063
588.500000 14 3.741657 0.000265 0.000071
589.500000 8 2.828427 0.000151 0.000053
590.500000 6 2.449490 0.000113 0.000046
591.500000 3 1.732051 0.000057 0.000033
592.500000 9 3.000000 0.000170 0.000057
593.500000 9 3.000000 0.000170 0.000057
594.500000 7 2.645751 0.000132 0.000050
595.500000 7 2.645751 0.000132 0.000050
596.500000 6 2.449490 0.000113 0.000046
597.500000 1 1.000000 0.000019 0.000019
598.500000 6 2.449490 0.000113 0.000046
599.500000 8 2.828427 0.000151 0.000053
600.500000 8 2.828427 0.000151 0.000053
601.500000 6 2.449490 0.000113 0.000046
602.500000 5 2.236068 0.000095 0.000042
603.500000 7 2.645751 0.000132 0.000050
604.500000 9 3.000000 0.000170 0.000057
605.500000 4 2.000000 0.000076 0.000038
606.500000 8 2.828427 0.000151 0.000053
607.500000 8 2.828427 0.000151 0.000053
608.500000 3 1.732051 0.000057 0.000033
609.500000 4 2.000000 0.000076 0.000038
610.500000 8 2.828427 0.000151 0.000053
611.500000 5 2.236068 0.000095 0.000042
612.500000 2 1.414214 0.000038 0.000027
613.500000 5 2.236068 0.000095 0.000042
614.500000 4 2.000000 0.000076 0.000038
615.500000 2 1.414214 0.000038 0.000027
616.500000 2 1.414214 0.000038 0.000027
617.500000 3 1.732051 0.000057 0.000033
618.500000 4 2.000000 0.000076 0.000038
619.500000 4 2.000000 0.000076 0.000038
620.500000 2 1.414214 0.000038 0.000027
621.500000 5 2.236068 0.000095 0.000042
622.500000 4 2.000000 0.000076 0.000038
623.500000 2 1.414214 0.000038 0.000027
624.500000 4 2.000000 0.000076 0.000038
625.500000 5 2.236068 0.000095 0.000042
626.500000 2 1.414214 0.000038 0.000027
627.500000 2 1.414214 0.000038 0.000027
628.500000 4 2.000000 0.000076 0.000038
629.500000 5 2.236068 0.000095 0.000042
630.500000 4 2.000000 0.000076 0.000038
631.500000 2 1.414214 0.000038 0.000027
632.500000 8 2.828427 0.000151 0.000053
633.500000 5 2.236068 0.000095 0.000042
634.500000 1 1.000000 0.000019 0.000019
635.500000 6 2.449490 0.000113 0.000046
636.500000 4 2.000000 0.000076 0.000038
637.500000 7 2.645751 0.000132 0.000050
638.500000 3 1.732051 0.000057 0.000033
639.500000 4 2.000000 0.000076 0.000038
640.500000 4 2.000000 0.000076 0.000038
641.500000 2 1.414214 0.000038 0.000027
642.500000 2 1.414214 0.000038 0.000027
643.500000 3 1.732051 0.000057 0.000033
644.500000 2 1.414214 0.000038 0.000027
645.500000 2 1.414214 0.000038 0.000027
646.500000 3 1.732051 0.000057 0.000033
647.500000 4 2.000000 0.000076 0.000038
648.500000 2 1.414214 0.000038 0.000027
649.500000 3 1.732051 0.000057 0.000033
650.500000 6 2.449490 0.000113 0.000046
651.500000 4 2.000000 0.000076 0.000038
652.500000 0 0.000000 0.000000 0.000000
653.500000 2 1.414214 0.000038 0.000027
654.500000 5 2.236068 0.000095 0.000042
655.500000 1 1.000000 0.000019 0.000019
656.500000 2 1.414214 0.000038 0.000027
657.500000 3 1.732051 0.000057 0.000033
658.500000 7 2.645751 0.000132 0.000050
659.500000 2 1.414214 0.000038 0.000027
660.500000 2 1.414214 0.000038 0.000027
661.500000 0 0.000000 0.000000 0.000000
662.500000 1 1.000000 0.000019 0.000019
663.500000 1 1.000000 0.000019 0.000019
664.500000 5 2.236068 0.000095 0.000042
665.500000 4 2.000000 0.000076 0.000038
666.500000 2 1.414214 0.000038 0.000027
667.500000 2 1.414214 0.000038 0.000027
668.500000 4 2.000000 0.000076 0.000038
669.500000 2 1.414214 0.000038 0.000027
670.500000 2 1.414214 0.000038 0.000027
671.500000 2 1.414214 0.000038 0.000027
672.500000 3 1.732051 0.000057 0.000033
673.500000 5 2.236068 0.000095 0.000042
674.500000 6 2.449490 0.000113 0.000046
675.500000 1 1.000000 0.000019 0.000019
676.500000 4 2.000000 0.000076 0.000038
677.500000 3 1.732051 0.000057 0.000033
678.500000 5 2.236068 0.000095 0.000042
679.500000 3 1.732051 0.000057 0.000033
680.500000 2 1.414214 0.000038 0.000027
681.500000 2 1.414214 0.000038 0.000027
682.500000 1 1.000000 0.000019 0.000019
683.500000 4 2.000000 0.000076 0.000038
684.500000 2 1.414214 0.000038 0.000027
685.500000 1 1.000000 0.000019 0.000019
686.500000 1 1.000000 0.000019 0.000019
687.500000 3 1.732051 0.000057 0.000033
688.500000 0 0.000000 0.000000 0.000000
689.500000 4 2.000000 0.000076 0.000038
690.500000 2 1.414214 0.000038 0.000027
691.500000 3 1.732051 0.000057 0.000033
692.500000 1 1.000000 0.000019 0.000019
693.500000 0 0.000000 0.000000 0.000000
694.500000 2 1.414214 0.000038 0.000027
695.500000 0 0.000000 0.000000 0.000000
696.500000 2 1.414214 0.000038 0.000027
697.500000 2 1.414214 0.000038 0.000027
698.500000 2 1.414214 0.000038 0.000027
699.500000 2 1.414214 0.000038 0.000027
700.500000 3 1.732051 0.000057 0.000033
701.500000 2 1.414214 0.000038 0.000027
702.500000 1 1.000000 0.000019 0.000019
703.500000 1 1.000000 0.000019 0.000019
704.500000 2 1.414214 0.000038 0.000027
705.500000 3 1.732051 0.000057 0.000033
706.500000 1 1.000000 0.000019 0.000019
707.500000 2 1.414214 0.000038 0.000027
708.500000 1 1.000000 0.000019 0.000019
709.500000 3 1.732051 0.000057 0.000033
710.500000 1 1.000000 0.000019 0.000019
711.500000 3 1.732051 0.000057 0.000033
712.500000 1 1.000000 0.000019 0.000019
713.500000 3 1.732051 0.000057 0.000033
714.500000 0 0.000000 0.000000 0.000000
715.500000 0 0.000000 0.000000 0.000000
716.500000 1 1.000000 0.000019 0.000019
717.500000 0 0.000000 0.000000 0.000000
718.500000 2 1.414214 0.000038 0.000027
719.500000 0 0.000000 0.000000 0.000000
720.500000 0 0.000000 0.000000 0.000000
721.500000 1 1.000000 0.000019 0.000019
722.500000 0 0.000000 0.000000 0.000000
723.500000 0 0.000000 0.000000 0.000000
724.500000 2 1.414214 0.000038 0.000027
725.500000 2 1.414214 0.000038 0.000027
726.500000 0 0.000000 0.000000 0.000000
727.500000 1 1.000000 0.000019 0.000019
728.500000 0 0.000000 0.000000 0.000000
729.500000 0 0.000000 0.000000 0.000000
730.500000 0 0.000000 0.000000 0.000000
731.500000 1 1.000000 0.000019 0.000019
732.500000 1 1.000000 0.000019 0.000019
733.500000 0 0.000000 0.000000 0.000000
734.500000 1 1.000000 0.000019 0.000019
735.500000 0 0.000000 0.000000 0.000000
736.500000 2 1.414214 0.000038 0.000027
737.500000 1 1.000000 0.000019 0.000019
738.500000 0 0.000000 0.000000 0.000000
739.500000 0 0.000000 0.000000 0.000000
740.500000 1 1.000000 0.000019 0.000019
741.500000 1 1.000000 0.000019 0.000019
742.500000 0 0.000000 0.000000 0.000000
743.500000 1 1.000000 0.000019 0.000019
744.500000 0 0.000000 0.000000 0.000000
745.500000 0 0.000000 0.000000 0.000000
746.500000 1 1.000000 0.000019 0.000019
747.500000 0 0.000000 0.000000 0.000000
748.500000 2 1.414214 0.000038 0.000027
749.500000 3 1.732051 0.000057 0.000033
750.500000 1 1.000000 0.000019 0.000019
751.500000 3 1.732051 0.000057 0.000033
752.500000 0 0.000000 0.000000 0.000000
753.500000 3 1.732051 0.000057 0.000033
754.500000 0 0.000000 0.000000 0.000000
755.500000 1 1.000000 0.000019 0.000019
756.500000 0 0.000000 0.000000 0.000000
757.500000 1 1.000000 0.000019 0.000019
758.500000 2 1.414214 0.000038 0.000027
759.500000 0 0.000000 0.000000 0.000000
760.500000 0 0.000000 0.000000 0.000000
761.500000 0 0.000000 0.000000 0.000000
762.500000 2 1.414214 0.000038 0.000027
763.500000 0 0.000000 0.000000 0.000000
764.500000 0 0.000000 0.000000 0.000000
765.500000 0 0.000000 0.000000 0.000000
766.500000 0 0.000000 0.000000 0.000000
767.500000 0 0.000000 0.000000 0.000000
768.500000 0 0.000000 0.000000 0.000000
769.500000 0 0.000000 0.000000 0.000000
770.500000 0 0.000000 0.000000 0.000000
771.500000 1 1.000000 0.000019 0.000019
772.500000 1 1.000000 0.000019 0.000019
773.500000 0 0.000000 0.000000 0.000000
774.500000 0 0.000000 0.000000 0.000000
775.500000 0 0.000000 0.000000 0.000000
776.500000 1 1.000000 0.000019 0.000019
777.500000 1 1.000000 0.000019 0.000019
778.500000 0 0.000000 0.000000 0.000000
779.500000 1 1.000000 0.000019 0.000019
780.500000 2 1.414214 0.000038 0.000027
781.500000 2 1.414214 0.000038 0.000027
782.500000 1 1.000000 0.000019 0.000019
783.500000 1 1.000000 0.000019 0.000019
784.500000 0 0.000000 0.000000 0.000000
785.500000 3 1.732051 0.000057 0.000033
786.500000 0 0.000000 0.000000 0.000000
787.500000 0 0.000000 0.000000 0.000000
788.500000 0 0.000000 0.000000 0.000000
789.500000 1 1.000000 0.000019 0.000019
790.500000 0 0.000000 0.000000 0.000000
791.500000 1 1.000000 0.000019 0.000019
792.500000 0 0.000000 0.000000 0.000000
793.500000 0 0.000000 0.000000 0.000000
794.500000 0 0.000000 0.000000 0.000000
795.500000 0 0.000000 0.000000 0.000000
796.500000 2 1.414214 0.000038 0.000027
797.500000 0 0.000000 0.000000 0.000000
798.500000 0 0.000000 0.000000 0.000000
799.500000 0 0.000000 0.000000 0.000000
800.500000 0 0.000000 0.000000 0.000000
801.500000 0 0.000000 0.000000 0.000000
802.500000 0 0.000000 0.000000 0.000000
803.500000 0 0.000000 0.000000 0.000000
804.500000 0 0.000000 0.000000 0.000000
805.500000 0 0.000000 0.000000 0.000000
806.500000 0 0.000000 0.000000 0.000000
807.500000 0 0.000000 0.000000 0.000000
808.500000 0 0.000000 0.000000 0.000000
809.500000 0 0.000000 0.000000 0.000000
810.500000 2 1.414214 0.000038 0.000027
811.500000 0 0.000000 0.000000 0.000000
812.500000 1 1.000000 0.000019 0.000019
813.500000 0 0.000000 0.000000 0.000000
814.500000 1 1.000000 0.000019 0.000019
815.500000 0 0.000000 0.000000 0.000000
816.500000 0 0.000000 0.000000 0.000000
817.500000 0 0.000000 0.000000 0.000000
818.500000 0 0.000000 0.000000 0.000000
819.500000 0 0.000000 0.000000 0.000000
820.500000 0 0.000000 0.000000 0.000000
821.500000 0 0.000000 0.000000 0.000000
822.500000 0 0.000000 0.000000 0.000000
823.500000 0 0.000000 0.000000 0.000000
824.500000 0 0.000000 0.000000 0.000000
825.500000 0 0.000000 0.000000 0.000000
826.500000 2 1.414214 0.000038 0.000027
827.500000 0 0.000000 0.000000 0.000000
828.500000 0 0.000000 0.000000 0.000000
829.500000 0 0.000000 0.000000 0.000000
830.500000 0 0.000000 0.000000 0.000000
831.500000 1 1.000000 0.000019 0.000019
832.500000 0 0.000000 0.000000 0.000000
833.500000 0 0.000000 0.000000 0.000000
834.500000 0 0.000000 0.000000 0.000000
835.500000 0 0.000000 0.000000 0.000000
836.500000 0 0.000000 0.000000 0.000000
837.500000 0 0.000000 0.000000 0.000000
838.500000 0 0.000000 0.000000 0.000000
839.500000 0 0.000000 0.000000 0.000000
840.500000 0 0.000000 0.000000 0.000000
841.500000 0 0.000000 0.000000 0.000000
842.500000 0 0.000000 0.000000 0.000000
843.500000 0 0.000000 0.000000 0.000000
844.500000 0 0.000000 0.000000 0.000000
845.500000 0 0.000000 0.000000 0.000000
846.500000 0 0.000000 0.000000 0.000000
847.500000 0 0.000000 0.000000 0.000000
848.500000 2 1.414214 0.000038 0.000027
849.500000 0 0.000000 0.000000 0.000000
850.500000 0 0.000000 0.000000 0.000000
851.500000 1 1.000000 0.000019 0.000019
852.500000 0 0.000000 0.000000 0.000000
853.500000 0 0.000000 0.000000 0.000000
854.500000 0 0.000000 0.000000 0.000000
855.500000 0 0.000000 0.000000 0.000000
856.500000 0 0.000000 0.000000 0.000000
857.500000 0 0.000000 0.000000 0.000000
858.500000 0 0.000000 0.000000 0.000000
859.500000 0 0.000000 0.000000 0.000000
860.500000 0 0.000000 0.000000 0.000000
861.500000 1 1.000000 0.000019 0.000019
862.500000 0 0.000000 0.000000 0.000000
863.500000 0 0.000000 0.000000 0.000000
864.500000 0 0.000000 0.000000 0.000000
865.500000 0 0.000000 0.000000 0.000000
866.500000 0 0.000000 0.000000 0.000000
867.500000 0 0.000000 0.000000 0.000000
868.500000 0 0.000000 0.000000 0.000000
869.500000 0 0.000000 0.000000 0.000000
870.500000 0 0.000000 0.000000 0.000000
871.500000 0 0.000000 0.000000 0.000000
872.500000 0 0.000000 0.000000 0.000000
873.500000 0 0.000000 0.000000 0.000000
874.500000 0 0.000000 0.000000 0.000000
875.500000 1 1.000000 0.000019 0.000019
876.500000 0 0.000000 0.000000 0.000000
877.500000 0 0.000000 0.000000 0.000000
878.500000 0 0.000000 0.000000 0.000000
879.500000 0 0.000000 0.000000 0.000000
880.500000 0 0.000000 0.000000 0.000000
881.500000 0 0.000000 0.000000 0.000000
882.500000 0 0.000000 0.000000 0.000000
883.500000 1 1.000000 0.000019 0.000019
884.500000 0 0.000000 0.000000 0.000000
885.500000 1 1.000000 0.000019 0.000019
886.500000 1 1.000000 0.000019 0.000019
887.500000 1 1.000000 0.000019 0.000019
888.500000 0 0.000000 0.000000 0.000000
889.500000 0 0.000000 0.000000 0.000000
890.500000 0 0.000000 0.000000 0.000000
891.500000 0 0.000000 0.000000 0.000000
892.500000 0 0.000000 0.000000 0.000000
893.500000 0 0.000000 0.000000 0.000000
894.500000 0 0.000000 0.000000 0.000000
895.500000 0 0.000000 0.000000 0.000000
896.500000 0 0.000000 0.000000 0.000000
897.500000 0 0.000000 0.000000 0.000000
898.500000 0 0.000000 0.000000 0.000000
899.500000 0 0.000000 0.000000 0.000000
900.500000 0 0.000000 0.000000 0.000000
901.500000 0 0.000000 0.000000 0.000000
902.500000 0 0.000000 0.000000 0.000000
903.500000 0 0.000000 0.000000 0.000000
904.500000 0 0.000000 0.000000 0.000000
905.500000 0 0.000000 0.000000 0.000000
906.500000 0 0.000000 0.000000 0.000000
907.500000 0 0.000000 0.000000 0.000000
908.500000 0 0.000000 0.000000 0.000000
909.500000 0 0.000000 0.000000 0.000000
910.500000 0 0.000000 0.000000 0.000000
911.500000 1 1.000000 0.000019 0.000019
912.500000 0 0.000000 0.000000 0.000000
913.500000 0 0.000000 0.000000 0.000000
914.500000 0 0.000000 0.000000 0.000000
915.500000 1 1.000000 0.000019 0.000019
916.500000 0 0.000000 0.000000 0.000000
917.500000 0 0.000000 0.000000 0.000000
918.500000 0 0.000000 0.000000 0.000000
919.500000 0 0.000000 0.000000 0.000000
920.500000 0 0.000000 0.000000 0.000000
921.500000 0 0.000000 0.000000 0.000000
922.500000 0 0.000000 0.000000 0.000000
923.500000 0 0.000000 0.000000 0.000000
924.500000 0 0.000000 0.000000 0.000000
925.500000 0 0.000000 0.000000 0.000000
926.500000 0 0.000000 0.000000 0.000000
927.500000 0 0.000000 0.000000 0.000000
928.500000 0 0.000000 0.000000 0.000000
929.500000 0 0.000000 0.000000 0.000000
930.500000 0 0.000000 0.000000 0.000000
931.500000 0 0.000000 0.000000 0.000000
932.500000 0 0.000000 0.000000 0.000000
933.500000 0 0.000000 0.000000 0.000000
934.500000 0 0.000000 0.000000 0.000000
935.500000 0 0.000000 0.000000 0.000000
936.500000 0 0.000000 0.000000 0.000000
937.500000 0 0.000000 0.000000 0.000000
938.500000 0 0.000000 0.000000 0.000000
939.500000 0 0.000000 0.000000 0.000000
940.500000 0 0.000000 0.000000 0.000000
941.500000 0 0.000000 0.000000 0.000000
942.500000 0 0.000000 0.000000 0.000000
943.500000 0 0.000000 0.000000 0.000000
944.500000 0 0.000000 0.000000 0.000000
945.500000 0 0.000000 0.000000 0.000000
946.500000 0 0.000000 0.000000 0.000000
947.500000 0 0.000000 0.000000 0.000000
948.500000 0 0.000000 0.000000 0.000000
949.500000 0 0.000000 0.000000 0.000000
950.500000 0 0.000000 0.000000 0.000000
951.500000 0 0.000000 0.000000 0.000000
952.500000 0 0.000000 0.000000 0.000000
953.500000 0 0.000000 0.000000 0.000000
954.500000 0 0.000000 0.000000 0.000000
955.500000 0 0.000000 0.000000 0.000000
956.500000 0 0.000000 0.000000 0.000000
957.500000 1 1.000000 0.000019 0.000019
958.500000 0 0.000000 0.000000 0.000000
959.500000 0 0.000000 0.000000 0.000000
960.500000 0 0.000000 0.000000 0.000000
961.500000 0 0.000000 0.000000 0.000000
962.500000 0 0.000000 0.000000 0.000000
963.500000 0 0.000000 0.000000 0.000000
964.500000 1 1.000000 0.000019 0.000019
965.500000 0 0.000000 0.000000 0.000000
966.500000 0 0.000000 0.000000 0.000000
967.500000 0 0.000000 0.000000 0.000000
968.500000 0 0.000000 0.000000 0.000000
969.500000 0 0.000000 0.000000 0.000000
970.500000 0 0.000000 0.000000 0.000000
971.500000 0 0.000000 0.000000 0.000000
972.500000 0 0.000000 0.000000 0.000000
973.500000 0 0.000000 0.000000 0.000000
974.500000 0 0.000000 0.000000 0.000000
975.500000 0 0.000000 0.000000 0.000000
976.500000 0 0.000000 0.000000 0.000000
977.500000 0 0.000000 0.000000 0.000000
978.500000 0 0.000000 0.000000 0.000000
979.500000 0 0.000000 0.000000 0.000000
980.500000 0 0.000000 0.000000 0.000000
981.500000 0 0.000000 0.000000 0.000000
982.500000 0 0.000000 0.000000 0.000000
983.500000 0 0.000000 0.000000 0.000000
984.500000 0 0.000000 0.000000 0.000000
985.500000 0 0.000000 0.000000 0.000000
986.500000 0 0.000000 0.000000 0.000000
987.500000 0 0.000000 0.000000 0.000000
988.500000 0 0.000000 0.000000 0.000000
989.500000 0 0.000000 0.000000 0.000000
990.500000 0 0.000000 0.000000 0.000000
991.500000 0 0.000000 0.000000 0.000000
992.500000 0 0.000000 0.000000 0.000000
993.500000 0 0.000000 0.000000 0.000000
994.500000 0 0.000000 0.000000 0.000000
995.500000 0 0.000000 0.000000 0.000000
996.500000 0 0.000000 0.000000 0.000000
997.500000 0 0.000000 0.000000 0.000000
998.500000 0 0.000000 0.000000 0.000000
999.500000 0 0.000000 0.000000 0.000000
1000.500000 0 0.000000 0.000000 0.000000
1001.500000 0 0.000000 0.000000 0.000000
1002.500000 0 0.000000 0.000000 0.000000
1003.500000 0 0.000000 0.000000 0.000000
1004.500000 0 0.000000 0.000000 0.000000
1005.500000 0 0.000000 0.000000 0.000000
1006.500000 0 0.000000 0.000000 0.000000
1007.500000 1 1.000000 0.000019 0.000019
1008.500000 0 0.000000 0.000000 0.000000
1009.500000 0 0.000000 0.000000 0.000000
1010.500000 0 0.000000 0.000000 0.000000
1011.500000 0 0.000000 0.000000 0.000000
1012.500000 0 0.000000 0.000000 0.000000
1013.500000 0 0.000000 0.000000 0.000000
1014.500000 0 0.000000 0.000000 0.000000
1015.500000 0 0.000000 0.000000 0.000000
1016.500000 0 0.000000 0.000000 0.000000
1017.500000 0 0.000000 0.000000 0.000000
1018.500000 0 0.000000 0.000000 0.000000
1019.500000 0 0.000000 0.000000 0.000000
1020.500000 0 0.000000 0.000000 0.000000
1021.500000 1 1.000000 0.000019 0.000019
1022.500000 0 0.000000 0.000000 0.000000
1023.500000 0 0.000000 0.000000 0.000000
