# bkgd 280 9189 0.1 0.05976143046671968 95.85927185202274
0.050000 0 0.000000 0.000000 0.000000
0.150000 0 0.000000 0.000000 0.000000
0.250000 0 0.000000 0.000000 0.000000
0.350000 0 0.000000 0.000000 0.000000
0.450000 0 0.000000 0.000000 0.000000
0.550000 0 0.000000 0.000000 0.000000
0.650000 0 0.000000 0.000000 0.000000
0.750000 0 0.000000 0.000000 0.000000
0.850000 2 0.707107 0.000218 0.000077
0.950000 3 0.577350 0.000326 0.000063
1.050000 11 0.301511 0.001197 0.000035
1.150000 20 0.223607 0.002177 0.000033
1.250000 11 0.301511 0.001197 0.000035
1.350000 19 0.229416 0.002068 0.000033
1.450000 11 0.301511 0.001197 0.000035
1.550000 16 0.250000 0.001741 0.000033
1.650000 18 0.235702 0.001959 0.000033
1.750000 20 0.223607 0.002177 0.000033
1.850000 16 0.250000 0.001741 0.000033
1.950000 23 0.208514 0.002503 0.000035
2.050000 16 0.250000 0.001741 0.000033
2.150000 16 0.250000 0.001741 0.000033
2.250000 20 0.223607 0.002177 0.000033
2.350000 16 0.250000 0.001741 0.000033
2.450000 21 0.218218 0.002285 0.000034
2.550000 19 0.229416 0.002068 0.000033
2.650000 15 0.258199 0.001632 0.000033
2.750000 15 0.258199 0.001632 0.000033
2.850000 14 0.267261 0.001524 0.000033
2.950000 17 0.242536 0.001850 0.000033
3.050000 20 0.223607 0.002177 0.000033
3.150000 27 0.192450 0.002938 0.000037
3.250000 20 0.223607 0.002177 0.000033
3.350000 24 0.204124 0.002612 0.000035
3.450000 19 0.229416 0.002068 0.000033
3.550000 18 0.235702 0.001959 0.000033
3.650000 20 0.223607 0.002177 0.000033
3.750000 29 0.185695 0.003156 0.000039
3.850000 25 0.200000 0.002721 0.000036
3.950000 26 0.196116 0.002829 0.000036
4.050000 36 0.166667 0.003918 0.000045
4.150000 27 0.192450 0.002938 0.000037
4.250000 25 0.200000 0.002721 0.000036
4.350000 29 0.185695 0.003156 0.000039
4.450000 38 0.162221 0.004135 0.000047
4.550000 29 0.185695 0.003156 0.000039
4.650000 30 0.182574 0.003265 0.000039
4.750000 45 0.149071 0.004897 0.000054
4.850000 40 0.158114 0.004353 0.000049
4.950000 33 0.174078 0.003591 0.000042
5.050000 38 0.162221 0.004135 0.000047
5.150000 35 0.169031 0.003809 0.000044
5.250000 49 0.142857 0.005332 0.000058
5.350000 58 0.131306 0.006312 0.000067
5.450000 63 0.125988 0.006856 0.000073
5.550000 73 0.117041 0.007944 0.000084
5.650000 76 0.114708 0.008271 0.000087
5.750000 71 0.118678 0.007727 0.000082
5.850000 78 0.113228 0.008488 0.000089
5.950000 76 0.114708 0.008271 0.000087
6.050000 78 0.113228 0.008488 0.000089
6.150000 104 0.098058 0.011318 0.000119
6.250000 98 0.101015 0.010665 0.000112
6.350000 107 0.096674 0.011644 0.000122
6.450000 100 0.100000 0.010883 0.000114
6.550000 106 0.097129 0.011536 0.000121
6.650000 94 0.103142 0.010230 0.000107
6.750000 113 0.094072 0.012297 0.000129
6.850000 91 0.104828 0.009903 0.000104
6.950000 112 0.094491 0.012188 0.000128
7.050000 112 0.094491 0.012188 0.000128
7.150000 116 0.092848 0.012624 0.000132
7.250000 108 0.096225 0.011753 0.000123
7.350000 104 0.098058 0.011318 0.000119
7.450000 136 0.085749 0.014800 0.000155
7.550000 123 0.090167 0.013386 0.000140
7.650000 125 0.089443 0.013603 0.000142
7.750000 119 0.091670 0.012950 0.000135
7.850000 120 0.091287 0.013059 0.000137
7.950000 127 0.088736 0.013821 0.000145
8.050000 110 0.095346 0.011971 0.000125
8.150000 118 0.092057 0.012841 0.000134
8.250000 102 0.099015 0.011100 0.000116
8.350000 118 0.092057 0.012841 0.000134
8.450000 124 0.089803 0.013494 0.000141
8.550000 139 0.084819 0.015127 0.000158
8.650000 147 0.082479 0.015997 0.000167
8.750000 164 0.078087 0.017847 0.000186
8.850000 117 0.092450 0.012733 0.000133
8.950000 126 0.089087 0.013712 0.000143
9.050000 114 0.093659 0.012406 0.000130
9.150000 138 0.085126 0.015018 0.000157
9.250000 126 0.089087 0.013712 0.000143
9.350000 117 0.092450 0.012733 0.000133
9.450000 107 0.096674 0.011644 0.000122
9.550000 143 0.083624 0.015562 0.000163
9.650000 137 0.085436 0.014909 0.000156
9.750000 130 0.087706 0.014147 0.000148
9.850000 113 0.094072 0.012297 0.000129
9.950000 137 0.085436 0.014909 0.000156
10.050000 134 0.086387 0.014583 0.000152
10.150000 133 0.086711 0.014474 0.000151
10.250000 120 0.091287 0.013059 0.000137
10.350000 110 0.095346 0.011971 0.000125
10.450000 126 0.089087 0.013712 0.000143
10.550000 122 0.090536 0.013277 0.000139
10.650000 140 0.084515 0.015236 0.000159
10.750000 128 0.088388 0.013930 0.000146
10.850000 110 0.095346 0.011971 0.000125
10.950000 139 0.084819 0.015127 0.000158
11.050000 129 0.088045 0.014039 0.000147
11.150000 121 0.090909 0.013168 0.000138
11.250000 101 0.099504 0.010991 0.000115
11.350000 123 0.090167 0.013386 0.000140
11.450000 115 0.093250 0.012515 0.000131
11.550000 105 0.097590 0.011427 0.000120
11.650000 139 0.084819 0.015127 0.000158
11.750000 139 0.084819 0.015127 0.000158
11.850000 136 0.085749 0.014800 0.000155
11.950000 122 0.090536 0.013277 0.000139
12.050000 134 0.086387 0.014583 0.000152
12.150000 156 0.080064 0.016977 0.000177
12.250000 121 0.090909 0.013168 0.000138
12.350000 121 0.090909 0.013168 0.000138
12.450000 119 0.091670 0.012950 0.000135
12.550000 114 0.093659 0.012406 0.000130
12.650000 137 0.085436 0.014909 0.000156
12.750000 130 0.087706 0.014147 0.000148
12.850000 129 0.088045 0.014039 0.000147
12.950000 114 0.093659 0.012406 0.000130
13.050000 123 0.090167 0.013386 0.000140
13.150000 135 0.086066 0.014691 0.000154
13.250000 138 0.085126 0.015018 0.000157
13.350000 104 0.098058 0.011318 0.000119
13.450000 129 0.088045 0.014039 0.000147
13.550000 112 0.094491 0.012188 0.000128
13.650000 130 0.087706 0.014147 0.000148
13.750000 135 0.086066 0.014691 0.000154
13.850000 117 0.092450 0.012733 0.000133
13.950000 129 0.088045 0.014039 0.000147
14.050000 126 0.089087 0.013712 0.000143
14.150000 125 0.089443 0.013603 0.000142
14.250000 137 0.085436 0.014909 0.000156
14.350000 121 0.090909 0.013168 0.000138
14.450000 138 0.085126 0.015018 0.000157
14.550000 112 0.094491 0.012188 0.000128
14.650000 130 0.087706 0.014147 0.000148
14.750000 118 0.092057 0.012841 0.000134
14.850000 119 0.091670 0.012950 0.000135
14.950000 133 0.086711 0.014474 0.000151
15.050000 104 0.098058 0.011318 0.000119
15.150000 122 0.090536 0.013277 0.000139
15.250000 127 0.088736 0.013821 0.000145
15.350000 121 0.090909 0.013168 0.000138
15.450000 120 0.091287 0.013059 0.000137
15.550000 132 0.087039 0.014365 0.000150
15.650000 120 0.091287 0.013059 0.000137
15.750000 140 0.084515 0.015236 0.000159
15.850000 129 0.088045 0.014039 0.000147
15.950000 125 0.089443 0.013603 0.000142
16.050000 123 0.090167 0.013386 0.000140
16.150000 135 0.086066 0.014691 0.000154
16.250000 123 0.090167 0.013386 0.000140
16.350000 142 0.083918 0.015453 0.000161
16.450000 149 0.081923 0.016215 0.000169
16.550000 121 0.090909 0.013168 0.000138
16.650000 129 0.088045 0.014039 0.000147
16.750000 151 0.081379 0.016433 0.000172
16.850000 146 0.082761 0.015889 0.000166
16.950000 136 0.085749 0.014800 0.000155
17.050000 143 0.083624 0.015562 0.000163
17.150000 137 0.085436 0.014909 0.000156
17.250000 123 0.090167 0.013386 0.000140
17.350000 149 0.081923 0.016215 0.000169
17.450000 140 0.084515 0.015236 0.000159
17.550000 115 0.093250 0.012515 0.000131
17.650000 124 0.089803 0.013494 0.000141
17.750000 134 0.086387 0.014583 0.000152
17.850000 122 0.090536 0.013277 0.000139
17.950000 137 0.085436 0.014909 0.000156
18.050000 136 0.085749 0.014800 0.000155
18.150000 122 0.090536 0.013277 0.000139
18.250000 130 0.087706 0.014147 0.000148
18.350000 143 0.083624 0.015562 0.000163
18.450000 143 0.083624 0.015562 0.000163
18.550000 152 0.081111 0.016542 0.000173
18.650000 138 0.085126 0.015018 0.000157
18.750000 146 0.082761 0.015889 0.000166
18.850000 140 0.084515 0.015236 0.000159
18.950000 168 0.077152 0.018283 0.000191
19.050000 151 0.081379 0.016433 0.000172
19.150000 129 0.088045 0.014039 0.000147
19.250000 140 0.084515 0.015236 0.000159
19.350000 153 0.080845 0.016650 0.000174
19.450000 151 0.081379 0.016433 0.000172
19.550000 158 0.079556 0.017194 0.000180
19.650000 180 0.074536 0.019589 0.000205
19.750000 159 0.079305 0.017303 0.000181
19.850000 178 0.074953 0.019371 0.000202
19.950000 153 0.080845 0.016650 0.000174
20.050000 156 0.080064 0.016977 0.000177
20.150000 175 0.075593 0.019045 0.000199
20.250000 157 0.079809 0.017086 0.000178
20.350000 159 0.079305 0.017303 0.000181
20.450000 184 0.073721 0.020024 0.000209
20.550000 171 0.076472 0.018609 0.000194
20.650000 170 0.076696 0.018500 0.000193
20.750000 192 0.072169 0.020895 0.000218
20.850000 189 0.072739 0.020568 0.000215
20.950000 188 0.072932 0.020459 0.000214
21.050000 177 0.075165 0.019262 0.000201
21.150000 235 0.065233 0.025574 0.000267
21.250000 197 0.071247 0.021439 0.000224
21.350000 233 0.065512 0.025356 0.000265
21.450000 213 0.068519 0.023180 0.000242
21.550000 200 0.070711 0.021765 0.000227
21.650000 211 0.068843 0.022962 0.000240
21.750000 204 0.070014 0.022200 0.000232
21.850000 199 0.070888 0.021656 0.000226
21.950000 207 0.069505 0.022527 0.000235
22.050000 203 0.070186 0.022092 0.000231
22.150000 194 0.071796 0.021112 0.000220
22.250000 242 0.064282 0.026336 0.000275
22.350000 208 0.069338 0.022636 0.000236
22.450000 233 0.065512 0.025356 0.000265
22.550000 221 0.067267 0.024050 0.000251
22.650000 226 0.066519 0.024595 0.000257
22.750000 216 0.068041 0.023506 0.000245
22.850000 221 0.067267 0.024050 0.000251
22.950000 232 0.065653 0.025248 0.000263
23.050000 223 0.066965 0.024268 0.000253
23.150000 198 0.071067 0.021548 0.000225
23.250000 208 0.069338 0.022636 0.000236
23.350000 211 0.068843 0.022962 0.000240
23.450000 220 0.067420 0.023942 0.000250
23.550000 233 0.065512 0.025356 0.000265
23.650000 228 0.066227 0.024812 0.000259
23.750000 233 0.065512 0.025356 0.000265
23.850000 244 0.064018 0.026553 0.000277
23.950000 216 0.068041 0.023506 0.000245
24.050000 195 0.071611 0.021221 0.000222
24.150000 220 0.067420 0.023942 0.000250
24.250000 223 0.066965 0.024268 0.000253
24.350000 213 0.068519 0.023180 0.000242
24.450000 183 0.073922 0.019915 0.000208
24.550000 231 0.065795 0.025139 0.000262
24.650000 211 0.068843 0.022962 0.000240
24.750000 214 0.068359 0.023289 0.000243
24.850000 226 0.066519 0.024595 0.000257
24.950000 227 0.066372 0.024703 0.000258
25.050000 207 0.069505 0.022527 0.000235
25.150000 236 0.065094 0.025683 0.000268
25.250000 221 0.067267 0.024050 0.000251
25.350000 236 0.065094 0.025683 0.000268
25.450000 179 0.074744 0.019480 0.000203
25.550000 232 0.065653 0.025248 0.000263
25.650000 226 0.066519 0.024595 0.000257
25.750000 236 0.065094 0.025683 0.000268
25.850000 228 0.066227 0.024812 0.000259
25.950000 224 0.066815 0.024377 0.000254
26.050000 241 0.064416 0.026227 0.000274
26.150000 225 0.066667 0.024486 0.000256
26.250000 222 0.067116 0.024159 0.000252
26.350000 208 0.069338 0.022636 0.000236
26.450000 207 0.069505 0.022527 0.000235
26.550000 231 0.065795 0.025139 0.000262
26.650000 217 0.067884 0.023615 0.000246
26.750000 232 0.065653 0.025248 0.000263
26.850000 220 0.067420 0.023942 0.000250
26.950000 242 0.064282 0.026336 0.000275
27.050000 212 0.068680 0.023071 0.000241
27.150000 251 0.063119 0.027315 0.000285
27.250000 233 0.065512 0.025356 0.000265
27.350000 233 0.065512 0.025356 0.000265
27.450000 241 0.064416 0.026227 0.000274
27.550000 235 0.065233 0.025574 0.000267
27.650000 247 0.063628 0.026880 0.000280
27.750000 236 0.065094 0.025683 0.000268
27.850000 227 0.066372 0.024703 0.000258
27.950000 247 0.063628 0.026880 0.000280
28.050000 229 0.066082 0.024921 0.000260
28.150000 239 0.064685 0.026009 0.000271
28.250000 241 0.064416 0.026227 0.000274
28.350000 260 0.062017 0.028295 0.000295
28.450000 219 0.067574 0.023833 0.000249
28.550000 253 0.062869 0.027533 0.000287
28.650000 251 0.063119 0.027315 0.000285
28.750000 221 0.067267 0.024050 0.000251
28.850000 256 0.062500 0.027859 0.000291
28.950000 238 0.064820 0.025901 0.000270
29.050000 233 0.065512 0.025356 0.000265
29.150000 253 0.062869 0.027533 0.000287
29.250000 238 0.064820 0.025901 0.000270
29.350000 238 0.064820 0.025901 0.000270
29.450000 242 0.064282 0.026336 0.000275
29.550000 262 0.061780 0.028512 0.000298
29.650000 238 0.064820 0.025901 0.000270
29.750000 245 0.063888 0.026662 0.000278
29.850000 249 0.063372 0.027098 0.000283
29.950000 266 0.061314 0.028948 0.000302
30.050000 265 0.061430 0.028839 0.000301
30.150000 211 0.068843 0.022962 0.000240
30.250000 266 0.061314 0.028948 0.000302
30.350000 236 0.065094 0.025683 0.000268
30.450000 240 0.064550 0.026118 0.000273
30.550000 248 0.063500 0.026989 0.000282
30.650000 261 0.061898 0.028404 0.000296
30.750000 225 0.066667 0.024486 0.000256
30.850000 250 0.063246 0.027206 0.000284
30.950000 277 0.060084 0.030145 0.000315
31.050000 280 0.059761 0.030471 0.000318
31.150000 235 0.065233 0.025574 0.000267
31.250000 252 0.062994 0.027424 0.000286
31.350000 228 0.066227 0.024812 0.000259
31.450000 226 0.066519 0.024595 0.000257
31.550000 248 0.063500 0.026989 0.000282
31.650000 246 0.063758 0.026771 0.000279
31.750000 244 0.064018 0.026553 0.000277
31.850000 237 0.064957 0.025792 0.000269
31.950000 266 0.061314 0.028948 0.000302
32.050000 235 0.065233 0.025574 0.000267
32.150000 259 0.062137 0.028186 0.000294
32.250000 234 0.065372 0.025465 0.000266
32.350000 244 0.064018 0.026553 0.000277
32.450000 251 0.063119 0.027315 0.000285
32.550000 224 0.066815 0.024377 0.000254
32.650000 250 0.063246 0.027206 0.000284
32.750000 218 0.067729 0.023724 0.000248
32.850000 265 0.061430 0.028839 0.000301
32.950000 239 0.064685 0.026009 0.000271
33.050000 216 0.068041 0.023506 0.000245
33.150000 227 0.066372 0.024703 0.000258
33.250000 236 0.065094 0.025683 0.000268
33.350000 234 0.065372 0.025465 0.000266
33.450000 252 0.062994 0.027424 0.000286
33.550000 238 0.064820 0.025901 0.000270
33.650000 233 0.065512 0.025356 0.000265
33.750000 243 0.064150 0.026445 0.000276
33.850000 251 0.063119 0.027315 0.000285
33.950000 252 0.062994 0.027424 0.000286
34.050000 227 0.066372 0.024703 0.000258
34.150000 224 0.066815 0.024377 0.000254
34.250000 226 0.066519 0.024595 0.000257
34.350000 220 0.067420 0.023942 0.000250
34.450000 234 0.065372 0.025465 0.000266
34.550000 262 0.061780 0.028512 0.000298
34.650000 213 0.068519 0.023180 0.000242
34.750000 202 0.070360 0.021983 0.000229
34.850000 205 0.069843 0.022309 0.000233
34.950000 218 0.067729 0.023724 0.000248
35.050000 236 0.065094 0.025683 0.000268
35.150000 223 0.066965 0.024268 0.000253
35.250000 243 0.064150 0.026445 0.000276
35.350000 226 0.066519 0.024595 0.000257
35.450000 212 0.068680 0.023071 0.000241
35.550000 240 0.064550 0.026118 0.000273
35.650000 231 0.065795 0.025139 0.000262
35.750000 227 0.066372 0.024703 0.000258
35.850000 249 0.063372 0.027098 0.000283
35.950000 243 0.064150 0.026445 0.000276
36.050000 246 0.063758 0.026771 0.000279
36.150000 225 0.066667 0.024486 0.000256
36.250000 226 0.066519 0.024595 0.000257
36.350000 204 0.070014 0.022200 0.000232
36.450000 206 0.069673 0.022418 0.000234
36.550000 216 0.068041 0.023506 0.000245
36.650000 237 0.064957 0.025792 0.000269
36.750000 226 0.066519 0.024595 0.000257
36.850000 229 0.066082 0.024921 0.000260
36.950000 239 0.064685 0.026009 0.000271
37.050000 240 0.064550 0.026118 0.000273
37.150000 220 0.067420 0.023942 0.000250
37.250000 230 0.065938 0.025030 0.000261
37.350000 203 0.070186 0.022092 0.000231
37.450000 197 0.071247 0.021439 0.000224
37.550000 209 0.069171 0.022745 0.000237
37.650000 208 0.069338 0.022636 0.000236
37.750000 230 0.065938 0.025030 0.000261
37.850000 208 0.069338 0.022636 0.000236
37.950000 227 0.066372 0.024703 0.000258
38.050000 181 0.074329 0.019697 0.000206
38.150000 207 0.069505 0.022527 0.000235
38.250000 229 0.066082 0.024921 0.000260
38.350000 193 0.071982 0.021003 0.000219
38.450000 216 0.068041 0.023506 0.000245
38.550000 217 0.067884 0.023615 0.000246
38.650000 185 0.073521 0.020133 0.000210
38.750000 190 0.072548 0.020677 0.000216
38.850000 192 0.072169 0.020895 0.000218
38.950000 184 0.073721 0.020024 0.000209
39.050000 230 0.065938 0.025030 0.000261
39.150000 235 0.065233 0.025574 0.000267
39.250000 187 0.073127 0.020350 0.000212
39.350000 218 0.067729 0.023724 0.000248
39.450000 178 0.074953 0.019371 0.000202
39.550000 194 0.071796 0.021112 0.000220
39.650000 197 0.071247 0.021439 0.000224
39.750000 223 0.066965 0.024268 0.000253
39.850000 210 0.069007 0.022853 0.000239
39.950000 219 0.067574 0.023833 0.000249
40.050000 212 0.068680 0.023071 0.000241
40.150000 204 0.070014 0.022200 0.000232
40.250000 198 0.071067 0.021548 0.000225
40.350000 204 0.070014 0.022200 0.000232
40.450000 213 0.068519 0.023180 0.000242
40.550000 179 0.074744 0.019480 0.000203
40.650000 219 0.067574 0.023833 0.000249
40.750000 198 0.071067 0.021548 0.000225
40.850000 195 0.071611 0.021221 0.000222
40.950000 203 0.070186 0.022092 0.000231
41.050000 216 0.068041 0.023506 0.000245
41.150000 195 0.071611 0.021221 0.000222
41.250000 195 0.071611 0.021221 0.000222
41.350000 205 0.069843 0.022309 0.000233
41.450000 212 0.068680 0.023071 0.000241
41.550000 185 0.073521 0.020133 0.000210
41.650000 193 0.071982 0.021003 0.000219
41.750000 217 0.067884 0.023615 0.000246
41.850000 208 0.069338 0.022636 0.000236
41.950000 208 0.069338 0.022636 0.000236
42.050000 188 0.072932 0.020459 0.000214
42.150000 195 0.071611 0.021221 0.000222
42.250000 216 0.068041 0.023506 0.000245
42.350000 237 0.064957 0.025792 0.000269
42.450000 222 0.067116 0.024159 0.000252
42.550000 190 0.072548 0.020677 0.000216
42.650000 199 0.070888 0.021656 0.000226
42.750000 197 0.071247 0.021439 0.000224
42.850000 206 0.069673 0.022418 0.000234
42.950000 204 0.070014 0.022200 0.000232
43.050000 237 0.064957 0.025792 0.000269
43.150000 226 0.066519 0.024595 0.000257
43.250000 213 0.068519 0.023180 0.000242
43.350000 197 0.071247 0.021439 0.000224
43.450000 209 0.069171 0.022745 0.000237
43.550000 215 0.068199 0.023398 0.000244
43.650000 225 0.066667 0.024486 0.000256
43.750000 208 0.069338 0.022636 0.000236
43.850000 208 0.069338 0.022636 0.000236
43.950000 211 0.068843 0.022962 0.000240
44.050000 210 0.069007 0.022853 0.000239
44.150000 189 0.072739 0.020568 0.000215
44.250000 202 0.070360 0.021983 0.000229
44.350000 198 0.071067 0.021548 0.000225
44.450000 203 0.070186 0.022092 0.000231
44.550000 197 0.071247 0.021439 0.000224
44.650000 222 0.067116 0.024159 0.000252
44.750000 191 0.072357 0.020786 0.000217
44.850000 191 0.072357 0.020786 0.000217
44.950000 197 0.071247 0.021439 0.000224
45.050000 209 0.069171 0.022745 0.000237
45.150000 181 0.074329 0.019697 0.000206
45.250000 199 0.070888 0.021656 0.000226
45.350000 176 0.075378 0.019153 0.000200
45.450000 203 0.070186 0.022092 0.000231
45.550000 190 0.072548 0.020677 0.000216
45.650000 170 0.076696 0.018500 0.000193
45.750000 191 0.072357 0.020786 0.000217
45.850000 192 0.072169 0.020895 0.000218
45.950000 180 0.074536 0.019589 0.000205
46.050000 181 0.074329 0.019697 0.000206
46.150000 210 0.069007 0.022853 0.000239
46.250000 177 0.075165 0.019262 0.000201
46.350000 181 0.074329 0.019697 0.000206
46.450000 204 0.070014 0.022200 0.000232
46.550000 184 0.073721 0.020024 0.000209
46.650000 195 0.071611 0.021221 0.000222
46.750000 173 0.076029 0.018827 0.000197
46.850000 184 0.073721 0.020024 0.000209
46.950000 170 0.076696 0.018500 0.000193
47.050000 200 0.070711 0.021765 0.000227
47.150000 165 0.077850 0.017956 0.000188
47.250000 185 0.073521 0.020133 0.000210
47.350000 182 0.074125 0.019806 0.000207
47.450000 161 0.078811 0.017521 0.000183
47.550000 198 0.071067 0.021548 0.000225
47.650000 151 0.081379 0.016433 0.000172
47.750000 148 0.082199 0.016106 0.000168
47.850000 187 0.073127 0.020350 0.000212
47.950000 170 0.076696 0.018500 0.000193
48.050000 181 0.074329 0.019697 0.000206
48.150000 170 0.076696 0.018500 0.000193
48.250000 194 0.071796 0.021112 0.000220
48.350000 177 0.075165 0.019262 0.000201
48.450000 143 0.083624 0.015562 0.000163
48.550000 173 0.076029 0.018827 0.000197
48.650000 152 0.081111 0.016542 0.000173
48.750000 179 0.074744 0.019480 0.000203
48.850000 139 0.084819 0.015127 0.000158
48.950000 149 0.081923 0.016215 0.000169
49.050000 152 0.081111 0.016542 0.000173
49.150000 148 0.082199 0.016106 0.000168
49.250000 146 0.082761 0.015889 0.000166
49.350000 188 0.072932 0.020459 0.000214
49.450000 166 0.077615 0.018065 0.000189
49.550000 152 0.081111 0.016542 0.000173
49.650000 155 0.080322 0.016868 0.000176
49.750000 146 0.082761 0.015889 0.000166
49.850000 165 0.077850 0.017956 0.000188
49.950000 156 0.080064 0.016977 0.000177
50.050000 170 0.076696 0.018500 0.000193
50.150000 174 0.075810 0.018936 0.000198
50.250000 148 0.082199 0.016106 0.000168
50.350000 121 0.090909 0.013168 0.000138
50.450000 148 0.082199 0.016106 0.000168
50.550000 147 0.082479 0.015997 0.000167
50.650000 165 0.077850 0.017956 0.000188
50.750000 140 0.084515 0.015236 0.000159
50.850000 153 0.080845 0.016650 0.000174
50.950000 132 0.087039 0.014365 0.000150
51.050000 141 0.084215 0.015344 0.000160
51.150000 182 0.074125 0.019806 0.000207
51.250000 165 0.077850 0.017956 0.000188
51.350000 135 0.086066 0.014691 0.000154
51.450000 147 0.082479 0.015997 0.000167
51.550000 135 0.086066 0.014691 0.000154
51.650000 129 0.088045 0.014039 0.000147
51.750000 150 0.081650 0.016324 0.000171
51.850000 146 0.082761 0.015889 0.000166
51.950000 129 0.088045 0.014039 0.000147
52.050000 144 0.083333 0.015671 0.000164
52.150000 162 0.078567 0.017630 0.000184
52.250000 158 0.079556 0.017194 0.000180
52.350000 120 0.091287 0.013059 0.000137
52.450000 135 0.086066 0.014691 0.000154
52.550000 129 0.088045 0.014039 0.000147
52.650000 129 0.088045 0.014039 0.000147
52.750000 113 0.094072 0.012297 0.000129
52.850000 130 0.087706 0.014147 0.000148
52.950000 123 0.090167 0.013386 0.000140
53.050000 121 0.090909 0.013168 0.000138
53.150000 146 0.082761 0.015889 0.000166
53.250000 141 0.084215 0.015344 0.000160
53.350000 136 0.085749 0.014800 0.000155
53.450000 114 0.093659 0.012406 0.000130
53.550000 126 0.089087 0.013712 0.000143
53.650000 106 0.097129 0.011536 0.000121
53.750000 136 0.085749 0.014800 0.000155
53.850000 126 0.089087 0.013712 0.000143
53.950000 114 0.093659 0.012406 0.000130
54.050000 133 0.086711 0.014474 0.000151
54.150000 138 0.085126 0.015018 0.000157
54.250000 126 0.089087 0.013712 0.000143
54.350000 115 0.093250 0.012515 0.000131
54.450000 110 0.095346 0.011971 0.000125
54.550000 131 0.087370 0.014256 0.000149
54.650000 126 0.089087 0.013712 0.000143
54.750000 120 0.091287 0.013059 0.000137
54.850000 130 0.087706 0.014147 0.000148
54.950000 114 0.093659 0.012406 0.000130
55.050000 111 0.094916 0.012080 0.000126
55.150000 121 0.090909 0.013168 0.000138
55.250000 129 0.088045 0.014039 0.000147
55.350000 119 0.091670 0.012950 0.000135
55.450000 100 0.100000 0.010883 0.000114
55.550000 118 0.092057 0.012841 0.000134
55.650000 111 0.094916 0.012080 0.000126
55.750000 112 0.094491 0.012188 0.000128
55.850000 133 0.086711 0.014474 0.000151
55.950000 95 0.102598 0.010338 0.000108
56.050000 137 0.085436 0.014909 0.000156
56.150000 122 0.090536 0.013277 0.000139
56.250000 101 0.099504 0.010991 0.000115
56.350000 108 0.096225 0.011753 0.000123
56.450000 103 0.098533 0.011209 0.000117
56.550000 97 0.101535 0.010556 0.000111
56.650000 108 0.096225 0.011753 0.000123
56.750000 107 0.096674 0.011644 0.000122
56.850000 103 0.098533 0.011209 0.000117
56.950000 121 0.090909 0.013168 0.000138
57.050000 111 0.094916 0.012080 0.000126
57.150000 115 0.093250 0.012515 0.000131
57.250000 96 0.102062 0.010447 0.000110
57.350000 97 0.101535 0.010556 0.000111
57.450000 104 0.098058 0.011318 0.000119
57.550000 97 0.101535 0.010556 0.000111
57.650000 92 0.104257 0.010012 0.000105
57.750000 104 0.098058 0.011318 0.000119
57.850000 101 0.099504 0.010991 0.000115
57.950000 116 0.092848 0.012624 0.000132
58.050000 95 0.102598 0.010338 0.000108
58.150000 114 0.093659 0.012406 0.000130
58.250000 95 0.102598 0.010338 0.000108
58.350000 86 0.107833 0.009359 0.000098
58.450000 109 0.095783 0.011862 0.000124
58.550000 98 0.101015 0.010665 0.000112
58.650000 93 0.103695 0.010121 0.000106
58.750000 97 0.101535 0.010556 0.000111
58.850000 84 0.109109 0.009141 0.000096
58.950000 82 0.110432 0.008924 0.000094
59.050000 94 0.103142 0.010230 0.000107
59.150000 102 0.099015 0.011100 0.000116
59.250000 111 0.094916 0.012080 0.000126
59.350000 93 0.103695 0.010121 0.000106
59.450000 86 0.107833 0.009359 0.000098
59.550000 83 0.109764 0.009033 0.000095
59.650000 82 0.110432 0.008924 0.000094
59.750000 88 0.106600 0.009577 0.000101
59.850000 94 0.103142 0.010230 0.000107
59.950000 81 0.111111 0.008815 0.000093
60.050000 82 0.110432 0.008924 0.000094
60.150000 88 0.106600 0.009577 0.000101
60.250000 100 0.100000 0.010883 0.000114
60.350000 85 0.108465 0.009250 0.000097
60.450000 73 0.117041 0.007944 0.000084
60.550000 74 0.116248 0.008053 0.000085
60.650000 90 0.105409 0.009794 0.000103
60.750000 75 0.115470 0.008162 0.000086
60.850000 81 0.111111 0.008815 0.000093
60.950000 72 0.117851 0.007835 0.000083
61.050000 90 0.105409 0.009794 0.000103
61.150000 74 0.116248 0.008053 0.000085
61.250000 79 0.112509 0.008597 0.000091
61.350000 79 0.112509 0.008597 0.000091
61.450000 92 0.104257 0.010012 0.000105
61.550000 71 0.118678 0.007727 0.000082
61.650000 70 0.119523 0.007618 0.000081
61.750000 97 0.101535 0.010556 0.000111
61.850000 74 0.116248 0.008053 0.000085
61.950000 76 0.114708 0.008271 0.000087
62.050000 91 0.104828 0.009903 0.000104
62.150000 66 0.123091 0.007183 0.000076
62.250000 81 0.111111 0.008815 0.000093
62.350000 78 0.113228 0.008488 0.000089
62.450000 74 0.116248 0.008053 0.000085
62.550000 61 0.128037 0.006638 0.000071
62.650000 90 0.105409 0.009794 0.000103
62.750000 71 0.118678 0.007727 0.000082
62.850000 66 0.123091 0.007183 0.000076
62.950000 75 0.115470 0.008162 0.000086
63.050000 73 0.117041 0.007944 0.000084
63.150000 73 0.117041 0.007944 0.000084
63.250000 71 0.118678 0.007727 0.000082
63.350000 78 0.113228 0.008488 0.000089
63.450000 59 0.130189 0.006421 0.000068
63.550000 97 0.101535 0.010556 0.000111
63.650000 69 0.120386 0.007509 0.000079
63.750000 66 0.123091 0.007183 0.000076
63.850000 68 0.121268 0.007400 0.000078
63.950000 68 0.121268 0.007400 0.000078
64.050000 78 0.113228 0.008488 0.000089
64.150000 71 0.118678 0.007727 0.000082
64.250000 71 0.118678 0.007727 0.000082
64.350000 66 0.123091 0.007183 0.000076
64.450000 63 0.125988 0.006856 0.000073
64.550000 64 0.125000 0.006965 0.000074
64.650000 52 0.138675 0.005659 0.000061
64.750000 61 0.128037 0.006638 0.000071
64.850000 65 0.124035 0.007074 0.000075
64.950000 71 0.118678 0.007727 0.000082
65.050000 61 0.128037 0.006638 0.000071
65.150000 55 0.134840 0.005985 0.000064
65.250000 56 0.133631 0.006094 0.000065
65.350000 56 0.133631 0.006094 0.000065
65.450000 71 0.118678 0.007727 0.000082
65.550000 67 0.122169 0.007291 0.000077
65.650000 65 0.124035 0.007074 0.000075
65.750000 53 0.137361 0.005768 0.000062
65.850000 68 0.121268 0.007400 0.000078
65.950000 64 0.125000 0.006965 0.000074
66.050000 75 0.115470 0.008162 0.000086
66.150000 58 0.131306 0.006312 0.000067
66.250000 65 0.124035 0.007074 0.000075
66.350000 71 0.118678 0.007727 0.000082
66.450000 54 0.136083 0.005877 0.000063
66.550000 61 0.128037 0.006638 0.000071
66.650000 46 0.147442 0.005006 0.000055
66.750000 45 0.149071 0.004897 0.000054
66.850000 53 0.137361 0.005768 0.000062
66.950000 63 0.125988 0.006856 0.000073
67.050000 53 0.137361 0.005768 0.000062
67.150000 49 0.142857 0.005332 0.000058
67.250000 60 0.129099 0.006530 0.000070
67.350000 51 0.140028 0.005550 0.000060
67.450000 62 0.127000 0.006747 0.000072
67.550000 39 0.160128 0.004244 0.000048
67.650000 44 0.150756 0.004788 0.000053
67.750000 54 0.136083 0.005877 0.000063
67.850000 46 0.147442 0.005006 0.000055
67.950000 60 0.129099 0.006530 0.000070
68.050000 63 0.125988 0.006856 0.000073
68.150000 53 0.137361 0.005768 0.000062
68.250000 56 0.133631 0.006094 0.000065
68.350000 42 0.154303 0.004571 0.000051
68.450000 54 0.136083 0.005877 0.000063
68.550000 46 0.147442 0.005006 0.000055
68.650000 53 0.137361 0.005768 0.000062
68.750000 58 0.131306 0.006312 0.000067
68.850000 43 0.152499 0.004680 0.000052
68.950000 53 0.137361 0.005768 0.000062
69.050000 43 0.152499 0.004680 0.000052
69.150000 42 0.154303 0.004571 0.000051
69.250000 48 0.144338 0.005224 0.000057
69.350000 35 0.169031 0.003809 0.000044
69.450000 48 0.144338 0.005224 0.000057
69.550000 48 0.144338 0.005224 0.000057
69.650000 41 0.156174 0.004462 0.000050
69.750000 41 0.156174 0.004462 0.000050
69.850000 39 0.160128 0.004244 0.000048
69.950000 51 0.140028 0.005550 0.000060
70.050000 39 0.160128 0.004244 0.000048
70.150000 61 0.128037 0.006638 0.000071
70.250000 35 0.169031 0.003809 0.000044
70.350000 43 0.152499 0.004680 0.000052
70.450000 42 0.154303 0.004571 0.000051
70.550000 31 0.179605 0.003374 0.000040
70.650000 30 0.182574 0.003265 0.000039
70.750000 48 0.144338 0.005224 0.000057
70.850000 41 0.156174 0.004462 0.000050
70.950000 47 0.145865 0.005115 0.000056
71.050000 36 0.166667 0.003918 0.000045
71.150000 43 0.152499 0.004680 0.000052
71.250000 40 0.158114 0.004353 0.000049
71.350000 37 0.164399 0.004027 0.000046
71.450000 31 0.179605 0.003374 0.000040
71.550000 33 0.174078 0.003591 0.000042
71.650000 35 0.169031 0.003809 0.000044
71.750000 49 0.142857 0.005332 0.000058
71.850000 29 0.185695 0.003156 0.000039
71.950000 38 0.162221 0.004135 0.000047
72.050000 39 0.160128 0.004244 0.000048
72.150000 36 0.166667 0.003918 0.000045
72.250000 38 0.162221 0.004135 0.000047
72.350000 33 0.174078 0.003591 0.000042
72.450000 29 0.185695 0.003156 0.000039
72.550000 36 0.166667 0.003918 0.000045
72.650000 28 0.188982 0.003047 0.000038
72.750000 26 0.196116 0.002829 0.000036
72.850000 25 0.200000 0.002721 0.000036
72.950000 30 0.182574 0.003265 0.000039
73.050000 38 0.162221 0.004135 0.000047
73.150000 42 0.154303 0.004571 0.000051
73.250000 36 0.166667 0.003918 0.000045
73.350000 32 0.176777 0.003482 0.000041
73.450000 22 0.213201 0.002394 0.000034
73.550000 23 0.208514 0.002503 0.000035
73.650000 21 0.218218 0.002285 0.000034
73.750000 26 0.196116 0.002829 0.000036
73.850000 47 0.145865 0.005115 0.000056
73.950000 30 0.182574 0.003265 0.000039
74.050000 23 0.208514 0.002503 0.000035
74.150000 25 0.200000 0.002721 0.000036
74.250000 30 0.182574 0.003265 0.000039
74.350000 20 0.223607 0.002177 0.000033
74.450000 33 0.174078 0.003591 0.000042
74.550000 34 0.171499 0.003700 0.000043
74.650000 29 0.185695 0.003156 0.000039
74.750000 29 0.185695 0.003156 0.000039
74.850000 21 0.218218 0.002285 0.000034
74.950000 26 0.196116 0.002829 0.000036
75.050000 29 0.185695 0.003156 0.000039
75.150000 16 0.250000 0.001741 0.000033
75.250000 26 0.196116 0.002829 0.000036
75.350000 23 0.208514 0.002503 0.000035
75.450000 17 0.242536 0.001850 0.000033
75.550000 26 0.196116 0.002829 0.000036
75.650000 21 0.218218 0.002285 0.000034
75.750000 32 0.176777 0.003482 0.000041
75.850000 25 0.200000 0.002721 0.000036
75.950000 30 0.182574 0.003265 0.000039
76.050000 29 0.185695 0.003156 0.000039
76.150000 19 0.229416 0.002068 0.000033
76.250000 17 0.242536 0.001850 0.000033
76.350000 34 0.171499 0.003700 0.000043
76.450000 21 0.218218 0.002285 0.000034
76.550000 18 0.235702 0.001959 0.000033
76.650000 24 0.204124 0.002612 0.000035
76.750000 24 0.204124 0.002612 0.000035
76.850000 21 0.218218 0.002285 0.000034
76.950000 22 0.213201 0.002394 0.000034
77.050000 26 0.196116 0.002829 0.000036
77.150000 24 0.204124 0.002612 0.000035
77.250000 34 0.171499 0.003700 0.000043
77.350000 21 0.218218 0.002285 0.000034
77.450000 23 0.208514 0.002503 0.000035
77.550000 19 0.229416 0.002068 0.000033
77.650000 14 0.267261 0.001524 0.000033
77.750000 22 0.213201 0.002394 0.000034
77.850000 24 0.204124 0.002612 0.000035
77.950000 24 0.204124 0.002612 0.000035
78.050000 23 0.208514 0.002503 0.000035
78.150000 27 0.192450 0.002938 0.000037
78.250000 18 0.235702 0.001959 0.000033
78.350000 13 0.277350 0.001415 0.000034
78.450000 16 0.250000 0.001741 0.000033
78.550000 17 0.242536 0.001850 0.000033
78.650000 18 0.235702 0.001959 0.000033
78.750000 17 0.242536 0.001850 0.000033
78.850000 23 0.208514 0.002503 0.000035
78.950000 19 0.229416 0.002068 0.000033
79.050000 28 0.188982 0.003047 0.000038
79.150000 21 0.218218 0.002285 0.000034
79.250000 19 0.229416 0.002068 0.000033
79.350000 17 0.242536 0.001850 0.000033
79.450000 13 0.277350 0.001415 0.000034
79.550000 14 0.267261 0.001524 0.000033
79.650000 16 0.250000 0.001741 0.000033
79.750000 16 0.250000 0.001741 0.000033
79.850000 21 0.218218 0.002285 0.000034
79.950000 17 0.242536 0.001850 0.000033
80.050000 14 0.267261 0.001524 0.000033
80.150000 15 0.258199 0.001632 0.000033
80.250000 17 0.242536 0.001850 0.000033
80.350000 24 0.204124 0.002612 0.000035
80.450000 12 0.288675 0.001306 0.000034
80.550000 8 0.353553 0.000871 0.000040
80.650000 12 0.288675 0.001306 0.000034
80.750000 17 0.242536 0.001850 0.000033
80.850000 13 0.277350 0.001415 0.000034
80.950000 14 0.267261 0.001524 0.000033
81.050000 17 0.242536 0.001850 0.000033
81.150000 20 0.223607 0.002177 0.000033
81.250000 14 0.267261 0.001524 0.000033
81.350000 15 0.258199 0.001632 0.000033
81.450000 10 0.316228 0.001088 0.000036
81.550000 11 0.301511 0.001197 0.000035
81.650000 18 0.235702 0.001959 0.000033
81.750000 16 0.250000 0.001741 0.000033
81.850000 17 0.242536 0.001850 0.000033
81.950000 10 0.316228 0.001088 0.000036
82.050000 15 0.258199 0.001632 0.000033
82.150000 17 0.242536 0.001850 0.000033
82.250000 18 0.235702 0.001959 0.000033
82.350000 13 0.277350 0.001415 0.000034
82.450000 7 0.377964 0.000762 0.000042
82.550000 10 0.316228 0.001088 0.000036
82.650000 21 0.218218 0.002285 0.000034
82.750000 13 0.277350 0.001415 0.000034
82.850000 8 0.353553 0.000871 0.000040
82.950000 14 0.267261 0.001524 0.000033
83.050000 8 0.353553 0.000871 0.000040
83.150000 12 0.288675 0.001306 0.000034
83.250000 15 0.258199 0.001632 0.000033
83.350000 11 0.301511 0.001197 0.000035
83.450000 6 0.408248 0.000653 0.000045
83.550000 12 0.288675 0.001306 0.000034
83.650000 16 0.250000 0.001741 0.000033
83.750000 13 0.277350 0.001415 0.000034
83.850000 15 0.258199 0.001632 0.000033
83.950000 7 0.377964 0.000762 0.000042
84.050000 18 0.235702 0.001959 0.000033
84.150000 13 0.277350 0.001415 0.000034
84.250000 15 0.258199 0.001632 0.000033
84.350000 13 0.277350 0.001415 0.000034
84.450000 12 0.288675 0.001306 0.000034
84.550000 17 0.242536 0.001850 0.000033
84.650000 5 0.447214 0.000544 0.000049
84.750000 13 0.277350 0.001415 0.000034
84.850000 12 0.288675 0.001306 0.000034
84.950000 17 0.242536 0.001850 0.000033
85.050000 9 0.333333 0.000979 0.000038
85.150000 4 0.500000 0.000435 0.000055
85.250000 19 0.229416 0.002068 0.000033
85.350000 13 0.277350 0.001415 0.000034
85.450000 12 0.288675 0.001306 0.000034
85.550000 14 0.267261 0.001524 0.000033
85.650000 15 0.258199 0.001632 0.000033
85.750000 11 0.301511 0.001197 0.000035
85.850000 9 0.333333 0.000979 0.000038
85.950000 11 0.301511 0.001197 0.000035
86.050000 10 0.316228 0.001088 0.000036
86.150000 12 0.288675 0.001306 0.000034
86.250000 6 0.408248 0.000653 0.000045
86.350000 10 0.316228 0.001088 0.000036
86.450000 14 0.267261 0.001524 0.000033
86.550000 11 0.301511 0.001197 0.000035
86.650000 10 0.316228 0.001088 0.000036
86.750000 9 0.333333 0.000979 0.000038
86.850000 6 0.408248 0.000653 0.000045
86.950000 4 0.500000 0.000435 0.000055
87.050000 8 0.353553 0.000871 0.000040
87.150000 10 0.316228 0.001088 0.000036
87.250000 11 0.301511 0.001197 0.000035
87.350000 7 0.377964 0.000762 0.000042
87.450000 6 0.408248 0.000653 0.000045
87.550000 4 0.500000 0.000435 0.000055
87.650000 10 0.316228 0.001088 0.000036
87.750000 10 0.316228 0.001088 0.000036
87.850000 11 0.301511 0.001197 0.000035
87.950000 10 0.316228 0.001088 0.000036
88.050000 8 0.353553 0.000871 0.000040
88.150000 8 0.353553 0.000871 0.000040
88.250000 15 0.258199 0.001632 0.000033
88.350000 10 0.316228 0.001088 0.000036
88.450000 7 0.377964 0.000762 0.000042
88.550000 7 0.377964 0.000762 0.000042
88.650000 7 0.377964 0.000762 0.000042
88.750000 9 0.333333 0.000979 0.000038
88.850000 7 0.377964 0.000762 0.000042
88.950000 9 0.333333 0.000979 0.000038
89.050000 6 0.408248 0.000653 0.000045
89.150000 7 0.377964 0.000762 0.000042
89.250000 9 0.333333 0.000979 0.000038
89.350000 6 0.408248 0.000653 0.000045
89.450000 5 0.447214 0.000544 0.000049
89.550000 7 0.377964 0.000762 0.000042
89.650000 10 0.316228 0.001088 0.000036
89.750000 4 0.500000 0.000435 0.000055
89.850000 5 0.447214 0.000544 0.000049
89.950000 8 0.353553 0.000871 0.000040
90.050000 11 0.301511 0.001197 0.000035
90.150000 3 0.577350 0.000326 0.000063
90.250000 6 0.408248 0.000653 0.000045
90.350000 8 0.353553 0.000871 0.000040
90.450000 1 1.000000 0.000109 0.000109
90.550000 9 0.333333 0.000979 0.000038
90.650000 3 0.577350 0.000326 0.000063
90.750000 4 0.500000 0.000435 0.000055
90.850000 3 0.577350 0.000326 0.000063
90.950000 4 0.500000 0.000435 0.000055
91.050000 13 0.277350 0.001415 0.000034
91.150000 7 0.377964 0.000762 0.000042
91.250000 9 0.333333 0.000979 0.000038
91.350000 9 0.333333 0.000979 0.000038
91.450000 5 0.447214 0.000544 0.000049
91.550000 5 0.447214 0.000544 0.000049
91.650000 10 0.316228 0.001088 0.000036
91.750000 8 0.353553 0.000871 0.000040
91.850000 3 0.577350 0.000326 0.000063
91.950000 3 0.577350 0.000326 0.000063
92.050000 5 0.447214 0.000544 0.000049
92.150000 9 0.333333 0.000979 0.000038
92.250000 3 0.577350 0.000326 0.000063
92.350000 9 0.333333 0.000979 0.000038
92.450000 4 0.500000 0.000435 0.000055
92.550000 5 0.447214 0.000544 0.000049
92.650000 4 0.500000 0.000435 0.000055
92.750000 5 0.447214 0.000544 0.000049
92.850000 8 0.353553 0.000871 0.000040
92.950000 7 0.377964 0.000762 0.000042
93.050000 5 0.447214 0.000544 0.000049
93.150000 5 0.447214 0.000544 0.000049
93.250000 1 1.000000 0.000109 0.000109
93.350000 4 0.500000 0.000435 0.000055
93.450000 3 0.577350 0.000326 0.000063
93.550000 6 0.408248 0.000653 0.000045
93.650000 6 0.408248 0.000653 0.000045
93.750000 5 0.447214 0.000544 0.000049
93.850000 2 0.707107 0.000218 0.000077
93.950000 5 0.447214 0.000544 0.000049
94.050000 3 0.577350 0.000326 0.000063
94.150000 3 0.577350 0.000326 0.000063
94.250000 3 0.577350 0.000326 0.000063
94.350000 7 0.377964 0.000762 0.000042
94.450000 7 0.377964 0.000762 0.000042
94.550000 3 0.577350 0.000326 0.000063
94.650000 2 0.707107 0.000218 0.000077
94.750000 5 0.447214 0.000544 0.000049
94.850000 6 0.408248 0.000653 0.000045
94.950000 6 0.408248 0.000653 0.000045
95.050000 1 1.000000 0.000109 0.000109
95.150000 3 0.577350 0.000326 0.000063
95.250000 3 0.577350 0.000326 0.000063
95.350000 4 0.500000 0.000435 0.000055
95.450000 6 0.408248 0.000653 0.000045
95.550000 5 0.447214 0.000544 0.000049
95.650000 3 0.577350 0.000326 0.000063
95.750000 3 0.577350 0.000326 0.000063
95.850000 2 0.707107 0.000218 0.000077
95.950000 4 0.500000 0.000435 0.000055
96.050000 3 0.577350 0.000326 0.000063
96.150000 4 0.500000 0.000435 0.000055
96.250000 5 0.447214 0.000544 0.000049
96.350000 5 0.447214 0.000544 0.000049
96.450000 5 0.447214 0.000544 0.000049
96.550000 2 0.707107 0.000218 0.000077
96.650000 1 1.000000 0.000109 0.000109
96.750000 5 0.447214 0.000544 0.000049
96.850000 4 0.500000 0.000435 0.000055
96.950000 1 1.000000 0.000109 0.000109
97.050000 5 0.447214 0.000544 0.000049
97.150000 1 1.000000 0.000109 0.000109
97.250000 2 0.707107 0.000218 0.000077
97.350000 1 1.000000 0.000109 0.000109
97.450000 5 0.447214 0.000544 0.000049
97.550000 2 0.707107 0.000218 0.000077
97.650000 3 0.577350 0.000326 0.000063
97.750000 1 1.000000 0.000109 0.000109
97.850000 3 0.577350 0.000326 0.000063
97.950000 2 0.707107 0.000218 0.000077
98.050000 1 1.000000 0.000109 0.000109
98.150000 3 0.577350 0.000326 0.000063
98.250000 2 0.707107 0.000218 0.000077
98.350000 1 1.000000 0.000109 0.000109
98.450000 3 0.577350 0.000326 0.000063
98.550000 2 0.707107 0.000218 0.000077
98.650000 4 0.500000 0.000435 0.000055
98.750000 0 0.000000 0.000000 0.000000
98.850000 0 0.000000 0.000000 0.000000
98.950000 2 0.707107 0.000218 0.000077
99.050000 2 0.707107 0.000218 0.000077
99.150000 2 0.707107 0.000218 0.000077
99.250000 1 1.000000 0.000109 0.000109
99.350000 4 0.500000 0.000435 0.000055
99.450000 0 0.000000 0.000000 0.000000
99.550000 0 0.000000 0.000000 0.000000
99.650000 1 1.000000 0.000109 0.000109
99.750000 1 1.000000 0.000109 0.000109
99.850000 1 1.000000 0.000109 0.000109
99.950000 0 0.000000 0.000000 0.000000
