# Cs137 9189 9189 0.1 0.010431959065406763 95.85927185202274
0.050000 0 0.000000 0.000000 0.000000
0.150000 0 0.000000 0.000000 0.000000
0.250000 0 0.000000 0.000000 0.000000
0.350000 0 0.000000 0.000000 0.000000
0.450000 1 1.000000 0.000109 0.000109
0.550000 21 0.218218 0.002285 0.000034
0.650000 105 0.097590 0.011427 0.000120
0.750000 489 0.045222 0.053216 0.000555
0.850000 1528 0.025582 0.166286 0.001735
0.950000 3427 0.017082 0.372946 0.003891
1.050000 5628 0.013330 0.612471 0.006389
1.150000 7371 0.011648 0.802155 0.008368
1.250000 8562 0.010807 0.931766 0.009720
1.350000 9149 0.010455 0.995647 0.010387
1.450000 9189 0.010432 1.000000 0.010432
1.550000 8346 0.010946 0.908260 0.009475
1.650000 7406 0.011620 0.805964 0.008408
1.750000 6488 0.012415 0.706062 0.007366
1.850000 5332 0.013695 0.580259 0.006053
1.950000 4373 0.015122 0.475895 0.004965
2.050000 3324 0.017345 0.361737 0.003774
2.150000 2631 0.019496 0.286321 0.002987
2.250000 2106 0.021791 0.229187 0.002391
2.350000 1754 0.023877 0.190880 0.001991
2.450000 1386 0.026861 0.150833 0.001573
2.550000 1226 0.028560 0.133420 0.001392
2.650000 1144 0.029566 0.124497 0.001299
2.750000 1042 0.030979 0.113396 0.001183
2.850000 944 0.032547 0.102732 0.001072
2.950000 963 0.032225 0.104799 0.001093
3.050000 920 0.032969 0.100120 0.001044
3.150000 906 0.033223 0.098596 0.001029
3.250000 907 0.033204 0.098705 0.001030
3.350000 879 0.033729 0.095658 0.000998
3.450000 895 0.033426 0.097399 0.001016
3.550000 894 0.033445 0.097290 0.001015
3.650000 826 0.034794 0.089890 0.000938
3.750000 872 0.033864 0.094896 0.000990
3.850000 914 0.033077 0.099467 0.001038
3.950000 917 0.033023 0.099793 0.001041
4.050000 864 0.034021 0.094025 0.000981
4.150000 920 0.032969 0.100120 0.001044
4.250000 868 0.033942 0.094461 0.000985
4.350000 799 0.035377 0.086952 0.000907
4.450000 784 0.035714 0.085319 0.000890
4.550000 832 0.034669 0.090543 0.000945
4.650000 848 0.034340 0.092284 0.000963
4.750000 815 0.035028 0.088693 0.000925
4.850000 869 0.033923 0.094570 0.000987
4.950000 884 0.033634 0.096202 0.001004
5.050000 838 0.034544 0.091196 0.000951
5.150000 866 0.033981 0.094243 0.000983
5.250000 860 0.034100 0.093590 0.000976
5.350000 844 0.034421 0.091849 0.000958
5.450000 899 0.033352 0.097834 0.001021
5.550000 864 0.034021 0.094025 0.000981
5.650000 846 0.034381 0.092067 0.000960
5.750000 908 0.033186 0.098814 0.001031
5.850000 815 0.035028 0.088693 0.000925
5.950000 838 0.034544 0.091196 0.000951
6.050000 799 0.035377 0.086952 0.000907
6.150000 871 0.033884 0.094787 0.000989
6.250000 772 0.035991 0.084013 0.000876
6.350000 846 0.034381 0.092067 0.000960
6.450000 817 0.034986 0.088911 0.000928
6.550000 827 0.034773 0.089999 0.000939
6.650000 862 0.034060 0.093808 0.000979
6.750000 859 0.034120 0.093481 0.000975
6.850000 890 0.033520 0.096855 0.001010
6.950000 914 0.033077 0.099467 0.001038
7.050000 897 0.033389 0.097617 0.001018
7.150000 891 0.033501 0.096964 0.001012
7.250000 905 0.033241 0.098487 0.001027
7.350000 923 0.032915 0.100446 0.001048
7.450000 921 0.032951 0.100229 0.001046
7.550000 817 0.034986 0.088911 0.000928
7.650000 927 0.032844 0.100881 0.001052
7.750000 927 0.032844 0.100881 0.001052
7.850000 898 0.033370 0.097726 0.001019
7.950000 895 0.033426 0.097399 0.001016
8.050000 933 0.032739 0.101534 0.001059
8.150000 983 0.031895 0.106976 0.001116
8.250000 921 0.032951 0.100229 0.001046
8.350000 904 0.033260 0.098378 0.001026
8.450000 914 0.033077 0.099467 0.001038
8.550000 944 0.032547 0.102732 0.001072
8.650000 939 0.032634 0.102187 0.001066
8.750000 988 0.031814 0.107520 0.001122
8.850000 968 0.032141 0.105343 0.001099
8.950000 924 0.032898 0.100555 0.001049
9.050000 973 0.032059 0.105887 0.001105
9.150000 961 0.032258 0.104582 0.001091
9.250000 966 0.032174 0.105126 0.001097
9.350000 907 0.033204 0.098705 0.001030
9.450000 964 0.032208 0.104908 0.001094
9.550000 973 0.032059 0.105887 0.001105
9.650000 929 0.032809 0.101099 0.001055
9.750000 933 0.032739 0.101534 0.001059
9.850000 977 0.031993 0.106323 0.001109
9.950000 1016 0.031373 0.110567 0.001153
10.050000 1025 0.031235 0.111546 0.001164
10.150000 982 0.031911 0.106867 0.001115
10.250000 991 0.031766 0.107846 0.001125
10.350000 978 0.031976 0.106432 0.001110
10.450000 933 0.032739 0.101534 0.001059
10.550000 1004 0.031560 0.109261 0.001140
10.650000 980 0.031944 0.106649 0.001113
10.750000 959 0.032292 0.104364 0.001089
10.850000 974 0.032042 0.105996 0.001106
10.950000 959 0.032292 0.104364 0.001089
11.050000 961 0.032258 0.104582 0.001091
11.150000 1012 0.031435 0.110132 0.001149
11.250000 1003 0.031575 0.109152 0.001139
11.350000 986 0.031846 0.107302 0.001119
11.450000 1039 0.031024 0.113070 0.001180
11.550000 1001 0.031607 0.108935 0.001136
11.650000 1000 0.031623 0.108826 0.001135
11.750000 1002 0.031591 0.109043 0.001138
11.850000 1021 0.031296 0.111111 0.001159
11.950000 1033 0.031114 0.112417 0.001173
12.050000 1057 0.030758 0.115029 0.001200
12.150000 1108 0.030042 0.120579 0.001258
12.250000 1114 0.029961 0.121232 0.001265
12.350000 1147 0.029527 0.124823 0.001302
12.450000 1155 0.029424 0.125694 0.001311
12.550000 1127 0.029788 0.122647 0.001279
12.650000 1124 0.029827 0.122320 0.001276
12.750000 1170 0.029235 0.127326 0.001328
12.850000 1174 0.029185 0.127761 0.001333
12.950000 1172 0.029210 0.127544 0.001331
13.050000 1190 0.028989 0.129503 0.001351
13.150000 1235 0.028456 0.134400 0.001402
13.250000 1213 0.028712 0.132006 0.001377
13.350000 1303 0.027703 0.141800 0.001479
13.450000 1219 0.028642 0.132659 0.001384
13.550000 1316 0.027566 0.143215 0.001494
13.650000 1267 0.028094 0.137882 0.001438
13.750000 1296 0.027778 0.141038 0.001471
13.850000 1340 0.027318 0.145827 0.001521
13.950000 1265 0.028116 0.137665 0.001436
14.050000 1337 0.027349 0.145500 0.001518
14.150000 1345 0.027267 0.146371 0.001527
14.250000 1322 0.027503 0.143868 0.001501
14.350000 1282 0.027929 0.139515 0.001455
14.450000 1346 0.027257 0.146479 0.001528
14.550000 1349 0.027227 0.146806 0.001531
14.650000 1290 0.027842 0.140385 0.001464
14.750000 1307 0.027661 0.142235 0.001484
14.850000 1311 0.027618 0.142671 0.001488
14.950000 1316 0.027566 0.143215 0.001494
15.050000 1306 0.027671 0.142126 0.001483
15.150000 1310 0.027629 0.142562 0.001487
15.250000 1357 0.027146 0.147677 0.001541
15.350000 1207 0.028784 0.131353 0.001370
15.450000 1234 0.028467 0.134291 0.001401
15.550000 1270 0.028061 0.138209 0.001442
15.650000 1319 0.027535 0.143541 0.001497
15.750000 1268 0.028083 0.137991 0.001440
15.850000 1193 0.028952 0.129829 0.001354
15.950000 1282 0.027929 0.139515 0.001455
16.050000 1236 0.028444 0.134509 0.001403
16.150000 1191 0.028976 0.129611 0.001352
16.250000 1165 0.029298 0.126782 0.001323
16.350000 1179 0.029123 0.128306 0.001338
16.450000 1262 0.028149 0.137338 0.001433
16.550000 1156 0.029412 0.125803 0.001312
16.650000 1186 0.029037 0.129067 0.001346
16.750000 1145 0.029553 0.124606 0.001300
16.850000 1064 0.030657 0.115791 0.001208
16.950000 1182 0.029086 0.128632 0.001342
17.050000 1147 0.029527 0.124823 0.001302
17.150000 1072 0.030542 0.116661 0.001217
17.250000 1102 0.030124 0.119926 0.001251
17.350000 1083 0.030387 0.117858 0.001229
17.450000 1108 0.030042 0.120579 0.001258
17.550000 1075 0.030500 0.116988 0.001220
17.650000 1105 0.030083 0.120252 0.001254
17.750000 1083 0.030387 0.117858 0.001229
17.850000 1082 0.030401 0.117749 0.001228
17.950000 1002 0.031591 0.109043 0.001138
18.050000 994 0.031718 0.108173 0.001128
18.150000 1106 0.030069 0.120361 0.001256
18.250000 1015 0.031388 0.110458 0.001152
18.350000 1027 0.031204 0.111764 0.001166
18.450000 1052 0.030831 0.114485 0.001194
18.550000 1044 0.030949 0.113614 0.001185
18.650000 990 0.031782 0.107738 0.001124
18.750000 1037 0.031054 0.112852 0.001177
18.850000 1011 0.031450 0.110023 0.001148
18.950000 987 0.031830 0.107411 0.001121
19.050000 977 0.031993 0.106323 0.001109
19.150000 1016 0.031373 0.110567 0.001153
19.250000 950 0.032444 0.103384 0.001079
19.350000 1013 0.031419 0.110241 0.001150
19.450000 1000 0.031623 0.108826 0.001135
19.550000 996 0.031686 0.108390 0.001131
19.650000 958 0.032309 0.104255 0.001088
19.750000 1023 0.031265 0.111329 0.001161
19.850000 1064 0.030657 0.115791 0.001208
19.950000 986 0.031846 0.107302 0.001119
20.050000 1017 0.031357 0.110676 0.001155
20.150000 1001 0.031607 0.108935 0.001136
20.250000 1004 0.031560 0.109261 0.001140
20.350000 973 0.032059 0.105887 0.001105
20.450000 996 0.031686 0.108390 0.001131
20.550000 964 0.032208 0.104908 0.001094
20.650000 933 0.032739 0.101534 0.001059
20.750000 983 0.031895 0.106976 0.001116
20.850000 974 0.032042 0.105996 0.001106
20.950000 1016 0.031373 0.110567 0.001153
21.050000 948 0.032478 0.103167 0.001076
21.150000 928 0.032827 0.100990 0.001054
21.250000 978 0.031976 0.106432 0.001110
21.350000 950 0.032444 0.103384 0.001079
21.450000 932 0.032756 0.101426 0.001058
21.550000 946 0.032513 0.102949 0.001074
21.650000 995 0.031702 0.108282 0.001130
21.750000 928 0.032827 0.100990 0.001054
21.850000 929 0.032809 0.101099 0.001055
21.950000 935 0.032703 0.101752 0.001061
22.050000 950 0.032444 0.103384 0.001079
22.150000 974 0.032042 0.105996 0.001106
22.250000 925 0.032880 0.100664 0.001050
22.350000 907 0.033204 0.098705 0.001030
22.450000 977 0.031993 0.106323 0.001109
22.550000 932 0.032756 0.101426 0.001058
22.650000 914 0.033077 0.099467 0.001038
22.750000 929 0.032809 0.101099 0.001055
22.850000 876 0.033787 0.095331 0.000994
22.950000 925 0.032880 0.100664 0.001050
23.050000 916 0.033041 0.099684 0.001040
23.150000 929 0.032809 0.101099 0.001055
23.250000 920 0.032969 0.100120 0.001044
23.350000 893 0.033464 0.097181 0.001014
23.450000 938 0.032651 0.102079 0.001065
23.550000 920 0.032969 0.100120 0.001044
23.650000 942 0.032582 0.102514 0.001069
23.750000 901 0.033315 0.098052 0.001023
23.850000 921 0.032951 0.100229 0.001046
23.950000 909 0.033168 0.098923 0.001032
24.050000 937 0.032669 0.101970 0.001064
24.150000 856 0.034179 0.093155 0.000972
24.250000 882 0.033672 0.095984 0.001001
24.350000 914 0.033077 0.099467 0.001038
24.450000 868 0.033942 0.094461 0.000985
24.550000 913 0.033095 0.099358 0.001037
24.650000 893 0.033464 0.097181 0.001014
24.750000 903 0.033278 0.098270 0.001025
24.850000 885 0.033615 0.096311 0.001005
24.950000 854 0.034219 0.092937 0.000970
25.050000 889 0.033539 0.096746 0.001009
25.150000 911 0.033131 0.099140 0.001034
25.250000 901 0.033315 0.098052 0.001023
25.350000 879 0.033729 0.095658 0.000998
25.450000 942 0.032582 0.102514 0.001069
25.550000 836 0.034586 0.090978 0.000949
25.650000 852 0.034259 0.092720 0.000967
25.750000 836 0.034586 0.090978 0.000949
25.850000 903 0.033278 0.098270 0.001025
25.950000 871 0.033884 0.094787 0.000989
26.050000 876 0.033787 0.095331 0.000994
26.150000 859 0.034120 0.093481 0.000975
26.250000 887 0.033577 0.096528 0.001007
26.350000 890 0.033520 0.096855 0.001010
26.450000 838 0.034544 0.091196 0.000951
26.550000 863 0.034040 0.093917 0.000980
26.650000 871 0.033884 0.094787 0.000989
26.750000 917 0.033023 0.099793 0.001041
26.850000 885 0.033615 0.096311 0.001005
26.950000 854 0.034219 0.092937 0.000970
27.050000 877 0.033768 0.095440 0.000996
27.150000 877 0.033768 0.095440 0.000996
27.250000 866 0.033981 0.094243 0.000983
27.350000 853 0.034239 0.092828 0.000968
27.450000 884 0.033634 0.096202 0.001004
27.550000 843 0.034442 0.091740 0.000957
27.650000 896 0.033408 0.097508 0.001017
27.750000 857 0.034159 0.093264 0.000973
27.850000 829 0.034731 0.090217 0.000941
27.950000 856 0.034179 0.093155 0.000972
28.050000 862 0.034060 0.093808 0.000979
28.150000 855 0.034199 0.093046 0.000971
28.250000 892 0.033482 0.097073 0.001013
28.350000 870 0.033903 0.094678 0.000988
28.450000 882 0.033672 0.095984 0.001001
28.550000 876 0.033787 0.095331 0.000994
28.650000 821 0.034900 0.089346 0.000932
28.750000 868 0.033942 0.094461 0.000985
28.850000 855 0.034199 0.093046 0.000971
28.950000 825 0.034816 0.089781 0.000937
29.050000 892 0.033482 0.097073 0.001013
29.150000 831 0.034690 0.090434 0.000943
29.250000 877 0.033768 0.095440 0.000996
29.350000 902 0.033296 0.098161 0.001024
29.450000 879 0.033729 0.095658 0.000998
29.550000 876 0.033787 0.095331 0.000994
29.650000 863 0.034040 0.093917 0.000980
29.750000 865 0.034001 0.094134 0.000982
29.850000 848 0.034340 0.092284 0.000963
29.950000 892 0.033482 0.097073 0.001013
30.050000 835 0.034606 0.090870 0.000948
30.150000 860 0.034100 0.093590 0.000976
30.250000 870 0.033903 0.094678 0.000988
30.350000 886 0.033596 0.096420 0.001006
30.450000 873 0.033845 0.095005 0.000991
30.550000 915 0.033059 0.099576 0.001039
30.650000 846 0.034381 0.092067 0.000960
30.750000 909 0.033168 0.098923 0.001032
30.850000 847 0.034360 0.092175 0.000962
30.950000 851 0.034280 0.092611 0.000966
31.050000 861 0.034080 0.093699 0.000977
31.150000 879 0.033729 0.095658 0.000998
31.250000 896 0.033408 0.097508 0.001017
31.350000 855 0.034199 0.093046 0.000971
31.450000 887 0.033577 0.096528 0.001007
31.550000 857 0.034159 0.093264 0.000973
31.650000 869 0.033923 0.094570 0.000987
31.750000 874 0.033826 0.095114 0.000992
31.850000 879 0.033729 0.095658 0.000998
31.950000 857 0.034159 0.093264 0.000973
32.050000 843 0.034442 0.091740 0.000957
32.150000 814 0.035050 0.088584 0.000924
32.250000 785 0.035692 0.085428 0.000891
32.350000 868 0.033942 0.094461 0.000985
32.450000 840 0.034503 0.091414 0.000954
32.550000 856 0.034179 0.093155 0.000972
32.650000 879 0.033729 0.095658 0.000998
32.750000 799 0.035377 0.086952 0.000907
32.850000 874 0.033826 0.095114 0.000992
32.950000 882 0.033672 0.095984 0.001001
33.050000 882 0.033672 0.095984 0.001001
33.150000 826 0.034794 0.089890 0.000938
33.250000 813 0.035072 0.088475 0.000923
33.350000 786 0.035669 0.085537 0.000892
33.450000 846 0.034381 0.092067 0.000960
33.550000 814 0.035050 0.088584 0.000924
33.650000 792 0.035533 0.086190 0.000899
33.750000 796 0.035444 0.086625 0.000904
33.850000 780 0.035806 0.084884 0.000886
33.950000 769 0.036061 0.083687 0.000873
34.050000 770 0.036037 0.083796 0.000874
34.150000 789 0.035601 0.085864 0.000896
34.250000 859 0.034120 0.093481 0.000975
34.350000 787 0.035646 0.085646 0.000893
34.450000 754 0.036418 0.082055 0.000856
34.550000 825 0.034816 0.089781 0.000937
34.650000 755 0.036394 0.082163 0.000857
34.750000 758 0.036322 0.082490 0.000861
34.850000 775 0.035921 0.084340 0.000880
34.950000 742 0.036711 0.080749 0.000842
35.050000 779 0.035829 0.084775 0.000884
35.150000 724 0.037165 0.078790 0.000822
35.250000 709 0.037556 0.077157 0.000805
35.350000 691 0.038042 0.075199 0.000784
35.450000 675 0.038490 0.073457 0.000766
35.550000 682 0.038292 0.074219 0.000774
35.650000 688 0.038125 0.074872 0.000781
35.750000 651 0.039193 0.070846 0.000739
35.850000 587 0.041274 0.063881 0.000666
35.950000 612 0.040423 0.066601 0.000695
36.050000 654 0.039103 0.071172 0.000742
36.150000 614 0.040357 0.066819 0.000697
36.250000 627 0.039936 0.068234 0.000712
36.350000 553 0.042524 0.060181 0.000628
36.450000 543 0.042914 0.059092 0.000616
36.550000 562 0.042182 0.061160 0.000638
36.650000 560 0.042258 0.060942 0.000636
36.750000 536 0.043193 0.058331 0.000609
36.850000 535 0.043234 0.058222 0.000607
36.950000 548 0.042718 0.059637 0.000622
37.050000 512 0.044194 0.055719 0.000581
37.150000 509 0.044324 0.055392 0.000578
37.250000 456 0.046829 0.049625 0.000518
37.350000 476 0.045835 0.051801 0.000540
37.450000 448 0.047246 0.048754 0.000509
37.550000 451 0.047088 0.049080 0.000512
37.650000 437 0.047836 0.047557 0.000496
37.750000 458 0.046727 0.049842 0.000520
37.850000 397 0.050189 0.043204 0.000451
37.950000 427 0.048393 0.046469 0.000485
38.050000 391 0.050572 0.042551 0.000444
38.150000 397 0.050189 0.043204 0.000451
38.250000 413 0.049207 0.044945 0.000469
38.350000 418 0.048912 0.045489 0.000475
38.450000 403 0.049814 0.043857 0.000458
38.550000 408 0.049507 0.044401 0.000463
38.650000 356 0.053000 0.038742 0.000404
38.750000 369 0.052058 0.040157 0.000419
38.850000 373 0.051778 0.040592 0.000423
38.950000 360 0.052705 0.039177 0.000409
39.050000 384 0.051031 0.041789 0.000436
39.150000 374 0.051709 0.040701 0.000425
39.250000 367 0.052200 0.039939 0.000417
39.350000 359 0.052778 0.039068 0.000408
39.450000 346 0.053760 0.037654 0.000393
39.550000 362 0.052559 0.039395 0.000411
39.650000 347 0.053683 0.037763 0.000394
39.750000 358 0.052852 0.038960 0.000406
39.850000 379 0.051367 0.041245 0.000430
39.950000 382 0.051164 0.041571 0.000434
40.050000 363 0.052486 0.039504 0.000412
40.150000 348 0.053606 0.037871 0.000395
40.250000 368 0.052129 0.040048 0.000418
40.350000 340 0.054233 0.037001 0.000386
40.450000 368 0.052129 0.040048 0.000418
40.550000 355 0.053074 0.038633 0.000403
40.650000 319 0.055989 0.034715 0.000362
40.750000 339 0.054313 0.036892 0.000385
40.850000 381 0.051232 0.041463 0.000433
40.950000 327 0.055300 0.035586 0.000371
41.050000 390 0.050637 0.042442 0.000443
41.150000 360 0.052705 0.039177 0.000409
41.250000 358 0.052852 0.038960 0.000406
41.350000 370 0.051988 0.040266 0.000420
41.450000 358 0.052852 0.038960 0.000406
41.550000 390 0.050637 0.042442 0.000443
41.650000 368 0.052129 0.040048 0.000418
41.750000 409 0.049447 0.044510 0.000464
41.850000 382 0.051164 0.041571 0.000434
41.950000 411 0.049326 0.044727 0.000467
42.050000 411 0.049326 0.044727 0.000467
42.150000 397 0.050189 0.043204 0.000451
42.250000 450 0.047140 0.048972 0.000511
42.350000 420 0.048795 0.045707 0.000477
42.450000 444 0.047458 0.048319 0.000504
42.550000 454 0.046932 0.049407 0.000515
42.650000 442 0.047565 0.048101 0.000502
42.750000 478 0.045739 0.052019 0.000543
42.850000 461 0.046575 0.050169 0.000523
42.950000 453 0.046984 0.049298 0.000514
43.050000 477 0.045787 0.051910 0.000542
43.150000 562 0.042182 0.061160 0.000638
43.250000 559 0.042295 0.060834 0.000635
43.350000 533 0.043315 0.058004 0.000605
43.450000 553 0.042524 0.060181 0.000628
43.550000 576 0.041667 0.062684 0.000654
43.650000 617 0.040258 0.067146 0.000700
43.750000 597 0.040927 0.064969 0.000678
43.850000 630 0.039841 0.068560 0.000715
43.950000 637 0.039621 0.069322 0.000723
44.050000 625 0.040000 0.068016 0.000710
44.150000 692 0.038014 0.075307 0.000786
44.250000 721 0.037242 0.078463 0.000819
44.350000 738 0.036811 0.080313 0.000838
44.450000 764 0.036179 0.083143 0.000867
44.550000 873 0.033845 0.095005 0.000991
44.650000 817 0.034986 0.088911 0.000928
44.750000 899 0.033352 0.097834 0.001021
44.850000 951 0.032427 0.103493 0.001080
44.950000 934 0.032721 0.101643 0.001060
45.050000 1018 0.031342 0.110785 0.001156
45.150000 1067 0.030614 0.116117 0.001211
45.250000 1049 0.030875 0.114158 0.001191
45.350000 1106 0.030069 0.120361 0.001256
45.450000 1053 0.030817 0.114594 0.001195
45.550000 1183 0.029074 0.128741 0.001343
45.650000 1202 0.028843 0.130809 0.001365
45.750000 1249 0.028296 0.135923 0.001418
45.850000 1341 0.027308 0.145935 0.001522
45.950000 1388 0.026841 0.151050 0.001576
46.050000 1421 0.026528 0.154641 0.001613
46.150000 1447 0.026288 0.157471 0.001643
46.250000 1446 0.026298 0.157362 0.001642
46.350000 1520 0.025649 0.165415 0.001726
46.450000 1541 0.025474 0.167701 0.001749
46.550000 1626 0.024799 0.176951 0.001846
46.650000 1691 0.024318 0.184024 0.001920
46.750000 1652 0.024603 0.179780 0.001875
46.850000 1727 0.024063 0.187942 0.001961
46.950000 1686 0.024354 0.183480 0.001914
47.050000 1714 0.024154 0.186527 0.001946
47.150000 1765 0.023803 0.192077 0.002004
47.250000 1748 0.023918 0.190227 0.001984
47.350000 1748 0.023918 0.190227 0.001984
47.450000 1748 0.023918 0.190227 0.001984
47.550000 1758 0.023850 0.191316 0.001996
47.650000 1712 0.024168 0.186310 0.001944
47.750000 1833 0.023357 0.199478 0.002081
47.850000 1777 0.023722 0.193383 0.002017
47.950000 1726 0.024070 0.187833 0.001959
48.050000 1719 0.024119 0.187071 0.001952
48.150000 1690 0.024325 0.183916 0.001919
48.250000 1640 0.024693 0.178474 0.001862
48.350000 1686 0.024354 0.183480 0.001914
48.450000 1625 0.024807 0.176842 0.001845
48.550000 1607 0.024945 0.174883 0.001824
48.650000 1551 0.025392 0.168789 0.001761
48.750000 1511 0.025726 0.164436 0.001715
48.850000 1556 0.025351 0.169333 0.001766
48.950000 1388 0.026841 0.151050 0.001576
49.050000 1370 0.027017 0.149091 0.001555
49.150000 1365 0.027067 0.148547 0.001550
49.250000 1373 0.026988 0.149418 0.001559
49.350000 1242 0.028375 0.135162 0.001410
49.450000 1267 0.028094 0.137882 0.001438
49.550000 1117 0.029921 0.121558 0.001268
49.650000 1121 0.029867 0.121994 0.001273
49.750000 1055 0.030787 0.114811 0.001198
49.850000 1083 0.030387 0.117858 0.001229
49.950000 982 0.031911 0.106867 0.001115
50.050000 957 0.032325 0.104146 0.001086
50.150000 877 0.033768 0.095440 0.000996
50.250000 841 0.034483 0.091522 0.000955
50.350000 862 0.034060 0.093808 0.000979
50.450000 757 0.036346 0.082381 0.000859
50.550000 750 0.036515 0.081619 0.000851
50.650000 710 0.037529 0.077266 0.000806
50.750000 687 0.038152 0.074763 0.000780
50.850000 673 0.038547 0.073240 0.000764
50.950000 595 0.040996 0.064751 0.000675
51.050000 565 0.042070 0.061487 0.000641
51.150000 577 0.041631 0.062792 0.000655
51.250000 498 0.044811 0.054195 0.000565
51.350000 546 0.042796 0.059419 0.000620
51.450000 486 0.045361 0.052889 0.000552
51.550000 480 0.045644 0.052236 0.000545
51.650000 491 0.045129 0.053433 0.000557
51.750000 435 0.047946 0.047339 0.000494
51.850000 421 0.048737 0.045816 0.000478
51.950000 393 0.050443 0.042769 0.000446
52.050000 438 0.047782 0.047666 0.000497
52.150000 362 0.052559 0.039395 0.000411
52.250000 327 0.055300 0.035586 0.000371
52.350000 324 0.055556 0.035260 0.000368
52.450000 331 0.054965 0.036021 0.000376
52.550000 311 0.056705 0.033845 0.000353
52.650000 318 0.056077 0.034607 0.000361
52.750000 337 0.054473 0.036674 0.000383
52.850000 283 0.059444 0.030798 0.000321
52.950000 271 0.060746 0.029492 0.000308
53.050000 304 0.057354 0.033083 0.000345
53.150000 261 0.061898 0.028404 0.000296
53.250000 292 0.058521 0.031777 0.000332
53.350000 276 0.060193 0.030036 0.000313
53.450000 285 0.059235 0.031015 0.000324
53.550000 242 0.064282 0.026336 0.000275
53.650000 263 0.061663 0.028621 0.000299
53.750000 245 0.063888 0.026662 0.000278
53.850000 242 0.064282 0.026336 0.000275
53.950000 213 0.068519 0.023180 0.000242
54.050000 232 0.065653 0.025248 0.000263
54.150000 254 0.062746 0.027642 0.000288
54.250000 236 0.065094 0.025683 0.000268
54.350000 221 0.067267 0.024050 0.000251
54.450000 235 0.065233 0.025574 0.000267
54.550000 217 0.067884 0.023615 0.000246
54.650000 229 0.066082 0.024921 0.000260
54.750000 218 0.067729 0.023724 0.000248
54.850000 219 0.067574 0.023833 0.000249
54.950000 212 0.068680 0.023071 0.000241
55.050000 219 0.067574 0.023833 0.000249
55.150000 176 0.075378 0.019153 0.000200
55.250000 198 0.071067 0.021548 0.000225
55.350000 211 0.068843 0.022962 0.000240
55.450000 188 0.072932 0.020459 0.000214
55.550000 227 0.066372 0.024703 0.000258
55.650000 218 0.067729 0.023724 0.000248
55.750000 206 0.069673 0.022418 0.000234
55.850000 209 0.069171 0.022745 0.000237
55.950000 220 0.067420 0.023942 0.000250
56.050000 201 0.070535 0.021874 0.000228
56.150000 209 0.069171 0.022745 0.000237
56.250000 201 0.070535 0.021874 0.000228
56.350000 196 0.071429 0.021330 0.000223
56.450000 192 0.072169 0.020895 0.000218
56.550000 217 0.067884 0.023615 0.000246
56.650000 198 0.071067 0.021548 0.000225
56.750000 195 0.071611 0.021221 0.000222
56.850000 185 0.073521 0.020133 0.000210
56.950000 166 0.077615 0.018065 0.000189
57.050000 199 0.070888 0.021656 0.000226
57.150000 225 0.066667 0.024486 0.000256
57.250000 195 0.071611 0.021221 0.000222
57.350000 181 0.074329 0.019697 0.000206
57.450000 180 0.074536 0.019589 0.000205
57.550000 184 0.073721 0.020024 0.000209
57.650000 222 0.067116 0.024159 0.000252
57.750000 201 0.070535 0.021874 0.000228
57.850000 168 0.077152 0.018283 0.000191
57.950000 201 0.070535 0.021874 0.000228
58.050000 177 0.075165 0.019262 0.000201
58.150000 192 0.072169 0.020895 0.000218
58.250000 190 0.072548 0.020677 0.000216
58.350000 177 0.075165 0.019262 0.000201
58.450000 186 0.073324 0.020242 0.000211
58.550000 167 0.077382 0.018174 0.000190
58.650000 170 0.076696 0.018500 0.000193
58.750000 177 0.075165 0.019262 0.000201
58.850000 165 0.077850 0.017956 0.000188
58.950000 178 0.074953 0.019371 0.000202
59.050000 164 0.078087 0.017847 0.000186
59.150000 184 0.073721 0.020024 0.000209
59.250000 198 0.071067 0.021548 0.000225
59.350000 188 0.072932 0.020459 0.000214
59.450000 181 0.074329 0.019697 0.000206
59.550000 183 0.073922 0.019915 0.000208
59.650000 169 0.076923 0.018392 0.000192
59.750000 159 0.079305 0.017303 0.000181
59.850000 168 0.077152 0.018283 0.000191
59.950000 201 0.070535 0.021874 0.000228
60.050000 179 0.074744 0.019480 0.000203
60.150000 169 0.076923 0.018392 0.000192
60.250000 196 0.071429 0.021330 0.000223
60.350000 167 0.077382 0.018174 0.000190
60.450000 193 0.071982 0.021003 0.000219
60.550000 200 0.070711 0.021765 0.000227
60.650000 173 0.076029 0.018827 0.000197
60.750000 187 0.073127 0.020350 0.000212
60.850000 167 0.077382 0.018174 0.000190
60.950000 190 0.072548 0.020677 0.000216
61.050000 190 0.072548 0.020677 0.000216
61.150000 199 0.070888 0.021656 0.000226
61.250000 177 0.075165 0.019262 0.000201
61.350000 177 0.075165 0.019262 0.000201
61.450000 188 0.072932 0.020459 0.000214
61.550000 178 0.074953 0.019371 0.000202
61.650000 186 0.073324 0.020242 0.000211
61.750000 182 0.074125 0.019806 0.000207
61.850000 196 0.071429 0.021330 0.000223
61.950000 151 0.081379 0.016433 0.000172
62.050000 205 0.069843 0.022309 0.000233
62.150000 193 0.071982 0.021003 0.000219
62.250000 166 0.077615 0.018065 0.000189
62.350000 166 0.077615 0.018065 0.000189
62.450000 222 0.067116 0.024159 0.000252
62.550000 176 0.075378 0.019153 0.000200
62.650000 201 0.070535 0.021874 0.000228
62.750000 216 0.068041 0.023506 0.000245
62.850000 174 0.075810 0.018936 0.000198
62.950000 187 0.073127 0.020350 0.000212
63.050000 182 0.074125 0.019806 0.000207
63.150000 210 0.069007 0.022853 0.000239
63.250000 205 0.069843 0.022309 0.000233
63.350000 201 0.070535 0.021874 0.000228
63.450000 175 0.075593 0.019045 0.000199
63.550000 189 0.072739 0.020568 0.000215
63.650000 169 0.076923 0.018392 0.000192
63.750000 191 0.072357 0.020786 0.000217
63.850000 196 0.071429 0.021330 0.000223
63.950000 180 0.074536 0.019589 0.000205
64.050000 202 0.070360 0.021983 0.000229
64.150000 183 0.073922 0.019915 0.000208
64.250000 179 0.074744 0.019480 0.000203
64.350000 209 0.069171 0.022745 0.000237
64.450000 168 0.077152 0.018283 0.000191
64.550000 180 0.074536 0.019589 0.000205
64.650000 199 0.070888 0.021656 0.000226
64.750000 195 0.071611 0.021221 0.000222
64.850000 177 0.075165 0.019262 0.000201
64.950000 214 0.068359 0.023289 0.000243
65.050000 180 0.074536 0.019589 0.000205
65.150000 218 0.067729 0.023724 0.000248
65.250000 185 0.073521 0.020133 0.000210
65.350000 180 0.074536 0.019589 0.000205
65.450000 205 0.069843 0.022309 0.000233
65.550000 191 0.072357 0.020786 0.000217
65.650000 192 0.072169 0.020895 0.000218
65.750000 194 0.071796 0.021112 0.000220
65.850000 190 0.072548 0.020677 0.000216
65.950000 197 0.071247 0.021439 0.000224
66.050000 199 0.070888 0.021656 0.000226
66.150000 197 0.071247 0.021439 0.000224
66.250000 215 0.068199 0.023398 0.000244
66.350000 210 0.069007 0.022853 0.000239
66.450000 227 0.066372 0.024703 0.000258
66.550000 208 0.069338 0.022636 0.000236
66.650000 204 0.070014 0.022200 0.000232
66.750000 212 0.068680 0.023071 0.000241
66.850000 208 0.069338 0.022636 0.000236
66.950000 190 0.072548 0.020677 0.000216
67.050000 199 0.070888 0.021656 0.000226
67.150000 211 0.068843 0.022962 0.000240
67.250000 218 0.067729 0.023724 0.000248
67.350000 180 0.074536 0.019589 0.000205
67.450000 213 0.068519 0.023180 0.000242
67.550000 211 0.068843 0.022962 0.000240
67.650000 184 0.073721 0.020024 0.000209
67.750000 202 0.070360 0.021983 0.000229
67.850000 192 0.072169 0.020895 0.000218
67.950000 209 0.069171 0.022745 0.000237
68.050000 177 0.075165 0.019262 0.000201
68.150000 181 0.074329 0.019697 0.000206
68.250000 189 0.072739 0.020568 0.000215
68.350000 182 0.074125 0.019806 0.000207
68.450000 191 0.072357 0.020786 0.000217
68.550000 189 0.072739 0.020568 0.000215
68.650000 214 0.068359 0.023289 0.000243
68.750000 172 0.076249 0.018718 0.000195
68.850000 186 0.073324 0.020242 0.000211
68.950000 180 0.074536 0.019589 0.000205
69.050000 201 0.070535 0.021874 0.000228
69.150000 164 0.078087 0.017847 0.000186
69.250000 166 0.077615 0.018065 0.000189
69.350000 186 0.073324 0.020242 0.000211
69.450000 172 0.076249 0.018718 0.000195
69.550000 164 0.078087 0.017847 0.000186
69.650000 157 0.079809 0.017086 0.000178
69.750000 184 0.073721 0.020024 0.000209
69.850000 169 0.076923 0.018392 0.000192
69.950000 160 0.079057 0.017412 0.000182
70.050000 161 0.078811 0.017521 0.000183
70.150000 173 0.076029 0.018827 0.000197
70.250000 171 0.076472 0.018609 0.000194
70.350000 172 0.076249 0.018718 0.000195
70.450000 157 0.079809 0.017086 0.000178
70.550000 144 0.083333 0.015671 0.000164
70.650000 157 0.079809 0.017086 0.000178
70.750000 149 0.081923 0.016215 0.000169
70.850000 142 0.083918 0.015453 0.000161
70.950000 156 0.080064 0.016977 0.000177
71.050000 116 0.092848 0.012624 0.000132
71.150000 129 0.088045 0.014039 0.000147
71.250000 127 0.088736 0.013821 0.000145
71.350000 150 0.081650 0.016324 0.000171
71.450000 106 0.097129 0.011536 0.000121
71.550000 121 0.090909 0.013168 0.000138
71.650000 142 0.083918 0.015453 0.000161
71.750000 87 0.107211 0.009468 0.000099
71.850000 102 0.099015 0.011100 0.000116
71.950000 102 0.099015 0.011100 0.000116
72.050000 117 0.092450 0.012733 0.000133
72.150000 119 0.091670 0.012950 0.000135
72.250000 88 0.106600 0.009577 0.000101
72.350000 117 0.092450 0.012733 0.000133
72.450000 92 0.104257 0.010012 0.000105
72.550000 111 0.094916 0.012080 0.000126
72.650000 82 0.110432 0.008924 0.000094
72.750000 92 0.104257 0.010012 0.000105
72.850000 78 0.113228 0.008488 0.000089
72.950000 78 0.113228 0.008488 0.000089
73.050000 87 0.107211 0.009468 0.000099
73.150000 78 0.113228 0.008488 0.000089
73.250000 61 0.128037 0.006638 0.000071
73.350000 66 0.123091 0.007183 0.000076
73.450000 67 0.122169 0.007291 0.000077
73.550000 60 0.129099 0.006530 0.000070
73.650000 64 0.125000 0.006965 0.000074
73.750000 64 0.125000 0.006965 0.000074
73.850000 57 0.132453 0.006203 0.000066
73.950000 80 0.111803 0.008706 0.000092
74.050000 69 0.120386 0.007509 0.000079
74.150000 61 0.128037 0.006638 0.000071
74.250000 64 0.125000 0.006965 0.000074
74.350000 50 0.141421 0.005441 0.000059
74.450000 45 0.149071 0.004897 0.000054
74.550000 53 0.137361 0.005768 0.000062
74.650000 54 0.136083 0.005877 0.000063
74.750000 43 0.152499 0.004680 0.000052
74.850000 35 0.169031 0.003809 0.000044
74.950000 41 0.156174 0.004462 0.000050
75.050000 37 0.164399 0.004027 0.000046
75.150000 41 0.156174 0.004462 0.000050
75.250000 30 0.182574 0.003265 0.000039
75.350000 28 0.188982 0.003047 0.000038
75.450000 28 0.188982 0.003047 0.000038
75.550000 34 0.171499 0.003700 0.000043
75.650000 25 0.200000 0.002721 0.000036
75.750000 32 0.176777 0.003482 0.000041
75.850000 32 0.176777 0.003482 0.000041
75.950000 28 0.188982 0.003047 0.000038
76.050000 21 0.218218 0.002285 0.000034
76.150000 25 0.200000 0.002721 0.000036
76.250000 19 0.229416 0.002068 0.000033
76.350000 24 0.204124 0.002612 0.000035
76.450000 18 0.235702 0.001959 0.000033
76.550000 21 0.218218 0.002285 0.000034
76.650000 14 0.267261 0.001524 0.000033
76.750000 14 0.267261 0.001524 0.000033
76.850000 15 0.258199 0.001632 0.000033
76.950000 13 0.277350 0.001415 0.000034
77.050000 13 0.277350 0.001415 0.000034
77.150000 14 0.267261 0.001524 0.000033
77.250000 27 0.192450 0.002938 0.000037
77.350000 18 0.235702 0.001959 0.000033
77.450000 11 0.301511 0.001197 0.000035
77.550000 19 0.229416 0.002068 0.000033
77.650000 13 0.277350 0.001415 0.000034
77.750000 18 0.235702 0.001959 0.000033
77.850000 11 0.301511 0.001197 0.000035
77.950000 10 0.316228 0.001088 0.000036
78.050000 20 0.223607 0.002177 0.000033
78.150000 24 0.204124 0.002612 0.000035
78.250000 10 0.316228 0.001088 0.000036
78.350000 14 0.267261 0.001524 0.000033
78.450000 17 0.242536 0.001850 0.000033
78.550000 13 0.277350 0.001415 0.000034
78.650000 14 0.267261 0.001524 0.000033
78.750000 19 0.229416 0.002068 0.000033
78.850000 11 0.301511 0.001197 0.000035
78.950000 12 0.288675 0.001306 0.000034
79.050000 14 0.267261 0.001524 0.000033
79.150000 13 0.277350 0.001415 0.000034
79.250000 11 0.301511 0.001197 0.000035
79.350000 13 0.277350 0.001415 0.000034
79.450000 8 0.353553 0.000871 0.000040
79.550000 12 0.288675 0.001306 0.000034
79.650000 19 0.229416 0.002068 0.000033
79.750000 5 0.447214 0.000544 0.000049
79.850000 9 0.333333 0.000979 0.000038
79.950000 13 0.277350 0.001415 0.000034
80.050000 11 0.301511 0.001197 0.000035
80.150000 14 0.267261 0.001524 0.000033
80.250000 12 0.288675 0.001306 0.000034
80.350000 18 0.235702 0.001959 0.000033
80.450000 14 0.267261 0.001524 0.000033
80.550000 10 0.316228 0.001088 0.000036
80.650000 13 0.277350 0.001415 0.000034
80.750000 5 0.447214 0.000544 0.000049
80.850000 8 0.353553 0.000871 0.000040
80.950000 7 0.377964 0.000762 0.000042
81.050000 18 0.235702 0.001959 0.000033
81.150000 14 0.267261 0.001524 0.000033
81.250000 15 0.258199 0.001632 0.000033
81.350000 14 0.267261 0.001524 0.000033
81.450000 9 0.333333 0.000979 0.000038
81.550000 9 0.333333 0.000979 0.000038
81.650000 8 0.353553 0.000871 0.000040
81.750000 13 0.277350 0.001415 0.000034
81.850000 9 0.333333 0.000979 0.000038
81.950000 4 0.500000 0.000435 0.000055
82.050000 8 0.353553 0.000871 0.000040
82.150000 12 0.288675 0.001306 0.000034
82.250000 12 0.288675 0.001306 0.000034
82.350000 10 0.316228 0.001088 0.000036
82.450000 7 0.377964 0.000762 0.000042
82.550000 2 0.707107 0.000218 0.000077
82.650000 5 0.447214 0.000544 0.000049
82.750000 7 0.377964 0.000762 0.000042
82.850000 10 0.316228 0.001088 0.000036
82.950000 13 0.277350 0.001415 0.000034
83.050000 6 0.408248 0.000653 0.000045
83.150000 8 0.353553 0.000871 0.000040
83.250000 11 0.301511 0.001197 0.000035
83.350000 7 0.377964 0.000762 0.000042
83.450000 10 0.316228 0.001088 0.000036
83.550000 6 0.408248 0.000653 0.000045
83.650000 11 0.301511 0.001197 0.000035
83.750000 8 0.353553 0.000871 0.000040
83.850000 12 0.288675 0.001306 0.000034
83.950000 6 0.408248 0.000653 0.000045
84.050000 4 0.500000 0.000435 0.000055
84.150000 7 0.377964 0.000762 0.000042
84.250000 2 0.707107 0.000218 0.000077
84.350000 6 0.408248 0.000653 0.000045
84.450000 8 0.353553 0.000871 0.000040
84.550000 7 0.377964 0.000762 0.000042
84.650000 10 0.316228 0.001088 0.000036
84.750000 7 0.377964 0.000762 0.000042
84.850000 11 0.301511 0.001197 0.000035
84.950000 10 0.316228 0.001088 0.000036
85.050000 8 0.353553 0.000871 0.000040
85.150000 8 0.353553 0.000871 0.000040
85.250000 9 0.333333 0.000979 0.000038
85.350000 3 0.577350 0.000326 0.000063
85.450000 5 0.447214 0.000544 0.000049
85.550000 12 0.288675 0.001306 0.000034
85.650000 7 0.377964 0.000762 0.000042
85.750000 6 0.408248 0.000653 0.000045
85.850000 8 0.353553 0.000871 0.000040
85.950000 3 0.577350 0.000326 0.000063
86.050000 4 0.500000 0.000435 0.000055
86.150000 7 0.377964 0.000762 0.000042
86.250000 1 1.000000 0.000109 0.000109
86.350000 5 0.447214 0.000544 0.000049
86.450000 9 0.333333 0.000979 0.000038
86.550000 6 0.408248 0.000653 0.000045
86.650000 6 0.408248 0.000653 0.000045
86.750000 6 0.408248 0.000653 0.000045
86.850000 3 0.577350 0.000326 0.000063
86.950000 5 0.447214 0.000544 0.000049
87.050000 5 0.447214 0.000544 0.000049
87.150000 4 0.500000 0.000435 0.000055
87.250000 10 0.316228 0.001088 0.000036
87.350000 2 0.707107 0.000218 0.000077
87.450000 5 0.447214 0.000544 0.000049
87.550000 4 0.500000 0.000435 0.000055
87.650000 3 0.577350 0.000326 0.000063
87.750000 8 0.353553 0.000871 0.000040
87.850000 7 0.377964 0.000762 0.000042
87.950000 7 0.377964 0.000762 0.000042
88.050000 10 0.316228 0.001088 0.000036
88.150000 7 0.377964 0.000762 0.000042
88.250000 5 0.447214 0.000544 0.000049
88.350000 7 0.377964 0.000762 0.000042
88.450000 5 0.447214 0.000544 0.000049
88.550000 4 0.500000 0.000435 0.000055
88.650000 6 0.408248 0.000653 0.000045
88.750000 4 0.500000 0.000435 0.000055
88.850000 5 0.447214 0.000544 0.000049
88.950000 6 0.408248 0.000653 0.000045
89.050000 5 0.447214 0.000544 0.000049
89.150000 11 0.301511 0.001197 0.000035
89.250000 4 0.500000 0.000435 0.000055
89.350000 2 0.707107 0.000218 0.000077
89.450000 2 0.707107 0.000218 0.000077
89.550000 7 0.377964 0.000762 0.000042
89.650000 3 0.577350 0.000326 0.000063
89.750000 7 0.377964 0.000762 0.000042
89.850000 4 0.500000 0.000435 0.000055
89.950000 4 0.500000 0.000435 0.000055
90.050000 2 0.707107 0.000218 0.000077
90.150000 9 0.333333 0.000979 0.000038
90.250000 6 0.408248 0.000653 0.000045
90.350000 4 0.500000 0.000435 0.000055
90.450000 4 0.500000 0.000435 0.000055
90.550000 7 0.377964 0.000762 0.000042
90.650000 4 0.500000 0.000435 0.000055
90.750000 2 0.707107 0.000218 0.000077
90.850000 4 0.500000 0.000435 0.000055
90.950000 3 0.577350 0.000326 0.000063
91.050000 5 0.447214 0.000544 0.000049
91.150000 8 0.353553 0.000871 0.000040
91.250000 6 0.408248 0.000653 0.000045
91.350000 5 0.447214 0.000544 0.000049
91.450000 5 0.447214 0.000544 0.000049
91.550000 8 0.353553 0.000871 0.000040
91.650000 4 0.500000 0.000435 0.000055
91.750000 2 0.707107 0.000218 0.000077
91.850000 4 0.500000 0.000435 0.000055
91.950000 4 0.500000 0.000435 0.000055
92.050000 4 0.500000 0.000435 0.000055
92.150000 1 1.000000 0.000109 0.000109
92.250000 5 0.447214 0.000544 0.000049
92.350000 2 0.707107 0.000218 0.000077
92.450000 3 0.577350 0.000326 0.000063
92.550000 5 0.447214 0.000544 0.000049
92.650000 6 0.408248 0.000653 0.000045
92.750000 2 0.707107 0.000218 0.000077
92.850000 0 0.000000 0.000000 0.000000
92.950000 5 0.447214 0.000544 0.000049
93.050000 1 1.000000 0.000109 0.000109
93.150000 1 1.000000 0.000109 0.000109
93.250000 3 0.577350 0.000326 0.000063
93.350000 1 1.000000 0.000109 0.000109
93.450000 2 0.707107 0.000218 0.000077
93.550000 2 0.707107 0.000218 0.000077
93.650000 1 1.000000 0.000109 0.000109
93.750000 4 0.500000 0.000435 0.000055
93.850000 3 0.577350 0.000326 0.000063
93.950000 4 0.500000 0.000435 0.000055
94.050000 4 0.500000 0.000435 0.000055
94.150000 1 1.000000 0.000109 0.000109
94.250000 2 0.707107 0.000218 0.000077
94.350000 6 0.408248 0.000653 0.000045
94.450000 3 0.577350 0.000326 0.000063
94.550000 1 1.000000 0.000109 0.000109
94.650000 4 0.500000 0.000435 0.000055
94.750000 3 0.577350 0.000326 0.000063
94.850000 4 0.500000 0.000435 0.000055
94.950000 2 0.707107 0.000218 0.000077
95.050000 4 0.500000 0.000435 0.000055
95.150000 3 0.577350 0.000326 0.000063
95.250000 10 0.316228 0.001088 0.000036
95.350000 1 1.000000 0.000109 0.000109
95.450000 3 0.577350 0.000326 0.000063
95.550000 4 0.500000 0.000435 0.000055
95.650000 1 1.000000 0.000109 0.000109
95.750000 2 0.707107 0.000218 0.000077
95.850000 3 0.577350 0.000326 0.000063
95.950000 2 0.707107 0.000218 0.000077
96.050000 1 1.000000 0.000109 0.000109
96.150000 0 0.000000 0.000000 0.000000
96.250000 1 1.000000 0.000109 0.000109
96.350000 1 1.000000 0.000109 0.000109
96.450000 3 0.577350 0.000326 0.000063
96.550000 1 1.000000 0.000109 0.000109
96.650000 0 0.000000 0.000000 0.000000
96.750000 2 0.707107 0.000218 0.000077
96.850000 3 0.577350 0.000326 0.000063
96.950000 0 0.000000 0.000000 0.000000
97.050000 1 1.000000 0.000109 0.000109
97.150000 0 0.000000 0.000000 0.000000
97.250000 2 0.707107 0.000218 0.000077
97.350000 2 0.707107 0.000218 0.000077
97.450000 2 0.707107 0.000218 0.000077
97.550000 1 1.000000 0.000109 0.000109
97.650000 0 0.000000 0.000000 0.000000
97.750000 3 0.577350 0.000326 0.000063
97.850000 0 0.000000 0.000000 0.000000
97.950000 0 0.000000 0.000000 0.000000
98.050000 2 0.707107 0.000218 0.000077
98.150000 2 0.707107 0.000218 0.000077
98.250000 0 0.000000 0.000000 0.000000
98.350000 2 0.707107 0.000218 0.000077
98.450000 0 0.000000 0.000000 0.000000
98.550000 0 0.000000 0.000000 0.000000
98.650000 0 0.000000 0.000000 0.000000
98.750000 1 1.000000 0.000109 0.000109
98.850000 0 0.000000 0.000000 0.000000
98.950000 1 1.000000 0.000109 0.000109
99.050000 0 0.000000 0.000000 0.000000
99.150000 0 0.000000 0.000000 0.000000
99.250000 2 0.707107 0.000218 0.000077
99.350000 1 1.000000 0.000109 0.000109
99.450000 2 0.707107 0.000218 0.000077
99.550000 1 1.000000 0.000109 0.000109
99.650000 1 1.000000 0.000109 0.000109
99.750000 0 0.000000 0.000000 0.000000
99.850000 2 0.707107 0.000218 0.000077
99.950000 1 1.000000 0.000109 0.000109
