# name, dx, fmax, fmax_err, norm_value, norm_vale_err
# Co60 0.1 368 19.183326093250876 9189 95.85927185202274
# bin_center, freq, freq_err, norm_freq, norm_freq_err
0.050000 0 0.000000 0.000000 0.000000
0.150000 0 0.000000 0.000000 0.000000
0.250000 0 0.000000 0.000000 0.000000
0.350000 0 0.000000 0.000000 0.000000
0.450000 0 0.000000 0.000000 0.000000
0.550000 1 1.000000 0.000109 0.000109
0.650000 5 2.236068 0.000544 0.000243
0.750000 16 4.000000 0.001741 0.000436
0.850000 36 6.000000 0.003918 0.000654
0.950000 74 8.602325 0.008053 0.000940
1.050000 136 11.661904 0.014800 0.001278
1.150000 149 12.206556 0.016215 0.001339
1.250000 149 12.206556 0.016215 0.001339
1.350000 152 12.328828 0.016542 0.001353
1.450000 180 13.416408 0.019589 0.001474
1.550000 148 12.165525 0.016106 0.001335
1.650000 166 12.884099 0.018065 0.001415
1.750000 176 13.266499 0.019153 0.001457
1.850000 159 12.609520 0.017303 0.001384
1.950000 139 11.789826 0.015127 0.001293
2.050000 170 13.038405 0.018500 0.001432
2.150000 150 12.247449 0.016324 0.001344
2.250000 149 12.206556 0.016215 0.001339
2.350000 152 12.328828 0.016542 0.001353
2.450000 159 12.609520 0.017303 0.001384
2.550000 142 11.916375 0.015453 0.001307
2.650000 158 12.569805 0.017194 0.001380
2.750000 147 12.124356 0.015997 0.001330
2.850000 129 11.357817 0.014039 0.001245
2.950000 138 11.747340 0.015018 0.001288
3.050000 147 12.124356 0.015997 0.001330
3.150000 142 11.916375 0.015453 0.001307
3.250000 162 12.727922 0.017630 0.001397
3.350000 137 11.704700 0.014909 0.001283
3.450000 178 13.341664 0.019371 0.001466
3.550000 136 11.661904 0.014800 0.001278
3.650000 166 12.884099 0.018065 0.001415
3.750000 129 11.357817 0.014039 0.001245
3.850000 152 12.328828 0.016542 0.001353
3.950000 180 13.416408 0.019589 0.001474
4.050000 148 12.165525 0.016106 0.001335
4.150000 128 11.313708 0.013930 0.001240
4.250000 138 11.747340 0.015018 0.001288
4.350000 147 12.124356 0.015997 0.001330
4.450000 157 12.529964 0.017086 0.001375
4.550000 137 11.704700 0.014909 0.001283
4.650000 137 11.704700 0.014909 0.001283
4.750000 136 11.661904 0.014800 0.001278
4.850000 170 13.038405 0.018500 0.001432
4.950000 147 12.124356 0.015997 0.001330
5.050000 165 12.845233 0.017956 0.001410
5.150000 173 13.152946 0.018827 0.001445
5.250000 163 12.767145 0.017739 0.001402
5.350000 174 13.190906 0.018936 0.001449
5.450000 164 12.806248 0.017847 0.001406
5.550000 187 13.674794 0.020350 0.001503
5.650000 170 13.038405 0.018500 0.001432
5.750000 183 13.527749 0.019915 0.001487
5.850000 171 13.076697 0.018609 0.001436
5.950000 212 14.560220 0.023071 0.001603
6.050000 190 13.784049 0.020677 0.001515
6.150000 198 14.071247 0.021548 0.001548
6.250000 180 13.416408 0.019589 0.001474
6.350000 189 13.747727 0.020568 0.001511
6.450000 218 14.764823 0.023724 0.001626
6.550000 208 14.422205 0.022636 0.001587
6.650000 190 13.784049 0.020677 0.001515
6.750000 212 14.560220 0.023071 0.001603
6.850000 248 15.748016 0.026989 0.001737
6.950000 232 15.231546 0.025248 0.001678
7.050000 214 14.628739 0.023289 0.001610
7.150000 242 15.556349 0.026336 0.001715
7.250000 214 14.628739 0.023289 0.001610
7.350000 229 15.132746 0.024921 0.001667
7.450000 221 14.866069 0.024050 0.001637
7.550000 200 14.142136 0.021765 0.001556
7.650000 208 14.422205 0.022636 0.001587
7.750000 223 14.933185 0.024268 0.001645
7.850000 188 13.711309 0.020459 0.001507
7.950000 194 13.928388 0.021112 0.001532
8.050000 252 15.874508 0.027424 0.001751
8.150000 238 15.427249 0.025901 0.001700
8.250000 211 14.525839 0.022962 0.001599
8.350000 220 14.832397 0.023942 0.001633
8.450000 196 14.000000 0.021330 0.001540
8.550000 232 15.231546 0.025248 0.001678
8.650000 243 15.588457 0.026445 0.001719
8.750000 226 15.033296 0.024595 0.001656
8.850000 235 15.329710 0.025574 0.001689
8.950000 233 15.264338 0.025356 0.001682
9.050000 252 15.874508 0.027424 0.001751
9.150000 256 16.000000 0.027859 0.001765
9.250000 261 16.155494 0.028404 0.001783
9.350000 240 15.491933 0.026118 0.001708
9.450000 255 15.968719 0.027751 0.001762
9.550000 225 15.000000 0.024486 0.001652
9.650000 235 15.329710 0.025574 0.001689
9.750000 236 15.362291 0.025683 0.001693
9.850000 237 15.394804 0.025792 0.001697
9.950000 230 15.165751 0.025030 0.001671
10.050000 246 15.684387 0.026771 0.001730
10.150000 226 15.033296 0.024595 0.001656
10.250000 218 14.764823 0.023724 0.001626
10.350000 263 16.217275 0.028621 0.001790
10.450000 241 15.524175 0.026227 0.001711
10.550000 232 15.231546 0.025248 0.001678
10.650000 217 14.730920 0.023615 0.001622
10.750000 222 14.899664 0.024159 0.001641
10.850000 223 14.933185 0.024268 0.001645
10.950000 267 16.340135 0.029056 0.001804
11.050000 224 14.966630 0.024377 0.001648
11.150000 233 15.264338 0.025356 0.001682
11.250000 248 15.748016 0.026989 0.001737
11.350000 258 16.062378 0.028077 0.001772
11.450000 241 15.524175 0.026227 0.001711
11.550000 238 15.427249 0.025901 0.001700
11.650000 231 15.198684 0.025139 0.001675
11.750000 245 15.652476 0.026662 0.001726
11.850000 241 15.524175 0.026227 0.001711
11.950000 239 15.459625 0.026009 0.001704
12.050000 241 15.524175 0.026227 0.001711
12.150000 239 15.459625 0.026009 0.001704
12.250000 227 15.066519 0.024703 0.001660
12.350000 223 14.933185 0.024268 0.001645
12.450000 235 15.329710 0.025574 0.001689
12.550000 266 16.309506 0.028948 0.001800
12.650000 231 15.198684 0.025139 0.001675
12.750000 237 15.394804 0.025792 0.001697
12.850000 219 14.798649 0.023833 0.001630
12.950000 258 16.062378 0.028077 0.001772
13.050000 249 15.779734 0.027098 0.001740
13.150000 225 15.000000 0.024486 0.001652
13.250000 247 15.716234 0.026880 0.001733
13.350000 236 15.362291 0.025683 0.001693
13.450000 237 15.394804 0.025792 0.001697
13.550000 227 15.066519 0.024703 0.001660
13.650000 232 15.231546 0.025248 0.001678
13.750000 234 15.297059 0.025465 0.001686
13.850000 210 14.491377 0.022853 0.001595
13.950000 259 16.093477 0.028186 0.001776
14.050000 241 15.524175 0.026227 0.001711
14.150000 230 15.165751 0.025030 0.001671
14.250000 289 17.000000 0.031451 0.001879
14.350000 241 15.524175 0.026227 0.001711
14.450000 237 15.394804 0.025792 0.001697
14.550000 240 15.491933 0.026118 0.001708
14.650000 237 15.394804 0.025792 0.001697
14.750000 228 15.099669 0.024812 0.001663
14.850000 231 15.198684 0.025139 0.001675
14.950000 250 15.811388 0.027206 0.001744
15.050000 244 15.620499 0.026553 0.001722
15.150000 280 16.733201 0.030471 0.001849
15.250000 239 15.459625 0.026009 0.001704
15.350000 280 16.733201 0.030471 0.001849
15.450000 273 16.522712 0.029709 0.001825
15.550000 273 16.522712 0.029709 0.001825
15.650000 257 16.031220 0.027968 0.001769
15.750000 265 16.278821 0.028839 0.001797
15.850000 266 16.309506 0.028948 0.001800
15.950000 294 17.146428 0.031995 0.001896
16.050000 272 16.492423 0.029601 0.001821
16.150000 278 16.673332 0.030254 0.001842
16.250000 284 16.852300 0.030907 0.001862
16.350000 306 17.492856 0.033301 0.001935
16.450000 264 16.248077 0.028730 0.001793
16.550000 273 16.522712 0.029709 0.001825
16.650000 274 16.552945 0.029818 0.001828
16.750000 275 16.583124 0.029927 0.001831
16.850000 269 16.401219 0.029274 0.001811
16.950000 286 16.911535 0.031124 0.001869
17.050000 248 15.748016 0.026989 0.001737
17.150000 276 16.613248 0.030036 0.001835
17.250000 267 16.340135 0.029056 0.001804
17.350000 282 16.792856 0.030689 0.001855
17.450000 265 16.278821 0.028839 0.001797
17.550000 275 16.583124 0.029927 0.001831
17.650000 234 15.297059 0.025465 0.001686
17.750000 263 16.217275 0.028621 0.001790
17.850000 265 16.278821 0.028839 0.001797
17.950000 292 17.088007 0.031777 0.001889
18.050000 232 15.231546 0.025248 0.001678
18.150000 263 16.217275 0.028621 0.001790
18.250000 281 16.763055 0.030580 0.001852
18.350000 245 15.652476 0.026662 0.001726
18.450000 279 16.703293 0.030362 0.001845
18.550000 275 16.583124 0.029927 0.001831
18.650000 270 16.431677 0.029383 0.001814
18.750000 267 16.340135 0.029056 0.001804
18.850000 269 16.401219 0.029274 0.001811
18.950000 281 16.763055 0.030580 0.001852
19.050000 251 15.842980 0.027315 0.001748
19.150000 289 17.000000 0.031451 0.001879
19.250000 296 17.204651 0.032212 0.001902
19.350000 268 16.370706 0.029165 0.001807
19.450000 298 17.262677 0.032430 0.001909
19.550000 265 16.278821 0.028839 0.001797
19.650000 264 16.248077 0.028730 0.001793
19.750000 253 15.905974 0.027533 0.001755
19.850000 231 15.198684 0.025139 0.001675
19.950000 285 16.881943 0.031015 0.001865
20.050000 290 17.029386 0.031559 0.001882
20.150000 299 17.291616 0.032539 0.001912
20.250000 308 17.549929 0.033518 0.001942
20.350000 321 17.916473 0.034933 0.001984
20.450000 312 17.663522 0.033954 0.001955
20.550000 280 16.733201 0.030471 0.001849
20.650000 326 18.055470 0.035477 0.001999
20.750000 312 17.663522 0.033954 0.001955
20.850000 310 17.606817 0.033736 0.001948
20.950000 339 18.411953 0.036892 0.002040
21.050000 311 17.635192 0.033845 0.001951
21.150000 330 18.165902 0.035913 0.002012
21.250000 300 17.320508 0.032648 0.001915
21.350000 313 17.691806 0.034062 0.001958
21.450000 319 17.860571 0.034715 0.001977
21.550000 330 18.165902 0.035913 0.002012
21.650000 328 18.110770 0.035695 0.002006
21.750000 319 17.860571 0.034715 0.001977
21.850000 322 17.944358 0.035042 0.001987
21.950000 333 18.248288 0.036239 0.002022
22.050000 318 17.832555 0.034607 0.001974
22.150000 298 17.262677 0.032430 0.001909
22.250000 299 17.291616 0.032539 0.001912
22.350000 297 17.233688 0.032321 0.001906
22.450000 319 17.860571 0.034715 0.001977
22.550000 331 18.193405 0.036021 0.002015
22.650000 346 18.601075 0.037654 0.002062
22.750000 312 17.663522 0.033954 0.001955
22.850000 295 17.175564 0.032104 0.001899
22.950000 330 18.165902 0.035913 0.002012
23.050000 342 18.493242 0.037218 0.002050
23.150000 314 17.720045 0.034171 0.001961
23.250000 319 17.860571 0.034715 0.001977
23.350000 315 17.748239 0.034280 0.001964
23.450000 351 18.734994 0.038198 0.002077
23.550000 300 17.320508 0.032648 0.001915
23.650000 332 18.220867 0.036130 0.002018
23.750000 305 17.464249 0.033192 0.001932
23.850000 339 18.411953 0.036892 0.002040
23.950000 308 17.549929 0.033518 0.001942
24.050000 350 18.708287 0.038089 0.002074
24.150000 307 17.521415 0.033410 0.001938
24.250000 289 17.000000 0.031451 0.001879
24.350000 344 18.547237 0.037436 0.002056
24.450000 368 19.183326 0.040048 0.002129
24.550000 325 18.027756 0.035368 0.001996
24.650000 277 16.643317 0.030145 0.001838
24.750000 326 18.055470 0.035477 0.001999
24.850000 322 17.944358 0.035042 0.001987
24.950000 290 17.029386 0.031559 0.001882
25.050000 324 18.000000 0.035260 0.001993
25.150000 334 18.275667 0.036348 0.002025
25.250000 325 18.027756 0.035368 0.001996
25.350000 301 17.349352 0.032757 0.001919
25.450000 310 17.606817 0.033736 0.001948
25.550000 324 18.000000 0.035260 0.001993
25.650000 314 17.720045 0.034171 0.001961
25.750000 283 16.822604 0.030798 0.001859
25.850000 318 17.832555 0.034607 0.001974
25.950000 291 17.058722 0.031668 0.001886
26.050000 312 17.663522 0.033954 0.001955
26.150000 298 17.262677 0.032430 0.001909
26.250000 312 17.663522 0.033954 0.001955
26.350000 301 17.349352 0.032757 0.001919
26.450000 286 16.911535 0.031124 0.001869
26.550000 328 18.110770 0.035695 0.002006
26.650000 324 18.000000 0.035260 0.001993
26.750000 310 17.606817 0.033736 0.001948
26.850000 345 18.574176 0.037545 0.002059
26.950000 290 17.029386 0.031559 0.001882
27.050000 320 17.888544 0.034824 0.001980
27.150000 330 18.165902 0.035913 0.002012
27.250000 324 18.000000 0.035260 0.001993
27.350000 313 17.691806 0.034062 0.001958
27.450000 331 18.193405 0.036021 0.002015
27.550000 326 18.055470 0.035477 0.001999
27.650000 299 17.291616 0.032539 0.001912
27.750000 302 17.378147 0.032865 0.001922
27.850000 285 16.881943 0.031015 0.001865
27.950000 320 17.888544 0.034824 0.001980
28.050000 303 17.406895 0.032974 0.001925
28.150000 338 18.384776 0.036783 0.002037
28.250000 337 18.357560 0.036674 0.002034
28.350000 304 17.435596 0.033083 0.001929
28.450000 322 17.944358 0.035042 0.001987
28.550000 311 17.635192 0.033845 0.001951
28.650000 290 17.029386 0.031559 0.001882
28.750000 299 17.291616 0.032539 0.001912
28.850000 334 18.275667 0.036348 0.002025
28.950000 350 18.708287 0.038089 0.002074
29.050000 319 17.860571 0.034715 0.001977
29.150000 328 18.110770 0.035695 0.002006
29.250000 316 17.776389 0.034389 0.001968
29.350000 309 17.578396 0.033627 0.001945
29.450000 319 17.860571 0.034715 0.001977
29.550000 313 17.691806 0.034062 0.001958
29.650000 294 17.146428 0.031995 0.001896
29.750000 352 18.761663 0.038307 0.002080
29.850000 333 18.248288 0.036239 0.002022
29.950000 302 17.378147 0.032865 0.001922
30.050000 319 17.860571 0.034715 0.001977
30.150000 304 17.435596 0.033083 0.001929
30.250000 313 17.691806 0.034062 0.001958
30.350000 314 17.720045 0.034171 0.001961
30.450000 319 17.860571 0.034715 0.001977
30.550000 314 17.720045 0.034171 0.001961
30.650000 293 17.117243 0.031886 0.001892
30.750000 288 16.970563 0.031342 0.001876
30.850000 300 17.320508 0.032648 0.001915
30.950000 304 17.435596 0.033083 0.001929
31.050000 316 17.776389 0.034389 0.001968
31.150000 322 17.944358 0.035042 0.001987
31.250000 314 17.720045 0.034171 0.001961
31.350000 314 17.720045 0.034171 0.001961
31.450000 321 17.916473 0.034933 0.001984
31.550000 322 17.944358 0.035042 0.001987
31.650000 341 18.466185 0.037110 0.002047
31.750000 298 17.262677 0.032430 0.001909
31.850000 293 17.117243 0.031886 0.001892
31.950000 319 17.860571 0.034715 0.001977
32.050000 327 18.083141 0.035586 0.002003
32.150000 296 17.204651 0.032212 0.001902
32.250000 326 18.055470 0.035477 0.001999
32.350000 291 17.058722 0.031668 0.001886
32.450000 300 17.320508 0.032648 0.001915
32.550000 304 17.435596 0.033083 0.001929
32.650000 307 17.521415 0.033410 0.001938
32.750000 339 18.411953 0.036892 0.002040
32.850000 337 18.357560 0.036674 0.002034
32.950000 301 17.349352 0.032757 0.001919
33.050000 301 17.349352 0.032757 0.001919
33.150000 282 16.792856 0.030689 0.001855
33.250000 316 17.776389 0.034389 0.001968
33.350000 284 16.852300 0.030907 0.001862
33.450000 301 17.349352 0.032757 0.001919
33.550000 319 17.860571 0.034715 0.001977
33.650000 305 17.464249 0.033192 0.001932
33.750000 307 17.521415 0.033410 0.001938
33.850000 306 17.492856 0.033301 0.001935
33.950000 325 18.027756 0.035368 0.001996
34.050000 320 17.888544 0.034824 0.001980
34.150000 283 16.822604 0.030798 0.001859
34.250000 300 17.320508 0.032648 0.001915
34.350000 316 17.776389 0.034389 0.001968
34.450000 293 17.117243 0.031886 0.001892
34.550000 298 17.262677 0.032430 0.001909
34.650000 309 17.578396 0.033627 0.001945
34.750000 313 17.691806 0.034062 0.001958
34.850000 304 17.435596 0.033083 0.001929
34.950000 287 16.941074 0.031233 0.001872
35.050000 319 17.860571 0.034715 0.001977
35.150000 321 17.916473 0.034933 0.001984
35.250000 265 16.278821 0.028839 0.001797
35.350000 306 17.492856 0.033301 0.001935
35.450000 297 17.233688 0.032321 0.001906
35.550000 290 17.029386 0.031559 0.001882
35.650000 280 16.733201 0.030471 0.001849
35.750000 283 16.822604 0.030798 0.001859
35.850000 306 17.492856 0.033301 0.001935
35.950000 272 16.492423 0.029601 0.001821
36.050000 306 17.492856 0.033301 0.001935
36.150000 297 17.233688 0.032321 0.001906
36.250000 251 15.842980 0.027315 0.001748
36.350000 278 16.673332 0.030254 0.001842
36.450000 310 17.606817 0.033736 0.001948
36.550000 265 16.278821 0.028839 0.001797
36.650000 294 17.146428 0.031995 0.001896
36.750000 302 17.378147 0.032865 0.001922
36.850000 279 16.703293 0.030362 0.001845
36.950000 259 16.093477 0.028186 0.001776
37.050000 301 17.349352 0.032757 0.001919
37.150000 298 17.262677 0.032430 0.001909
37.250000 279 16.703293 0.030362 0.001845
37.350000 277 16.643317 0.030145 0.001838
37.450000 314 17.720045 0.034171 0.001961
37.550000 276 16.613248 0.030036 0.001835
37.650000 243 15.588457 0.026445 0.001719
37.750000 258 16.062378 0.028077 0.001772
37.850000 298 17.262677 0.032430 0.001909
37.950000 288 16.970563 0.031342 0.001876
38.050000 272 16.492423 0.029601 0.001821
38.150000 258 16.062378 0.028077 0.001772
38.250000 269 16.401219 0.029274 0.001811
38.350000 272 16.492423 0.029601 0.001821
38.450000 269 16.401219 0.029274 0.001811
38.550000 241 15.524175 0.026227 0.001711
38.650000 242 15.556349 0.026336 0.001715
38.750000 328 18.110770 0.035695 0.002006
38.850000 262 16.186414 0.028512 0.001786
38.950000 276 16.613248 0.030036 0.001835
39.050000 282 16.792856 0.030689 0.001855
39.150000 287 16.941074 0.031233 0.001872
39.250000 259 16.093477 0.028186 0.001776
39.350000 273 16.522712 0.029709 0.001825
39.450000 248 15.748016 0.026989 0.001737
39.550000 252 15.874508 0.027424 0.001751
39.650000 309 17.578396 0.033627 0.001945
39.750000 275 16.583124 0.029927 0.001831
39.850000 256 16.000000 0.027859 0.001765
39.950000 244 15.620499 0.026553 0.001722
40.050000 256 16.000000 0.027859 0.001765
40.150000 267 16.340135 0.029056 0.001804
40.250000 260 16.124515 0.028295 0.001779
40.350000 240 15.491933 0.026118 0.001708
40.450000 270 16.431677 0.029383 0.001814
40.550000 256 16.000000 0.027859 0.001765
40.650000 298 17.262677 0.032430 0.001909
40.750000 301 17.349352 0.032757 0.001919
40.850000 284 16.852300 0.030907 0.001862
40.950000 283 16.822604 0.030798 0.001859
41.050000 266 16.309506 0.028948 0.001800
41.150000 276 16.613248 0.030036 0.001835
41.250000 273 16.522712 0.029709 0.001825
41.350000 242 15.556349 0.026336 0.001715
41.450000 265 16.278821 0.028839 0.001797
41.550000 278 16.673332 0.030254 0.001842
41.650000 272 16.492423 0.029601 0.001821
41.750000 271 16.462078 0.029492 0.001818
41.850000 280 16.733201 0.030471 0.001849
41.950000 270 16.431677 0.029383 0.001814
42.050000 285 16.881943 0.031015 0.001865
42.150000 292 17.088007 0.031777 0.001889
42.250000 259 16.093477 0.028186 0.001776
42.350000 293 17.117243 0.031886 0.001892
42.450000 271 16.462078 0.029492 0.001818
42.550000 258 16.062378 0.028077 0.001772
42.650000 291 17.058722 0.031668 0.001886
42.750000 260 16.124515 0.028295 0.001779
42.850000 275 16.583124 0.029927 0.001831
42.950000 245 15.652476 0.026662 0.001726
43.050000 264 16.248077 0.028730 0.001793
43.150000 252 15.874508 0.027424 0.001751
43.250000 243 15.588457 0.026445 0.001719
43.350000 277 16.643317 0.030145 0.001838
43.450000 263 16.217275 0.028621 0.001790
43.550000 245 15.652476 0.026662 0.001726
43.650000 275 16.583124 0.029927 0.001831
43.750000 273 16.522712 0.029709 0.001825
43.850000 228 15.099669 0.024812 0.001663
43.950000 249 15.779734 0.027098 0.001740
44.050000 280 16.733201 0.030471 0.001849
44.150000 265 16.278821 0.028839 0.001797
44.250000 284 16.852300 0.030907 0.001862
44.350000 290 17.029386 0.031559 0.001882
44.450000 265 16.278821 0.028839 0.001797
44.550000 252 15.874508 0.027424 0.001751
44.650000 281 16.763055 0.030580 0.001852
44.750000 252 15.874508 0.027424 0.001751
44.850000 240 15.491933 0.026118 0.001708
44.950000 236 15.362291 0.025683 0.001693
45.050000 258 16.062378 0.028077 0.001772
45.150000 260 16.124515 0.028295 0.001779
45.250000 249 15.779734 0.027098 0.001740
45.350000 268 16.370706 0.029165 0.001807
45.450000 271 16.462078 0.029492 0.001818
45.550000 260 16.124515 0.028295 0.001779
45.650000 220 14.832397 0.023942 0.001633
45.750000 241 15.524175 0.026227 0.001711
45.850000 255 15.968719 0.027751 0.001762
45.950000 261 16.155494 0.028404 0.001783
46.050000 260 16.124515 0.028295 0.001779
46.150000 249 15.779734 0.027098 0.001740
46.250000 240 15.491933 0.026118 0.001708
46.350000 243 15.588457 0.026445 0.001719
46.450000 243 15.588457 0.026445 0.001719
46.550000 218 14.764823 0.023724 0.001626
46.650000 268 16.370706 0.029165 0.001807
46.750000 258 16.062378 0.028077 0.001772
46.850000 235 15.329710 0.025574 0.001689
46.950000 251 15.842980 0.027315 0.001748
47.050000 256 16.000000 0.027859 0.001765
47.150000 268 16.370706 0.029165 0.001807
47.250000 231 15.198684 0.025139 0.001675
47.350000 260 16.124515 0.028295 0.001779
47.450000 220 14.832397 0.023942 0.001633
47.550000 230 15.165751 0.025030 0.001671
47.650000 239 15.459625 0.026009 0.001704
47.750000 238 15.427249 0.025901 0.001700
47.850000 239 15.459625 0.026009 0.001704
47.950000 217 14.730920 0.023615 0.001622
48.050000 226 15.033296 0.024595 0.001656
48.150000 213 14.594520 0.023180 0.001607
48.250000 206 14.352700 0.022418 0.001579
48.350000 215 14.662878 0.023398 0.001614
48.450000 240 15.491933 0.026118 0.001708
48.550000 218 14.764823 0.023724 0.001626
48.650000 251 15.842980 0.027315 0.001748
48.750000 209 14.456832 0.022745 0.001591
48.850000 219 14.798649 0.023833 0.001630
48.950000 233 15.264338 0.025356 0.001682
49.050000 240 15.491933 0.026118 0.001708
49.150000 209 14.456832 0.022745 0.001591
49.250000 205 14.317821 0.022309 0.001575
49.350000 209 14.456832 0.022745 0.001591
49.450000 234 15.297059 0.025465 0.001686
49.550000 200 14.142136 0.021765 0.001556
49.650000 223 14.933185 0.024268 0.001645
49.750000 232 15.231546 0.025248 0.001678
49.850000 214 14.628739 0.023289 0.001610
49.950000 197 14.035669 0.021439 0.001544
50.050000 226 15.033296 0.024595 0.001656
50.150000 205 14.317821 0.022309 0.001575
50.250000 208 14.422205 0.022636 0.001587
50.350000 196 14.000000 0.021330 0.001540
50.450000 219 14.798649 0.023833 0.001630
50.550000 223 14.933185 0.024268 0.001645
50.650000 205 14.317821 0.022309 0.001575
50.750000 219 14.798649 0.023833 0.001630
50.850000 224 14.966630 0.024377 0.001648
50.950000 218 14.764823 0.023724 0.001626
51.050000 210 14.491377 0.022853 0.001595
51.150000 198 14.071247 0.021548 0.001548
51.250000 208 14.422205 0.022636 0.001587
51.350000 199 14.106736 0.021656 0.001552
51.450000 227 15.066519 0.024703 0.001660
51.550000 186 13.638182 0.020242 0.001499
51.650000 218 14.764823 0.023724 0.001626
51.750000 228 15.099669 0.024812 0.001663
51.850000 159 12.609520 0.017303 0.001384
51.950000 191 13.820275 0.020786 0.001520
52.050000 206 14.352700 0.022418 0.001579
52.150000 196 14.000000 0.021330 0.001540
52.250000 219 14.798649 0.023833 0.001630
52.350000 195 13.964240 0.021221 0.001536
52.450000 210 14.491377 0.022853 0.001595
52.550000 225 15.000000 0.024486 0.001652
52.650000 202 14.212670 0.021983 0.001564
52.750000 230 15.165751 0.025030 0.001671
52.850000 191 13.820275 0.020786 0.001520
52.950000 204 14.282857 0.022200 0.001572
53.050000 191 13.820275 0.020786 0.001520
53.150000 213 14.594520 0.023180 0.001607
53.250000 187 13.674794 0.020350 0.001503
53.350000 212 14.560220 0.023071 0.001603
53.450000 208 14.422205 0.022636 0.001587
53.550000 200 14.142136 0.021765 0.001556
53.650000 223 14.933185 0.024268 0.001645
53.750000 181 13.453624 0.019697 0.001478
53.850000 187 13.674794 0.020350 0.001503
53.950000 220 14.832397 0.023942 0.001633
54.050000 198 14.071247 0.021548 0.001548
54.150000 202 14.212670 0.021983 0.001564
54.250000 190 13.784049 0.020677 0.001515
54.350000 213 14.594520 0.023180 0.001607
54.450000 203 14.247807 0.022092 0.001568
54.550000 186 13.638182 0.020242 0.001499
54.650000 184 13.564660 0.020024 0.001491
54.750000 190 13.784049 0.020677 0.001515
54.850000 204 14.282857 0.022200 0.001572
54.950000 190 13.784049 0.020677 0.001515
55.050000 200 14.142136 0.021765 0.001556
55.150000 170 13.038405 0.018500 0.001432
55.250000 196 14.000000 0.021330 0.001540
55.350000 171 13.076697 0.018609 0.001436
55.450000 174 13.190906 0.018936 0.001449
55.550000 186 13.638182 0.020242 0.001499
55.650000 168 12.961481 0.018283 0.001423
55.750000 186 13.638182 0.020242 0.001499
55.850000 179 13.379088 0.019480 0.001470
55.950000 204 14.282857 0.022200 0.001572
56.050000 176 13.266499 0.019153 0.001457
56.150000 216 14.696938 0.023506 0.001618
56.250000 197 14.035669 0.021439 0.001544
56.350000 191 13.820275 0.020786 0.001520
56.450000 175 13.228757 0.019045 0.001453
56.550000 196 14.000000 0.021330 0.001540
56.650000 193 13.892444 0.021003 0.001528
56.750000 174 13.190906 0.018936 0.001449
56.850000 197 14.035669 0.021439 0.001544
56.950000 191 13.820275 0.020786 0.001520
57.050000 160 12.649111 0.017412 0.001388
57.150000 192 13.856406 0.020895 0.001524
57.250000 165 12.845233 0.017956 0.001410
57.350000 189 13.747727 0.020568 0.001511
57.450000 197 14.035669 0.021439 0.001544
57.550000 188 13.711309 0.020459 0.001507
57.650000 169 13.000000 0.018392 0.001428
57.750000 180 13.416408 0.019589 0.001474
57.850000 174 13.190906 0.018936 0.001449
57.950000 155 12.449900 0.016868 0.001366
58.050000 187 13.674794 0.020350 0.001503
58.150000 156 12.489996 0.016977 0.001371
58.250000 174 13.190906 0.018936 0.001449
58.350000 200 14.142136 0.021765 0.001556
58.450000 180 13.416408 0.019589 0.001474
58.550000 164 12.806248 0.017847 0.001406
58.650000 180 13.416408 0.019589 0.001474
58.750000 169 13.000000 0.018392 0.001428
58.850000 172 13.114877 0.018718 0.001441
58.950000 184 13.564660 0.020024 0.001491
59.050000 162 12.727922 0.017630 0.001397
59.150000 167 12.922848 0.018174 0.001419
59.250000 163 12.767145 0.017739 0.001402
59.350000 171 13.076697 0.018609 0.001436
59.450000 184 13.564660 0.020024 0.001491
59.550000 181 13.453624 0.019697 0.001478
59.650000 172 13.114877 0.018718 0.001441
59.750000 154 12.409674 0.016759 0.001362
59.850000 148 12.165525 0.016106 0.001335
59.950000 136 11.661904 0.014800 0.001278
60.050000 182 13.490738 0.019806 0.001483
60.150000 169 13.000000 0.018392 0.001428
60.250000 168 12.961481 0.018283 0.001423
60.350000 162 12.727922 0.017630 0.001397
60.450000 160 12.649111 0.017412 0.001388
60.550000 191 13.820275 0.020786 0.001520
60.650000 177 13.304135 0.019262 0.001462
60.750000 166 12.884099 0.018065 0.001415
60.850000 175 13.228757 0.019045 0.001453
60.950000 176 13.266499 0.019153 0.001457
61.050000 187 13.674794 0.020350 0.001503
61.150000 171 13.076697 0.018609 0.001436
61.250000 146 12.083046 0.015889 0.001325
61.350000 171 13.076697 0.018609 0.001436
61.450000 164 12.806248 0.017847 0.001406
61.550000 174 13.190906 0.018936 0.001449
61.650000 170 13.038405 0.018500 0.001432
61.750000 161 12.688578 0.017521 0.001393
61.850000 153 12.369317 0.016650 0.001357
61.950000 162 12.727922 0.017630 0.001397
62.050000 175 13.228757 0.019045 0.001453
62.150000 172 13.114877 0.018718 0.001441
62.250000 179 13.379088 0.019480 0.001470
62.350000 161 12.688578 0.017521 0.001393
62.450000 151 12.288206 0.016433 0.001348
62.550000 153 12.369317 0.016650 0.001357
62.650000 171 13.076697 0.018609 0.001436
62.750000 143 11.958261 0.015562 0.001311
62.850000 166 12.884099 0.018065 0.001415
62.950000 166 12.884099 0.018065 0.001415
63.050000 160 12.649111 0.017412 0.001388
63.150000 168 12.961481 0.018283 0.001423
63.250000 136 11.661904 0.014800 0.001278
63.350000 156 12.489996 0.016977 0.001371
63.450000 161 12.688578 0.017521 0.001393
63.550000 162 12.727922 0.017630 0.001397
63.650000 162 12.727922 0.017630 0.001397
63.750000 171 13.076697 0.018609 0.001436
63.850000 176 13.266499 0.019153 0.001457
63.950000 167 12.922848 0.018174 0.001419
64.050000 141 11.874342 0.015344 0.001302
64.150000 140 11.832160 0.015236 0.001297
64.250000 166 12.884099 0.018065 0.001415
64.350000 158 12.569805 0.017194 0.001380
64.450000 190 13.784049 0.020677 0.001515
64.550000 167 12.922848 0.018174 0.001419
64.650000 169 13.000000 0.018392 0.001428
64.750000 168 12.961481 0.018283 0.001423
64.850000 138 11.747340 0.015018 0.001288
64.950000 144 12.000000 0.015671 0.001316
65.050000 168 12.961481 0.018283 0.001423
65.150000 160 12.649111 0.017412 0.001388
65.250000 170 13.038405 0.018500 0.001432
65.350000 168 12.961481 0.018283 0.001423
65.450000 170 13.038405 0.018500 0.001432
65.550000 151 12.288206 0.016433 0.001348
65.650000 140 11.832160 0.015236 0.001297
65.750000 151 12.288206 0.016433 0.001348
65.850000 152 12.328828 0.016542 0.001353
65.950000 128 11.313708 0.013930 0.001240
66.050000 148 12.165525 0.016106 0.001335
66.150000 157 12.529964 0.017086 0.001375
66.250000 156 12.489996 0.016977 0.001371
66.350000 146 12.083046 0.015889 0.001325
66.450000 137 11.704700 0.014909 0.001283
66.550000 116 10.770330 0.012624 0.001179
66.650000 160 12.649111 0.017412 0.001388
66.750000 157 12.529964 0.017086 0.001375
66.850000 173 13.152946 0.018827 0.001445
66.950000 156 12.489996 0.016977 0.001371
67.050000 152 12.328828 0.016542 0.001353
67.150000 136 11.661904 0.014800 0.001278
67.250000 136 11.661904 0.014800 0.001278
67.350000 118 10.862780 0.012841 0.001190
67.450000 141 11.874342 0.015344 0.001302
67.550000 127 11.269428 0.013821 0.001235
67.650000 119 10.908712 0.012950 0.001195
67.750000 121 11.000000 0.013168 0.001205
67.850000 127 11.269428 0.013821 0.001235
67.950000 120 10.954451 0.013059 0.001200
68.050000 127 11.269428 0.013821 0.001235
68.150000 147 12.124356 0.015997 0.001330
68.250000 146 12.083046 0.015889 0.001325
68.350000 126 11.224972 0.013712 0.001230
68.450000 118 10.862780 0.012841 0.001190
68.550000 109 10.440307 0.011862 0.001143
68.650000 118 10.862780 0.012841 0.001190
68.750000 110 10.488088 0.011971 0.001148
68.850000 121 11.000000 0.013168 0.001205
68.950000 128 11.313708 0.013930 0.001240
69.050000 117 10.816654 0.012733 0.001185
69.150000 112 10.583005 0.012188 0.001159
69.250000 126 11.224972 0.013712 0.001230
69.350000 122 11.045361 0.013277 0.001210
69.450000 99 9.949874 0.010774 0.001089
69.550000 114 10.677078 0.012406 0.001169
69.650000 101 10.049876 0.010991 0.001100
69.750000 126 11.224972 0.013712 0.001230
69.850000 119 10.908712 0.012950 0.001195
69.950000 124 11.135529 0.013494 0.001220
70.050000 117 10.816654 0.012733 0.001185
70.150000 116 10.770330 0.012624 0.001179
70.250000 103 10.148892 0.011209 0.001111
70.350000 129 11.357817 0.014039 0.001245
70.450000 99 9.949874 0.010774 0.001089
70.550000 97 9.848858 0.010556 0.001077
70.650000 108 10.392305 0.011753 0.001138
70.750000 95 9.746794 0.010338 0.001066
70.850000 96 9.797959 0.010447 0.001072
70.950000 93 9.643651 0.010121 0.001055
71.050000 99 9.949874 0.010774 0.001089
71.150000 105 10.246951 0.011427 0.001121
71.250000 99 9.949874 0.010774 0.001089
71.350000 116 10.770330 0.012624 0.001179
71.450000 80 8.944272 0.008706 0.000978
71.550000 109 10.440307 0.011862 0.001143
71.650000 111 10.535654 0.012080 0.001153
71.750000 100 10.000000 0.010883 0.001094
71.850000 98 9.899495 0.010665 0.001083
71.950000 127 11.269428 0.013821 0.001235
72.050000 119 10.908712 0.012950 0.001195
72.150000 108 10.392305 0.011753 0.001138
72.250000 108 10.392305 0.011753 0.001138
72.350000 119 10.908712 0.012950 0.001195
72.450000 105 10.246951 0.011427 0.001121
72.550000 107 10.344080 0.011644 0.001132
72.650000 92 9.591663 0.010012 0.001049
72.750000 103 10.148892 0.011209 0.001111
72.850000 80 8.944272 0.008706 0.000978
72.950000 80 8.944272 0.008706 0.000978
73.050000 99 9.949874 0.010774 0.001089
73.150000 81 9.000000 0.008815 0.000984
73.250000 99 9.949874 0.010774 0.001089
73.350000 101 10.049876 0.010991 0.001100
73.450000 94 9.695360 0.010230 0.001060
73.550000 96 9.797959 0.010447 0.001072
73.650000 91 9.539392 0.009903 0.001043
73.750000 102 10.099505 0.011100 0.001105
73.850000 95 9.746794 0.010338 0.001066
73.950000 95 9.746794 0.010338 0.001066
74.050000 84 9.165151 0.009141 0.001002
74.150000 89 9.433981 0.009685 0.001032
74.250000 92 9.591663 0.010012 0.001049
74.350000 128 11.313708 0.013930 0.001240
74.450000 76 8.717798 0.008271 0.000953
74.550000 89 9.433981 0.009685 0.001032
74.650000 79 8.888194 0.008597 0.000971
74.750000 94 9.695360 0.010230 0.001060
74.850000 74 8.602325 0.008053 0.000940
74.950000 109 10.440307 0.011862 0.001143
75.050000 112 10.583005 0.012188 0.001159
75.150000 81 9.000000 0.008815 0.000984
75.250000 85 9.219544 0.009250 0.001008
75.350000 101 10.049876 0.010991 0.001100
75.450000 107 10.344080 0.011644 0.001132
75.550000 108 10.392305 0.011753 0.001138
75.650000 100 10.000000 0.010883 0.001094
75.750000 84 9.165151 0.009141 0.001002
75.850000 97 9.848858 0.010556 0.001077
75.950000 84 9.165151 0.009141 0.001002
76.050000 95 9.746794 0.010338 0.001066
76.150000 103 10.148892 0.011209 0.001111
76.250000 101 10.049876 0.010991 0.001100
76.350000 101 10.049876 0.010991 0.001100
76.450000 113 10.630146 0.012297 0.001164
76.550000 110 10.488088 0.011971 0.001148
76.650000 104 10.198039 0.011318 0.001116
76.750000 97 9.848858 0.010556 0.001077
76.850000 95 9.746794 0.010338 0.001066
76.950000 125 11.180340 0.013603 0.001225
77.050000 98 9.899495 0.010665 0.001083
77.150000 102 10.099505 0.011100 0.001105
77.250000 98 9.899495 0.010665 0.001083
77.350000 91 9.539392 0.009903 0.001043
77.450000 103 10.148892 0.011209 0.001111
77.550000 121 11.000000 0.013168 0.001205
77.650000 108 10.392305 0.011753 0.001138
77.750000 131 11.445523 0.014256 0.001254
77.850000 108 10.392305 0.011753 0.001138
77.950000 108 10.392305 0.011753 0.001138
78.050000 115 10.723805 0.012515 0.001174
78.150000 118 10.862780 0.012841 0.001190
78.250000 122 11.045361 0.013277 0.001210
78.350000 136 11.661904 0.014800 0.001278
78.450000 112 10.583005 0.012188 0.001159
78.550000 140 11.832160 0.015236 0.001297
78.650000 93 9.643651 0.010121 0.001055
78.750000 122 11.045361 0.013277 0.001210
78.850000 92 9.591663 0.010012 0.001049
78.950000 111 10.535654 0.012080 0.001153
79.050000 107 10.344080 0.011644 0.001132
79.150000 134 11.575837 0.014583 0.001269
79.250000 123 11.090537 0.013386 0.001215
79.350000 126 11.224972 0.013712 0.001230
79.450000 91 9.539392 0.009903 0.001043
79.550000 117 10.816654 0.012733 0.001185
79.650000 132 11.489125 0.014365 0.001259
79.750000 107 10.344080 0.011644 0.001132
79.850000 107 10.344080 0.011644 0.001132
79.950000 90 9.486833 0.009794 0.001037
80.050000 92 9.591663 0.010012 0.001049
80.150000 97 9.848858 0.010556 0.001077
80.250000 120 10.954451 0.013059 0.001200
80.350000 98 9.899495 0.010665 0.001083
80.450000 103 10.148892 0.011209 0.001111
80.550000 113 10.630146 0.012297 0.001164
80.650000 110 10.488088 0.011971 0.001148
80.750000 90 9.486833 0.009794 0.001037
80.850000 109 10.440307 0.011862 0.001143
80.950000 87 9.327379 0.009468 0.001020
81.050000 86 9.273618 0.009359 0.001014
81.150000 80 8.944272 0.008706 0.000978
81.250000 81 9.000000 0.008815 0.000984
81.350000 97 9.848858 0.010556 0.001077
81.450000 88 9.380832 0.009577 0.001026
81.550000 98 9.899495 0.010665 0.001083
81.650000 102 10.099505 0.011100 0.001105
81.750000 89 9.433981 0.009685 0.001032
81.850000 72 8.485281 0.007835 0.000927
81.950000 92 9.591663 0.010012 0.001049
82.050000 85 9.219544 0.009250 0.001008
82.150000 75 8.660254 0.008162 0.000946
82.250000 75 8.660254 0.008162 0.000946
82.350000 71 8.426150 0.007727 0.000921
82.450000 83 9.110434 0.009033 0.000996
82.550000 85 9.219544 0.009250 0.001008
82.650000 71 8.426150 0.007727 0.000921
82.750000 69 8.306624 0.007509 0.000907
82.850000 65 8.062258 0.007074 0.000880
82.950000 70 8.366600 0.007618 0.000914
83.050000 81 9.000000 0.008815 0.000984
83.150000 55 7.416198 0.005985 0.000809
83.250000 50 7.071068 0.005441 0.000772
83.350000 54 7.348469 0.005877 0.000802
83.450000 67 8.185353 0.007291 0.000894
83.550000 76 8.717798 0.008271 0.000953
83.650000 68 8.246211 0.007400 0.000901
83.750000 61 7.810250 0.006638 0.000853
83.850000 65 8.062258 0.007074 0.000880
83.950000 55 7.416198 0.005985 0.000809
84.050000 73 8.544004 0.007944 0.000933
84.150000 73 8.544004 0.007944 0.000933
84.250000 64 8.000000 0.006965 0.000874
84.350000 52 7.211103 0.005659 0.000787
84.450000 48 6.928203 0.005224 0.000756
84.550000 73 8.544004 0.007944 0.000933
84.650000 64 8.000000 0.006965 0.000874
84.750000 57 7.549834 0.006203 0.000824
84.850000 56 7.483315 0.006094 0.000817
84.950000 46 6.782330 0.005006 0.000740
85.050000 67 8.185353 0.007291 0.000894
85.150000 61 7.810250 0.006638 0.000853
85.250000 62 7.874008 0.006747 0.000860
85.350000 49 7.000000 0.005332 0.000764
85.450000 63 7.937254 0.006856 0.000867
85.550000 53 7.280110 0.005768 0.000795
85.650000 54 7.348469 0.005877 0.000802
85.750000 70 8.366600 0.007618 0.000914
85.850000 84 9.165151 0.009141 0.001002
85.950000 67 8.185353 0.007291 0.000894
86.050000 74 8.602325 0.008053 0.000940
86.150000 65 8.062258 0.007074 0.000880
86.250000 74 8.602325 0.008053 0.000940
86.350000 56 7.483315 0.006094 0.000817
86.450000 74 8.602325 0.008053 0.000940
86.550000 77 8.774964 0.008380 0.000959
86.650000 77 8.774964 0.008380 0.000959
86.750000 73 8.544004 0.007944 0.000933
86.850000 71 8.426150 0.007727 0.000921
86.950000 70 8.366600 0.007618 0.000914
87.050000 72 8.485281 0.007835 0.000927
87.150000 79 8.888194 0.008597 0.000971
87.250000 72 8.485281 0.007835 0.000927
87.350000 80 8.944272 0.008706 0.000978
87.450000 67 8.185353 0.007291 0.000894
87.550000 80 8.944272 0.008706 0.000978
87.650000 76 8.717798 0.008271 0.000953
87.750000 99 9.949874 0.010774 0.001089
87.850000 82 9.055385 0.008924 0.000990
87.950000 71 8.426150 0.007727 0.000921
88.050000 84 9.165151 0.009141 0.001002
88.150000 67 8.185353 0.007291 0.000894
88.250000 71 8.426150 0.007727 0.000921
88.350000 80 8.944272 0.008706 0.000978
88.450000 94 9.695360 0.010230 0.001060
88.550000 77 8.774964 0.008380 0.000959
88.650000 86 9.273618 0.009359 0.001014
88.750000 92 9.591663 0.010012 0.001049
88.850000 79 8.888194 0.008597 0.000971
88.950000 72 8.485281 0.007835 0.000927
89.050000 100 10.000000 0.010883 0.001094
89.150000 76 8.717798 0.008271 0.000953
89.250000 105 10.246951 0.011427 0.001121
89.350000 86 9.273618 0.009359 0.001014
89.450000 82 9.055385 0.008924 0.000990
89.550000 72 8.485281 0.007835 0.000927
89.650000 86 9.273618 0.009359 0.001014
89.750000 81 9.000000 0.008815 0.000984
89.850000 77 8.774964 0.008380 0.000959
89.950000 88 9.380832 0.009577 0.001026
90.050000 68 8.246211 0.007400 0.000901
90.150000 72 8.485281 0.007835 0.000927
90.250000 80 8.944272 0.008706 0.000978
90.350000 78 8.831761 0.008488 0.000965
90.450000 82 9.055385 0.008924 0.000990
90.550000 71 8.426150 0.007727 0.000921
90.650000 70 8.366600 0.007618 0.000914
90.750000 73 8.544004 0.007944 0.000933
90.850000 56 7.483315 0.006094 0.000817
90.950000 77 8.774964 0.008380 0.000959
91.050000 60 7.745967 0.006530 0.000846
91.150000 64 8.000000 0.006965 0.000874
91.250000 55 7.416198 0.005985 0.000809
91.350000 47 6.855655 0.005115 0.000748
91.450000 47 6.855655 0.005115 0.000748
91.550000 63 7.937254 0.006856 0.000867
91.650000 50 7.071068 0.005441 0.000772
91.750000 50 7.071068 0.005441 0.000772
91.850000 72 8.485281 0.007835 0.000927
91.950000 56 7.483315 0.006094 0.000817
92.050000 48 6.928203 0.005224 0.000756
92.150000 53 7.280110 0.005768 0.000795
92.250000 44 6.633250 0.004788 0.000724
92.350000 46 6.782330 0.005006 0.000740
92.450000 44 6.633250 0.004788 0.000724
92.550000 38 6.164414 0.004135 0.000672
92.650000 48 6.928203 0.005224 0.000756
92.750000 40 6.324555 0.004353 0.000690
92.850000 33 5.744563 0.003591 0.000626
92.950000 33 5.744563 0.003591 0.000626
93.050000 44 6.633250 0.004788 0.000724
93.150000 40 6.324555 0.004353 0.000690
93.250000 40 6.324555 0.004353 0.000690
93.350000 41 6.403124 0.004462 0.000698
93.450000 35 5.916080 0.003809 0.000645
93.550000 42 6.480741 0.004571 0.000707
93.650000 45 6.708204 0.004897 0.000732
93.750000 38 6.164414 0.004135 0.000672
93.850000 19 4.358899 0.002068 0.000475
93.950000 26 5.099020 0.002829 0.000556
94.050000 30 5.477226 0.003265 0.000597
94.150000 29 5.385165 0.003156 0.000587
94.250000 27 5.196152 0.002938 0.000566
94.350000 35 5.916080 0.003809 0.000645
94.450000 27 5.196152 0.002938 0.000566
94.550000 40 6.324555 0.004353 0.000690
94.650000 35 5.916080 0.003809 0.000645
94.750000 25 5.000000 0.002721 0.000545
94.850000 22 4.690416 0.002394 0.000511
94.950000 37 6.082763 0.004027 0.000663
95.050000 20 4.472136 0.002177 0.000487
95.150000 38 6.164414 0.004135 0.000672
95.250000 32 5.656854 0.003482 0.000617
95.350000 23 4.795832 0.002503 0.000523
95.450000 28 5.291503 0.003047 0.000577
95.550000 33 5.744563 0.003591 0.000626
95.650000 27 5.196152 0.002938 0.000566
95.750000 30 5.477226 0.003265 0.000597
95.850000 33 5.744563 0.003591 0.000626
95.950000 30 5.477226 0.003265 0.000597
96.050000 26 5.099020 0.002829 0.000556
96.150000 37 6.082763 0.004027 0.000663
96.250000 31 5.567764 0.003374 0.000607
96.350000 25 5.000000 0.002721 0.000545
96.450000 15 3.872983 0.001632 0.000422
96.550000 28 5.291503 0.003047 0.000577
96.650000 23 4.795832 0.002503 0.000523
96.750000 24 4.898979 0.002612 0.000534
96.850000 33 5.744563 0.003591 0.000626
96.950000 22 4.690416 0.002394 0.000511
97.050000 24 4.898979 0.002612 0.000534
97.150000 33 5.744563 0.003591 0.000626
97.250000 32 5.656854 0.003482 0.000617
97.350000 25 5.000000 0.002721 0.000545
97.450000 27 5.196152 0.002938 0.000566
97.550000 31 5.567764 0.003374 0.000607
97.650000 24 4.898979 0.002612 0.000534
97.750000 30 5.477226 0.003265 0.000597
97.850000 18 4.242641 0.001959 0.000462
97.950000 27 5.196152 0.002938 0.000566
98.050000 17 4.123106 0.001850 0.000449
98.150000 32 5.656854 0.003482 0.000617
98.250000 12 3.464102 0.001306 0.000377
98.350000 28 5.291503 0.003047 0.000577
98.450000 23 4.795832 0.002503 0.000523
98.550000 29 5.385165 0.003156 0.000587
98.650000 31 5.567764 0.003374 0.000607
98.750000 26 5.099020 0.002829 0.000556
98.850000 25 5.000000 0.002721 0.000545
98.950000 20 4.472136 0.002177 0.000487
99.050000 23 4.795832 0.002503 0.000523
99.150000 35 5.916080 0.003809 0.000645
99.250000 24 4.898979 0.002612 0.000534
99.350000 15 3.872983 0.001632 0.000422
99.450000 26 5.099020 0.002829 0.000556
99.550000 18 4.242641 0.001959 0.000462
99.650000 27 5.196152 0.002938 0.000566
99.750000 31 5.567764 0.003374 0.000607
99.850000 22 4.690416 0.002394 0.000511
99.950000 25 5.000000 0.002721 0.000545
