# name, dx, fmax, fmax_err, norm_value, norm_vale_err
# bkgd 0.1 280 16.73320053068151 9189 95.85927185202274
# bin_center, freq, freq_err, norm_freq, norm_freq_err
0.050000 0 0.000000 0.000000 0.000000
0.150000 0 0.000000 0.000000 0.000000
0.250000 0 0.000000 0.000000 0.000000
0.350000 0 0.000000 0.000000 0.000000
0.450000 0 0.000000 0.000000 0.000000
0.550000 0 0.000000 0.000000 0.000000
0.650000 0 0.000000 0.000000 0.000000
0.750000 0 0.000000 0.000000 0.000000
0.850000 2 1.414214 0.000218 0.000154
0.950000 3 1.732051 0.000326 0.000189
1.050000 11 3.316625 0.001197 0.000361
1.150000 20 4.472136 0.002177 0.000487
1.250000 11 3.316625 0.001197 0.000361
1.350000 19 4.358899 0.002068 0.000475
1.450000 11 3.316625 0.001197 0.000361
1.550000 16 4.000000 0.001741 0.000436
1.650000 18 4.242641 0.001959 0.000462
1.750000 20 4.472136 0.002177 0.000487
1.850000 16 4.000000 0.001741 0.000436
1.950000 23 4.795832 0.002503 0.000523
2.050000 16 4.000000 0.001741 0.000436
2.150000 16 4.000000 0.001741 0.000436
2.250000 20 4.472136 0.002177 0.000487
2.350000 16 4.000000 0.001741 0.000436
2.450000 21 4.582576 0.002285 0.000499
2.550000 19 4.358899 0.002068 0.000475
2.650000 15 3.872983 0.001632 0.000422
2.750000 15 3.872983 0.001632 0.000422
2.850000 14 3.741657 0.001524 0.000407
2.950000 17 4.123106 0.001850 0.000449
3.050000 20 4.472136 0.002177 0.000487
3.150000 27 5.196152 0.002938 0.000566
3.250000 20 4.472136 0.002177 0.000487
3.350000 24 4.898979 0.002612 0.000534
3.450000 19 4.358899 0.002068 0.000475
3.550000 18 4.242641 0.001959 0.000462
3.650000 20 4.472136 0.002177 0.000487
3.750000 29 5.385165 0.003156 0.000587
3.850000 25 5.000000 0.002721 0.000545
3.950000 26 5.099020 0.002829 0.000556
4.050000 36 6.000000 0.003918 0.000654
4.150000 27 5.196152 0.002938 0.000566
4.250000 25 5.000000 0.002721 0.000545
4.350000 29 5.385165 0.003156 0.000587
4.450000 38 6.164414 0.004135 0.000672
4.550000 29 5.385165 0.003156 0.000587
4.650000 30 5.477226 0.003265 0.000597
4.750000 45 6.708204 0.004897 0.000732
4.850000 40 6.324555 0.004353 0.000690
4.950000 33 5.744563 0.003591 0.000626
5.050000 38 6.164414 0.004135 0.000672
5.150000 35 5.916080 0.003809 0.000645
5.250000 49 7.000000 0.005332 0.000764
5.350000 58 7.615773 0.006312 0.000831
5.450000 63 7.937254 0.006856 0.000867
5.550000 73 8.544004 0.007944 0.000933
5.650000 76 8.717798 0.008271 0.000953
5.750000 71 8.426150 0.007727 0.000921
5.850000 78 8.831761 0.008488 0.000965
5.950000 76 8.717798 0.008271 0.000953
6.050000 78 8.831761 0.008488 0.000965
6.150000 104 10.198039 0.011318 0.001116
6.250000 98 9.899495 0.010665 0.001083
6.350000 107 10.344080 0.011644 0.001132
6.450000 100 10.000000 0.010883 0.001094
6.550000 106 10.295630 0.011536 0.001127
6.650000 94 9.695360 0.010230 0.001060
6.750000 113 10.630146 0.012297 0.001164
6.850000 91 9.539392 0.009903 0.001043
6.950000 112 10.583005 0.012188 0.001159
7.050000 112 10.583005 0.012188 0.001159
7.150000 116 10.770330 0.012624 0.001179
7.250000 108 10.392305 0.011753 0.001138
7.350000 104 10.198039 0.011318 0.001116
7.450000 136 11.661904 0.014800 0.001278
7.550000 123 11.090537 0.013386 0.001215
7.650000 125 11.180340 0.013603 0.001225
7.750000 119 10.908712 0.012950 0.001195
7.850000 120 10.954451 0.013059 0.001200
7.950000 127 11.269428 0.013821 0.001235
8.050000 110 10.488088 0.011971 0.001148
8.150000 118 10.862780 0.012841 0.001190
8.250000 102 10.099505 0.011100 0.001105
8.350000 118 10.862780 0.012841 0.001190
8.450000 124 11.135529 0.013494 0.001220
8.550000 139 11.789826 0.015127 0.001293
8.650000 147 12.124356 0.015997 0.001330
8.750000 164 12.806248 0.017847 0.001406
8.850000 117 10.816654 0.012733 0.001185
8.950000 126 11.224972 0.013712 0.001230
9.050000 114 10.677078 0.012406 0.001169
9.150000 138 11.747340 0.015018 0.001288
9.250000 126 11.224972 0.013712 0.001230
9.350000 117 10.816654 0.012733 0.001185
9.450000 107 10.344080 0.011644 0.001132
9.550000 143 11.958261 0.015562 0.001311
9.650000 137 11.704700 0.014909 0.001283
9.750000 130 11.401754 0.014147 0.001250
9.850000 113 10.630146 0.012297 0.001164
9.950000 137 11.704700 0.014909 0.001283
10.050000 134 11.575837 0.014583 0.001269
10.150000 133 11.532563 0.014474 0.001264
10.250000 120 10.954451 0.013059 0.001200
10.350000 110 10.488088 0.011971 0.001148
10.450000 126 11.224972 0.013712 0.001230
10.550000 122 11.045361 0.013277 0.001210
10.650000 140 11.832160 0.015236 0.001297
10.750000 128 11.313708 0.013930 0.001240
10.850000 110 10.488088 0.011971 0.001148
10.950000 139 11.789826 0.015127 0.001293
11.050000 129 11.357817 0.014039 0.001245
11.150000 121 11.000000 0.013168 0.001205
11.250000 101 10.049876 0.010991 0.001100
11.350000 123 11.090537 0.013386 0.001215
11.450000 115 10.723805 0.012515 0.001174
11.550000 105 10.246951 0.011427 0.001121
11.650000 139 11.789826 0.015127 0.001293
11.750000 139 11.789826 0.015127 0.001293
11.850000 136 11.661904 0.014800 0.001278
11.950000 122 11.045361 0.013277 0.001210
12.050000 134 11.575837 0.014583 0.001269
12.150000 156 12.489996 0.016977 0.001371
12.250000 121 11.000000 0.013168 0.001205
12.350000 121 11.000000 0.013168 0.001205
12.450000 119 10.908712 0.012950 0.001195
12.550000 114 10.677078 0.012406 0.001169
12.650000 137 11.704700 0.014909 0.001283
12.750000 130 11.401754 0.014147 0.001250
12.850000 129 11.357817 0.014039 0.001245
12.950000 114 10.677078 0.012406 0.001169
13.050000 123 11.090537 0.013386 0.001215
13.150000 135 11.618950 0.014691 0.001274
13.250000 138 11.747340 0.015018 0.001288
13.350000 104 10.198039 0.011318 0.001116
13.450000 129 11.357817 0.014039 0.001245
13.550000 112 10.583005 0.012188 0.001159
13.650000 130 11.401754 0.014147 0.001250
13.750000 135 11.618950 0.014691 0.001274
13.850000 117 10.816654 0.012733 0.001185
13.950000 129 11.357817 0.014039 0.001245
14.050000 126 11.224972 0.013712 0.001230
14.150000 125 11.180340 0.013603 0.001225
14.250000 137 11.704700 0.014909 0.001283
14.350000 121 11.000000 0.013168 0.001205
14.450000 138 11.747340 0.015018 0.001288
14.550000 112 10.583005 0.012188 0.001159
14.650000 130 11.401754 0.014147 0.001250
14.750000 118 10.862780 0.012841 0.001190
14.850000 119 10.908712 0.012950 0.001195
14.950000 133 11.532563 0.014474 0.001264
15.050000 104 10.198039 0.011318 0.001116
15.150000 122 11.045361 0.013277 0.001210
15.250000 127 11.269428 0.013821 0.001235
15.350000 121 11.000000 0.013168 0.001205
15.450000 120 10.954451 0.013059 0.001200
15.550000 132 11.489125 0.014365 0.001259
15.650000 120 10.954451 0.013059 0.001200
15.750000 140 11.832160 0.015236 0.001297
15.850000 129 11.357817 0.014039 0.001245
15.950000 125 11.180340 0.013603 0.001225
16.050000 123 11.090537 0.013386 0.001215
16.150000 135 11.618950 0.014691 0.001274
16.250000 123 11.090537 0.013386 0.001215
16.350000 142 11.916375 0.015453 0.001307
16.450000 149 12.206556 0.016215 0.001339
16.550000 121 11.000000 0.013168 0.001205
16.650000 129 11.357817 0.014039 0.001245
16.750000 151 12.288206 0.016433 0.001348
16.850000 146 12.083046 0.015889 0.001325
16.950000 136 11.661904 0.014800 0.001278
17.050000 143 11.958261 0.015562 0.001311
17.150000 137 11.704700 0.014909 0.001283
17.250000 123 11.090537 0.013386 0.001215
17.350000 149 12.206556 0.016215 0.001339
17.450000 140 11.832160 0.015236 0.001297
17.550000 115 10.723805 0.012515 0.001174
17.650000 124 11.135529 0.013494 0.001220
17.750000 134 11.575837 0.014583 0.001269
17.850000 122 11.045361 0.013277 0.001210
17.950000 137 11.704700 0.014909 0.001283
18.050000 136 11.661904 0.014800 0.001278
18.150000 122 11.045361 0.013277 0.001210
18.250000 130 11.401754 0.014147 0.001250
18.350000 143 11.958261 0.015562 0.001311
18.450000 143 11.958261 0.015562 0.001311
18.550000 152 12.328828 0.016542 0.001353
18.650000 138 11.747340 0.015018 0.001288
18.750000 146 12.083046 0.015889 0.001325
18.850000 140 11.832160 0.015236 0.001297
18.950000 168 12.961481 0.018283 0.001423
19.050000 151 12.288206 0.016433 0.001348
19.150000 129 11.357817 0.014039 0.001245
19.250000 140 11.832160 0.015236 0.001297
19.350000 153 12.369317 0.016650 0.001357
19.450000 151 12.288206 0.016433 0.001348
19.550000 158 12.569805 0.017194 0.001380
19.650000 180 13.416408 0.019589 0.001474
19.750000 159 12.609520 0.017303 0.001384
19.850000 178 13.341664 0.019371 0.001466
19.950000 153 12.369317 0.016650 0.001357
20.050000 156 12.489996 0.016977 0.001371
20.150000 175 13.228757 0.019045 0.001453
20.250000 157 12.529964 0.017086 0.001375
20.350000 159 12.609520 0.017303 0.001384
20.450000 184 13.564660 0.020024 0.001491
20.550000 171 13.076697 0.018609 0.001436
20.650000 170 13.038405 0.018500 0.001432
20.750000 192 13.856406 0.020895 0.001524
20.850000 189 13.747727 0.020568 0.001511
20.950000 188 13.711309 0.020459 0.001507
21.050000 177 13.304135 0.019262 0.001462
21.150000 235 15.329710 0.025574 0.001689
21.250000 197 14.035669 0.021439 0.001544
21.350000 233 15.264338 0.025356 0.001682
21.450000 213 14.594520 0.023180 0.001607
21.550000 200 14.142136 0.021765 0.001556
21.650000 211 14.525839 0.022962 0.001599
21.750000 204 14.282857 0.022200 0.001572
21.850000 199 14.106736 0.021656 0.001552
21.950000 207 14.387495 0.022527 0.001583
22.050000 203 14.247807 0.022092 0.001568
22.150000 194 13.928388 0.021112 0.001532
22.250000 242 15.556349 0.026336 0.001715
22.350000 208 14.422205 0.022636 0.001587
22.450000 233 15.264338 0.025356 0.001682
22.550000 221 14.866069 0.024050 0.001637
22.650000 226 15.033296 0.024595 0.001656
22.750000 216 14.696938 0.023506 0.001618
22.850000 221 14.866069 0.024050 0.001637
22.950000 232 15.231546 0.025248 0.001678
23.050000 223 14.933185 0.024268 0.001645
23.150000 198 14.071247 0.021548 0.001548
23.250000 208 14.422205 0.022636 0.001587
23.350000 211 14.525839 0.022962 0.001599
23.450000 220 14.832397 0.023942 0.001633
23.550000 233 15.264338 0.025356 0.001682
23.650000 228 15.099669 0.024812 0.001663
23.750000 233 15.264338 0.025356 0.001682
23.850000 244 15.620499 0.026553 0.001722
23.950000 216 14.696938 0.023506 0.001618
24.050000 195 13.964240 0.021221 0.001536
24.150000 220 14.832397 0.023942 0.001633
24.250000 223 14.933185 0.024268 0.001645
24.350000 213 14.594520 0.023180 0.001607
24.450000 183 13.527749 0.019915 0.001487
24.550000 231 15.198684 0.025139 0.001675
24.650000 211 14.525839 0.022962 0.001599
24.750000 214 14.628739 0.023289 0.001610
24.850000 226 15.033296 0.024595 0.001656
24.950000 227 15.066519 0.024703 0.001660
25.050000 207 14.387495 0.022527 0.001583
25.150000 236 15.362291 0.025683 0.001693
25.250000 221 14.866069 0.024050 0.001637
25.350000 236 15.362291 0.025683 0.001693
25.450000 179 13.379088 0.019480 0.001470
25.550000 232 15.231546 0.025248 0.001678
25.650000 226 15.033296 0.024595 0.001656
25.750000 236 15.362291 0.025683 0.001693
25.850000 228 15.099669 0.024812 0.001663
25.950000 224 14.966630 0.024377 0.001648
26.050000 241 15.524175 0.026227 0.001711
26.150000 225 15.000000 0.024486 0.001652
26.250000 222 14.899664 0.024159 0.001641
26.350000 208 14.422205 0.022636 0.001587
26.450000 207 14.387495 0.022527 0.001583
26.550000 231 15.198684 0.025139 0.001675
26.650000 217 14.730920 0.023615 0.001622
26.750000 232 15.231546 0.025248 0.001678
26.850000 220 14.832397 0.023942 0.001633
26.950000 242 15.556349 0.026336 0.001715
27.050000 212 14.560220 0.023071 0.001603
27.150000 251 15.842980 0.027315 0.001748
27.250000 233 15.264338 0.025356 0.001682
27.350000 233 15.264338 0.025356 0.001682
27.450000 241 15.524175 0.026227 0.001711
27.550000 235 15.329710 0.025574 0.001689
27.650000 247 15.716234 0.026880 0.001733
27.750000 236 15.362291 0.025683 0.001693
27.850000 227 15.066519 0.024703 0.001660
27.950000 247 15.716234 0.026880 0.001733
28.050000 229 15.132746 0.024921 0.001667
28.150000 239 15.459625 0.026009 0.001704
28.250000 241 15.524175 0.026227 0.001711
28.350000 260 16.124515 0.028295 0.001779
28.450000 219 14.798649 0.023833 0.001630
28.550000 253 15.905974 0.027533 0.001755
28.650000 251 15.842980 0.027315 0.001748
28.750000 221 14.866069 0.024050 0.001637
28.850000 256 16.000000 0.027859 0.001765
28.950000 238 15.427249 0.025901 0.001700
29.050000 233 15.264338 0.025356 0.001682
29.150000 253 15.905974 0.027533 0.001755
29.250000 238 15.427249 0.025901 0.001700
29.350000 238 15.427249 0.025901 0.001700
29.450000 242 15.556349 0.026336 0.001715
29.550000 262 16.186414 0.028512 0.001786
29.650000 238 15.427249 0.025901 0.001700
29.750000 245 15.652476 0.026662 0.001726
29.850000 249 15.779734 0.027098 0.001740
29.950000 266 16.309506 0.028948 0.001800
30.050000 265 16.278821 0.028839 0.001797
30.150000 211 14.525839 0.022962 0.001599
30.250000 266 16.309506 0.028948 0.001800
30.350000 236 15.362291 0.025683 0.001693
30.450000 240 15.491933 0.026118 0.001708
30.550000 248 15.748016 0.026989 0.001737
30.650000 261 16.155494 0.028404 0.001783
30.750000 225 15.000000 0.024486 0.001652
30.850000 250 15.811388 0.027206 0.001744
30.950000 277 16.643317 0.030145 0.001838
31.050000 280 16.733201 0.030471 0.001849
31.150000 235 15.329710 0.025574 0.001689
31.250000 252 15.874508 0.027424 0.001751
31.350000 228 15.099669 0.024812 0.001663
31.450000 226 15.033296 0.024595 0.001656
31.550000 248 15.748016 0.026989 0.001737
31.650000 246 15.684387 0.026771 0.001730
31.750000 244 15.620499 0.026553 0.001722
31.850000 237 15.394804 0.025792 0.001697
31.950000 266 16.309506 0.028948 0.001800
32.050000 235 15.329710 0.025574 0.001689
32.150000 259 16.093477 0.028186 0.001776
32.250000 234 15.297059 0.025465 0.001686
32.350000 244 15.620499 0.026553 0.001722
32.450000 251 15.842980 0.027315 0.001748
32.550000 224 14.966630 0.024377 0.001648
32.650000 250 15.811388 0.027206 0.001744
32.750000 218 14.764823 0.023724 0.001626
32.850000 265 16.278821 0.028839 0.001797
32.950000 239 15.459625 0.026009 0.001704
33.050000 216 14.696938 0.023506 0.001618
33.150000 227 15.066519 0.024703 0.001660
33.250000 236 15.362291 0.025683 0.001693
33.350000 234 15.297059 0.025465 0.001686
33.450000 252 15.874508 0.027424 0.001751
33.550000 238 15.427249 0.025901 0.001700
33.650000 233 15.264338 0.025356 0.001682
33.750000 243 15.588457 0.026445 0.001719
33.850000 251 15.842980 0.027315 0.001748
33.950000 252 15.874508 0.027424 0.001751
34.050000 227 15.066519 0.024703 0.001660
34.150000 224 14.966630 0.024377 0.001648
34.250000 226 15.033296 0.024595 0.001656
34.350000 220 14.832397 0.023942 0.001633
34.450000 234 15.297059 0.025465 0.001686
34.550000 262 16.186414 0.028512 0.001786
34.650000 213 14.594520 0.023180 0.001607
34.750000 202 14.212670 0.021983 0.001564
34.850000 205 14.317821 0.022309 0.001575
34.950000 218 14.764823 0.023724 0.001626
35.050000 236 15.362291 0.025683 0.001693
35.150000 223 14.933185 0.024268 0.001645
35.250000 243 15.588457 0.026445 0.001719
35.350000 226 15.033296 0.024595 0.001656
35.450000 212 14.560220 0.023071 0.001603
35.550000 240 15.491933 0.026118 0.001708
35.650000 231 15.198684 0.025139 0.001675
35.750000 227 15.066519 0.024703 0.001660
35.850000 249 15.779734 0.027098 0.001740
35.950000 243 15.588457 0.026445 0.001719
36.050000 246 15.684387 0.026771 0.001730
36.150000 225 15.000000 0.024486 0.001652
36.250000 226 15.033296 0.024595 0.001656
36.350000 204 14.282857 0.022200 0.001572
36.450000 206 14.352700 0.022418 0.001579
36.550000 216 14.696938 0.023506 0.001618
36.650000 237 15.394804 0.025792 0.001697
36.750000 226 15.033296 0.024595 0.001656
36.850000 229 15.132746 0.024921 0.001667
36.950000 239 15.459625 0.026009 0.001704
37.050000 240 15.491933 0.026118 0.001708
37.150000 220 14.832397 0.023942 0.001633
37.250000 230 15.165751 0.025030 0.001671
37.350000 203 14.247807 0.022092 0.001568
37.450000 197 14.035669 0.021439 0.001544
37.550000 209 14.456832 0.022745 0.001591
37.650000 208 14.422205 0.022636 0.001587
37.750000 230 15.165751 0.025030 0.001671
37.850000 208 14.422205 0.022636 0.001587
37.950000 227 15.066519 0.024703 0.001660
38.050000 181 13.453624 0.019697 0.001478
38.150000 207 14.387495 0.022527 0.001583
38.250000 229 15.132746 0.024921 0.001667
38.350000 193 13.892444 0.021003 0.001528
38.450000 216 14.696938 0.023506 0.001618
38.550000 217 14.730920 0.023615 0.001622
38.650000 185 13.601471 0.020133 0.001495
38.750000 190 13.784049 0.020677 0.001515
38.850000 192 13.856406 0.020895 0.001524
38.950000 184 13.564660 0.020024 0.001491
39.050000 230 15.165751 0.025030 0.001671
39.150000 235 15.329710 0.025574 0.001689
39.250000 187 13.674794 0.020350 0.001503
39.350000 218 14.764823 0.023724 0.001626
39.450000 178 13.341664 0.019371 0.001466
39.550000 194 13.928388 0.021112 0.001532
39.650000 197 14.035669 0.021439 0.001544
39.750000 223 14.933185 0.024268 0.001645
39.850000 210 14.491377 0.022853 0.001595
39.950000 219 14.798649 0.023833 0.001630
40.050000 212 14.560220 0.023071 0.001603
40.150000 204 14.282857 0.022200 0.001572
40.250000 198 14.071247 0.021548 0.001548
40.350000 204 14.282857 0.022200 0.001572
40.450000 213 14.594520 0.023180 0.001607
40.550000 179 13.379088 0.019480 0.001470
40.650000 219 14.798649 0.023833 0.001630
40.750000 198 14.071247 0.021548 0.001548
40.850000 195 13.964240 0.021221 0.001536
40.950000 203 14.247807 0.022092 0.001568
41.050000 216 14.696938 0.023506 0.001618
41.150000 195 13.964240 0.021221 0.001536
41.250000 195 13.964240 0.021221 0.001536
41.350000 205 14.317821 0.022309 0.001575
41.450000 212 14.560220 0.023071 0.001603
41.550000 185 13.601471 0.020133 0.001495
41.650000 193 13.892444 0.021003 0.001528
41.750000 217 14.730920 0.023615 0.001622
41.850000 208 14.422205 0.022636 0.001587
41.950000 208 14.422205 0.022636 0.001587
42.050000 188 13.711309 0.020459 0.001507
42.150000 195 13.964240 0.021221 0.001536
42.250000 216 14.696938 0.023506 0.001618
42.350000 237 15.394804 0.025792 0.001697
42.450000 222 14.899664 0.024159 0.001641
42.550000 190 13.784049 0.020677 0.001515
42.650000 199 14.106736 0.021656 0.001552
42.750000 197 14.035669 0.021439 0.001544
42.850000 206 14.352700 0.022418 0.001579
42.950000 204 14.282857 0.022200 0.001572
43.050000 237 15.394804 0.025792 0.001697
43.150000 226 15.033296 0.024595 0.001656
43.250000 213 14.594520 0.023180 0.001607
43.350000 197 14.035669 0.021439 0.001544
43.450000 209 14.456832 0.022745 0.001591
43.550000 215 14.662878 0.023398 0.001614
43.650000 225 15.000000 0.024486 0.001652
43.750000 208 14.422205 0.022636 0.001587
43.850000 208 14.422205 0.022636 0.001587
43.950000 211 14.525839 0.022962 0.001599
44.050000 210 14.491377 0.022853 0.001595
44.150000 189 13.747727 0.020568 0.001511
44.250000 202 14.212670 0.021983 0.001564
44.350000 198 14.071247 0.021548 0.001548
44.450000 203 14.247807 0.022092 0.001568
44.550000 197 14.035669 0.021439 0.001544
44.650000 222 14.899664 0.024159 0.001641
44.750000 191 13.820275 0.020786 0.001520
44.850000 191 13.820275 0.020786 0.001520
44.950000 197 14.035669 0.021439 0.001544
45.050000 209 14.456832 0.022745 0.001591
45.150000 181 13.453624 0.019697 0.001478
45.250000 199 14.106736 0.021656 0.001552
45.350000 176 13.266499 0.019153 0.001457
45.450000 203 14.247807 0.022092 0.001568
45.550000 190 13.784049 0.020677 0.001515
45.650000 170 13.038405 0.018500 0.001432
45.750000 191 13.820275 0.020786 0.001520
45.850000 192 13.856406 0.020895 0.001524
45.950000 180 13.416408 0.019589 0.001474
46.050000 181 13.453624 0.019697 0.001478
46.150000 210 14.491377 0.022853 0.001595
46.250000 177 13.304135 0.019262 0.001462
46.350000 181 13.453624 0.019697 0.001478
46.450000 204 14.282857 0.022200 0.001572
46.550000 184 13.564660 0.020024 0.001491
46.650000 195 13.964240 0.021221 0.001536
46.750000 173 13.152946 0.018827 0.001445
46.850000 184 13.564660 0.020024 0.001491
46.950000 170 13.038405 0.018500 0.001432
47.050000 200 14.142136 0.021765 0.001556
47.150000 165 12.845233 0.017956 0.001410
47.250000 185 13.601471 0.020133 0.001495
47.350000 182 13.490738 0.019806 0.001483
47.450000 161 12.688578 0.017521 0.001393
47.550000 198 14.071247 0.021548 0.001548
47.650000 151 12.288206 0.016433 0.001348
47.750000 148 12.165525 0.016106 0.001335
47.850000 187 13.674794 0.020350 0.001503
47.950000 170 13.038405 0.018500 0.001432
48.050000 181 13.453624 0.019697 0.001478
48.150000 170 13.038405 0.018500 0.001432
48.250000 194 13.928388 0.021112 0.001532
48.350000 177 13.304135 0.019262 0.001462
48.450000 143 11.958261 0.015562 0.001311
48.550000 173 13.152946 0.018827 0.001445
48.650000 152 12.328828 0.016542 0.001353
48.750000 179 13.379088 0.019480 0.001470
48.850000 139 11.789826 0.015127 0.001293
48.950000 149 12.206556 0.016215 0.001339
49.050000 152 12.328828 0.016542 0.001353
49.150000 148 12.165525 0.016106 0.001335
49.250000 146 12.083046 0.015889 0.001325
49.350000 188 13.711309 0.020459 0.001507
49.450000 166 12.884099 0.018065 0.001415
49.550000 152 12.328828 0.016542 0.001353
49.650000 155 12.449900 0.016868 0.001366
49.750000 146 12.083046 0.015889 0.001325
49.850000 165 12.845233 0.017956 0.001410
49.950000 156 12.489996 0.016977 0.001371
50.050000 170 13.038405 0.018500 0.001432
50.150000 174 13.190906 0.018936 0.001449
50.250000 148 12.165525 0.016106 0.001335
50.350000 121 11.000000 0.013168 0.001205
50.450000 148 12.165525 0.016106 0.001335
50.550000 147 12.124356 0.015997 0.001330
50.650000 165 12.845233 0.017956 0.001410
50.750000 140 11.832160 0.015236 0.001297
50.850000 153 12.369317 0.016650 0.001357
50.950000 132 11.489125 0.014365 0.001259
51.050000 141 11.874342 0.015344 0.001302
51.150000 182 13.490738 0.019806 0.001483
51.250000 165 12.845233 0.017956 0.001410
51.350000 135 11.618950 0.014691 0.001274
51.450000 147 12.124356 0.015997 0.001330
51.550000 135 11.618950 0.014691 0.001274
51.650000 129 11.357817 0.014039 0.001245
51.750000 150 12.247449 0.016324 0.001344
51.850000 146 12.083046 0.015889 0.001325
51.950000 129 11.357817 0.014039 0.001245
52.050000 144 12.000000 0.015671 0.001316
52.150000 162 12.727922 0.017630 0.001397
52.250000 158 12.569805 0.017194 0.001380
52.350000 120 10.954451 0.013059 0.001200
52.450000 135 11.618950 0.014691 0.001274
52.550000 129 11.357817 0.014039 0.001245
52.650000 129 11.357817 0.014039 0.001245
52.750000 113 10.630146 0.012297 0.001164
52.850000 130 11.401754 0.014147 0.001250
52.950000 123 11.090537 0.013386 0.001215
53.050000 121 11.000000 0.013168 0.001205
53.150000 146 12.083046 0.015889 0.001325
53.250000 141 11.874342 0.015344 0.001302
53.350000 136 11.661904 0.014800 0.001278
53.450000 114 10.677078 0.012406 0.001169
53.550000 126 11.224972 0.013712 0.001230
53.650000 106 10.295630 0.011536 0.001127
53.750000 136 11.661904 0.014800 0.001278
53.850000 126 11.224972 0.013712 0.001230
53.950000 114 10.677078 0.012406 0.001169
54.050000 133 11.532563 0.014474 0.001264
54.150000 138 11.747340 0.015018 0.001288
54.250000 126 11.224972 0.013712 0.001230
54.350000 115 10.723805 0.012515 0.001174
54.450000 110 10.488088 0.011971 0.001148
54.550000 131 11.445523 0.014256 0.001254
54.650000 126 11.224972 0.013712 0.001230
54.750000 120 10.954451 0.013059 0.001200
54.850000 130 11.401754 0.014147 0.001250
54.950000 114 10.677078 0.012406 0.001169
55.050000 111 10.535654 0.012080 0.001153
55.150000 121 11.000000 0.013168 0.001205
55.250000 129 11.357817 0.014039 0.001245
55.350000 119 10.908712 0.012950 0.001195
55.450000 100 10.000000 0.010883 0.001094
55.550000 118 10.862780 0.012841 0.001190
55.650000 111 10.535654 0.012080 0.001153
55.750000 112 10.583005 0.012188 0.001159
55.850000 133 11.532563 0.014474 0.001264
55.950000 95 9.746794 0.010338 0.001066
56.050000 137 11.704700 0.014909 0.001283
56.150000 122 11.045361 0.013277 0.001210
56.250000 101 10.049876 0.010991 0.001100
56.350000 108 10.392305 0.011753 0.001138
56.450000 103 10.148892 0.011209 0.001111
56.550000 97 9.848858 0.010556 0.001077
56.650000 108 10.392305 0.011753 0.001138
56.750000 107 10.344080 0.011644 0.001132
56.850000 103 10.148892 0.011209 0.001111
56.950000 121 11.000000 0.013168 0.001205
57.050000 111 10.535654 0.012080 0.001153
57.150000 115 10.723805 0.012515 0.001174
57.250000 96 9.797959 0.010447 0.001072
57.350000 97 9.848858 0.010556 0.001077
57.450000 104 10.198039 0.011318 0.001116
57.550000 97 9.848858 0.010556 0.001077
57.650000 92 9.591663 0.010012 0.001049
57.750000 104 10.198039 0.011318 0.001116
57.850000 101 10.049876 0.010991 0.001100
57.950000 116 10.770330 0.012624 0.001179
58.050000 95 9.746794 0.010338 0.001066
58.150000 114 10.677078 0.012406 0.001169
58.250000 95 9.746794 0.010338 0.001066
58.350000 86 9.273618 0.009359 0.001014
58.450000 109 10.440307 0.011862 0.001143
58.550000 98 9.899495 0.010665 0.001083
58.650000 93 9.643651 0.010121 0.001055
58.750000 97 9.848858 0.010556 0.001077
58.850000 84 9.165151 0.009141 0.001002
58.950000 82 9.055385 0.008924 0.000990
59.050000 94 9.695360 0.010230 0.001060
59.150000 102 10.099505 0.011100 0.001105
59.250000 111 10.535654 0.012080 0.001153
59.350000 93 9.643651 0.010121 0.001055
59.450000 86 9.273618 0.009359 0.001014
59.550000 83 9.110434 0.009033 0.000996
59.650000 82 9.055385 0.008924 0.000990
59.750000 88 9.380832 0.009577 0.001026
59.850000 94 9.695360 0.010230 0.001060
59.950000 81 9.000000 0.008815 0.000984
60.050000 82 9.055385 0.008924 0.000990
60.150000 88 9.380832 0.009577 0.001026
60.250000 100 10.000000 0.010883 0.001094
60.350000 85 9.219544 0.009250 0.001008
60.450000 73 8.544004 0.007944 0.000933
60.550000 74 8.602325 0.008053 0.000940
60.650000 90 9.486833 0.009794 0.001037
60.750000 75 8.660254 0.008162 0.000946
60.850000 81 9.000000 0.008815 0.000984
60.950000 72 8.485281 0.007835 0.000927
61.050000 90 9.486833 0.009794 0.001037
61.150000 74 8.602325 0.008053 0.000940
61.250000 79 8.888194 0.008597 0.000971
61.350000 79 8.888194 0.008597 0.000971
61.450000 92 9.591663 0.010012 0.001049
61.550000 71 8.426150 0.007727 0.000921
61.650000 70 8.366600 0.007618 0.000914
61.750000 97 9.848858 0.010556 0.001077
61.850000 74 8.602325 0.008053 0.000940
61.950000 76 8.717798 0.008271 0.000953
62.050000 91 9.539392 0.009903 0.001043
62.150000 66 8.124038 0.007183 0.000887
62.250000 81 9.000000 0.008815 0.000984
62.350000 78 8.831761 0.008488 0.000965
62.450000 74 8.602325 0.008053 0.000940
62.550000 61 7.810250 0.006638 0.000853
62.650000 90 9.486833 0.009794 0.001037
62.750000 71 8.426150 0.007727 0.000921
62.850000 66 8.124038 0.007183 0.000887
62.950000 75 8.660254 0.008162 0.000946
63.050000 73 8.544004 0.007944 0.000933
63.150000 73 8.544004 0.007944 0.000933
63.250000 71 8.426150 0.007727 0.000921
63.350000 78 8.831761 0.008488 0.000965
63.450000 59 7.681146 0.006421 0.000839
63.550000 97 9.848858 0.010556 0.001077
63.650000 69 8.306624 0.007509 0.000907
63.750000 66 8.124038 0.007183 0.000887
63.850000 68 8.246211 0.007400 0.000901
63.950000 68 8.246211 0.007400 0.000901
64.050000 78 8.831761 0.008488 0.000965
64.150000 71 8.426150 0.007727 0.000921
64.250000 71 8.426150 0.007727 0.000921
64.350000 66 8.124038 0.007183 0.000887
64.450000 63 7.937254 0.006856 0.000867
64.550000 64 8.000000 0.006965 0.000874
64.650000 52 7.211103 0.005659 0.000787
64.750000 61 7.810250 0.006638 0.000853
64.850000 65 8.062258 0.007074 0.000880
64.950000 71 8.426150 0.007727 0.000921
65.050000 61 7.810250 0.006638 0.000853
65.150000 55 7.416198 0.005985 0.000809
65.250000 56 7.483315 0.006094 0.000817
65.350000 56 7.483315 0.006094 0.000817
65.450000 71 8.426150 0.007727 0.000921
65.550000 67 8.185353 0.007291 0.000894
65.650000 65 8.062258 0.007074 0.000880
65.750000 53 7.280110 0.005768 0.000795
65.850000 68 8.246211 0.007400 0.000901
65.950000 64 8.000000 0.006965 0.000874
66.050000 75 8.660254 0.008162 0.000946
66.150000 58 7.615773 0.006312 0.000831
66.250000 65 8.062258 0.007074 0.000880
66.350000 71 8.426150 0.007727 0.000921
66.450000 54 7.348469 0.005877 0.000802
66.550000 61 7.810250 0.006638 0.000853
66.650000 46 6.782330 0.005006 0.000740
66.750000 45 6.708204 0.004897 0.000732
66.850000 53 7.280110 0.005768 0.000795
66.950000 63 7.937254 0.006856 0.000867
67.050000 53 7.280110 0.005768 0.000795
67.150000 49 7.000000 0.005332 0.000764
67.250000 60 7.745967 0.006530 0.000846
67.350000 51 7.141428 0.005550 0.000779
67.450000 62 7.874008 0.006747 0.000860
67.550000 39 6.244998 0.004244 0.000681
67.650000 44 6.633250 0.004788 0.000724
67.750000 54 7.348469 0.005877 0.000802
67.850000 46 6.782330 0.005006 0.000740
67.950000 60 7.745967 0.006530 0.000846
68.050000 63 7.937254 0.006856 0.000867
68.150000 53 7.280110 0.005768 0.000795
68.250000 56 7.483315 0.006094 0.000817
68.350000 42 6.480741 0.004571 0.000707
68.450000 54 7.348469 0.005877 0.000802
68.550000 46 6.782330 0.005006 0.000740
68.650000 53 7.280110 0.005768 0.000795
68.750000 58 7.615773 0.006312 0.000831
68.850000 43 6.557439 0.004680 0.000715
68.950000 53 7.280110 0.005768 0.000795
69.050000 43 6.557439 0.004680 0.000715
69.150000 42 6.480741 0.004571 0.000707
69.250000 48 6.928203 0.005224 0.000756
69.350000 35 5.916080 0.003809 0.000645
69.450000 48 6.928203 0.005224 0.000756
69.550000 48 6.928203 0.005224 0.000756
69.650000 41 6.403124 0.004462 0.000698
69.750000 41 6.403124 0.004462 0.000698
69.850000 39 6.244998 0.004244 0.000681
69.950000 51 7.141428 0.005550 0.000779
70.050000 39 6.244998 0.004244 0.000681
70.150000 61 7.810250 0.006638 0.000853
70.250000 35 5.916080 0.003809 0.000645
70.350000 43 6.557439 0.004680 0.000715
70.450000 42 6.480741 0.004571 0.000707
70.550000 31 5.567764 0.003374 0.000607
70.650000 30 5.477226 0.003265 0.000597
70.750000 48 6.928203 0.005224 0.000756
70.850000 41 6.403124 0.004462 0.000698
70.950000 47 6.855655 0.005115 0.000748
71.050000 36 6.000000 0.003918 0.000654
71.150000 43 6.557439 0.004680 0.000715
71.250000 40 6.324555 0.004353 0.000690
71.350000 37 6.082763 0.004027 0.000663
71.450000 31 5.567764 0.003374 0.000607
71.550000 33 5.744563 0.003591 0.000626
71.650000 35 5.916080 0.003809 0.000645
71.750000 49 7.000000 0.005332 0.000764
71.850000 29 5.385165 0.003156 0.000587
71.950000 38 6.164414 0.004135 0.000672
72.050000 39 6.244998 0.004244 0.000681
72.150000 36 6.000000 0.003918 0.000654
72.250000 38 6.164414 0.004135 0.000672
72.350000 33 5.744563 0.003591 0.000626
72.450000 29 5.385165 0.003156 0.000587
72.550000 36 6.000000 0.003918 0.000654
72.650000 28 5.291503 0.003047 0.000577
72.750000 26 5.099020 0.002829 0.000556
72.850000 25 5.000000 0.002721 0.000545
72.950000 30 5.477226 0.003265 0.000597
73.050000 38 6.164414 0.004135 0.000672
73.150000 42 6.480741 0.004571 0.000707
73.250000 36 6.000000 0.003918 0.000654
73.350000 32 5.656854 0.003482 0.000617
73.450000 22 4.690416 0.002394 0.000511
73.550000 23 4.795832 0.002503 0.000523
73.650000 21 4.582576 0.002285 0.000499
73.750000 26 5.099020 0.002829 0.000556
73.850000 47 6.855655 0.005115 0.000748
73.950000 30 5.477226 0.003265 0.000597
74.050000 23 4.795832 0.002503 0.000523
74.150000 25 5.000000 0.002721 0.000545
74.250000 30 5.477226 0.003265 0.000597
74.350000 20 4.472136 0.002177 0.000487
74.450000 33 5.744563 0.003591 0.000626
74.550000 34 5.830952 0.003700 0.000636
74.650000 29 5.385165 0.003156 0.000587
74.750000 29 5.385165 0.003156 0.000587
74.850000 21 4.582576 0.002285 0.000499
74.950000 26 5.099020 0.002829 0.000556
75.050000 29 5.385165 0.003156 0.000587
75.150000 16 4.000000 0.001741 0.000436
75.250000 26 5.099020 0.002829 0.000556
75.350000 23 4.795832 0.002503 0.000523
75.450000 17 4.123106 0.001850 0.000449
75.550000 26 5.099020 0.002829 0.000556
75.650000 21 4.582576 0.002285 0.000499
75.750000 32 5.656854 0.003482 0.000617
75.850000 25 5.000000 0.002721 0.000545
75.950000 30 5.477226 0.003265 0.000597
76.050000 29 5.385165 0.003156 0.000587
76.150000 19 4.358899 0.002068 0.000475
76.250000 17 4.123106 0.001850 0.000449
76.350000 34 5.830952 0.003700 0.000636
76.450000 21 4.582576 0.002285 0.000499
76.550000 18 4.242641 0.001959 0.000462
76.650000 24 4.898979 0.002612 0.000534
76.750000 24 4.898979 0.002612 0.000534
76.850000 21 4.582576 0.002285 0.000499
76.950000 22 4.690416 0.002394 0.000511
77.050000 26 5.099020 0.002829 0.000556
77.150000 24 4.898979 0.002612 0.000534
77.250000 34 5.830952 0.003700 0.000636
77.350000 21 4.582576 0.002285 0.000499
77.450000 23 4.795832 0.002503 0.000523
77.550000 19 4.358899 0.002068 0.000475
77.650000 14 3.741657 0.001524 0.000407
77.750000 22 4.690416 0.002394 0.000511
77.850000 24 4.898979 0.002612 0.000534
77.950000 24 4.898979 0.002612 0.000534
78.050000 23 4.795832 0.002503 0.000523
78.150000 27 5.196152 0.002938 0.000566
78.250000 18 4.242641 0.001959 0.000462
78.350000 13 3.605551 0.001415 0.000393
78.450000 16 4.000000 0.001741 0.000436
78.550000 17 4.123106 0.001850 0.000449
78.650000 18 4.242641 0.001959 0.000462
78.750000 17 4.123106 0.001850 0.000449
78.850000 23 4.795832 0.002503 0.000523
78.950000 19 4.358899 0.002068 0.000475
79.050000 28 5.291503 0.003047 0.000577
79.150000 21 4.582576 0.002285 0.000499
79.250000 19 4.358899 0.002068 0.000475
79.350000 17 4.123106 0.001850 0.000449
79.450000 13 3.605551 0.001415 0.000393
79.550000 14 3.741657 0.001524 0.000407
79.650000 16 4.000000 0.001741 0.000436
79.750000 16 4.000000 0.001741 0.000436
79.850000 21 4.582576 0.002285 0.000499
79.950000 17 4.123106 0.001850 0.000449
80.050000 14 3.741657 0.001524 0.000407
80.150000 15 3.872983 0.001632 0.000422
80.250000 17 4.123106 0.001850 0.000449
80.350000 24 4.898979 0.002612 0.000534
80.450000 12 3.464102 0.001306 0.000377
80.550000 8 2.828427 0.000871 0.000308
80.650000 12 3.464102 0.001306 0.000377
80.750000 17 4.123106 0.001850 0.000449
80.850000 13 3.605551 0.001415 0.000393
80.950000 14 3.741657 0.001524 0.000407
81.050000 17 4.123106 0.001850 0.000449
81.150000 20 4.472136 0.002177 0.000487
81.250000 14 3.741657 0.001524 0.000407
81.350000 15 3.872983 0.001632 0.000422
81.450000 10 3.162278 0.001088 0.000344
81.550000 11 3.316625 0.001197 0.000361
81.650000 18 4.242641 0.001959 0.000462
81.750000 16 4.000000 0.001741 0.000436
81.850000 17 4.123106 0.001850 0.000449
81.950000 10 3.162278 0.001088 0.000344
82.050000 15 3.872983 0.001632 0.000422
82.150000 17 4.123106 0.001850 0.000449
82.250000 18 4.242641 0.001959 0.000462
82.350000 13 3.605551 0.001415 0.000393
82.450000 7 2.645751 0.000762 0.000288
82.550000 10 3.162278 0.001088 0.000344
82.650000 21 4.582576 0.002285 0.000499
82.750000 13 3.605551 0.001415 0.000393
82.850000 8 2.828427 0.000871 0.000308
82.950000 14 3.741657 0.001524 0.000407
83.050000 8 2.828427 0.000871 0.000308
83.150000 12 3.464102 0.001306 0.000377
83.250000 15 3.872983 0.001632 0.000422
83.350000 11 3.316625 0.001197 0.000361
83.450000 6 2.449490 0.000653 0.000267
83.550000 12 3.464102 0.001306 0.000377
83.650000 16 4.000000 0.001741 0.000436
83.750000 13 3.605551 0.001415 0.000393
83.850000 15 3.872983 0.001632 0.000422
83.950000 7 2.645751 0.000762 0.000288
84.050000 18 4.242641 0.001959 0.000462
84.150000 13 3.605551 0.001415 0.000393
84.250000 15 3.872983 0.001632 0.000422
84.350000 13 3.605551 0.001415 0.000393
84.450000 12 3.464102 0.001306 0.000377
84.550000 17 4.123106 0.001850 0.000449
84.650000 5 2.236068 0.000544 0.000243
84.750000 13 3.605551 0.001415 0.000393
84.850000 12 3.464102 0.001306 0.000377
84.950000 17 4.123106 0.001850 0.000449
85.050000 9 3.000000 0.000979 0.000327
85.150000 4 2.000000 0.000435 0.000218
85.250000 19 4.358899 0.002068 0.000475
85.350000 13 3.605551 0.001415 0.000393
85.450000 12 3.464102 0.001306 0.000377
85.550000 14 3.741657 0.001524 0.000407
85.650000 15 3.872983 0.001632 0.000422
85.750000 11 3.316625 0.001197 0.000361
85.850000 9 3.000000 0.000979 0.000327
85.950000 11 3.316625 0.001197 0.000361
86.050000 10 3.162278 0.001088 0.000344
86.150000 12 3.464102 0.001306 0.000377
86.250000 6 2.449490 0.000653 0.000267
86.350000 10 3.162278 0.001088 0.000344
86.450000 14 3.741657 0.001524 0.000407
86.550000 11 3.316625 0.001197 0.000361
86.650000 10 3.162278 0.001088 0.000344
86.750000 9 3.000000 0.000979 0.000327
86.850000 6 2.449490 0.000653 0.000267
86.950000 4 2.000000 0.000435 0.000218
87.050000 8 2.828427 0.000871 0.000308
87.150000 10 3.162278 0.001088 0.000344
87.250000 11 3.316625 0.001197 0.000361
87.350000 7 2.645751 0.000762 0.000288
87.450000 6 2.449490 0.000653 0.000267
87.550000 4 2.000000 0.000435 0.000218
87.650000 10 3.162278 0.001088 0.000344
87.750000 10 3.162278 0.001088 0.000344
87.850000 11 3.316625 0.001197 0.000361
87.950000 10 3.162278 0.001088 0.000344
88.050000 8 2.828427 0.000871 0.000308
88.150000 8 2.828427 0.000871 0.000308
88.250000 15 3.872983 0.001632 0.000422
88.350000 10 3.162278 0.001088 0.000344
88.450000 7 2.645751 0.000762 0.000288
88.550000 7 2.645751 0.000762 0.000288
88.650000 7 2.645751 0.000762 0.000288
88.750000 9 3.000000 0.000979 0.000327
88.850000 7 2.645751 0.000762 0.000288
88.950000 9 3.000000 0.000979 0.000327
89.050000 6 2.449490 0.000653 0.000267
89.150000 7 2.645751 0.000762 0.000288
89.250000 9 3.000000 0.000979 0.000327
89.350000 6 2.449490 0.000653 0.000267
89.450000 5 2.236068 0.000544 0.000243
89.550000 7 2.645751 0.000762 0.000288
89.650000 10 3.162278 0.001088 0.000344
89.750000 4 2.000000 0.000435 0.000218
89.850000 5 2.236068 0.000544 0.000243
89.950000 8 2.828427 0.000871 0.000308
90.050000 11 3.316625 0.001197 0.000361
90.150000 3 1.732051 0.000326 0.000189
90.250000 6 2.449490 0.000653 0.000267
90.350000 8 2.828427 0.000871 0.000308
90.450000 1 1.000000 0.000109 0.000109
90.550000 9 3.000000 0.000979 0.000327
90.650000 3 1.732051 0.000326 0.000189
90.750000 4 2.000000 0.000435 0.000218
90.850000 3 1.732051 0.000326 0.000189
90.950000 4 2.000000 0.000435 0.000218
91.050000 13 3.605551 0.001415 0.000393
91.150000 7 2.645751 0.000762 0.000288
91.250000 9 3.000000 0.000979 0.000327
91.350000 9 3.000000 0.000979 0.000327
91.450000 5 2.236068 0.000544 0.000243
91.550000 5 2.236068 0.000544 0.000243
91.650000 10 3.162278 0.001088 0.000344
91.750000 8 2.828427 0.000871 0.000308
91.850000 3 1.732051 0.000326 0.000189
91.950000 3 1.732051 0.000326 0.000189
92.050000 5 2.236068 0.000544 0.000243
92.150000 9 3.000000 0.000979 0.000327
92.250000 3 1.732051 0.000326 0.000189
92.350000 9 3.000000 0.000979 0.000327
92.450000 4 2.000000 0.000435 0.000218
92.550000 5 2.236068 0.000544 0.000243
92.650000 4 2.000000 0.000435 0.000218
92.750000 5 2.236068 0.000544 0.000243
92.850000 8 2.828427 0.000871 0.000308
92.950000 7 2.645751 0.000762 0.000288
93.050000 5 2.236068 0.000544 0.000243
93.150000 5 2.236068 0.000544 0.000243
93.250000 1 1.000000 0.000109 0.000109
93.350000 4 2.000000 0.000435 0.000218
93.450000 3 1.732051 0.000326 0.000189
93.550000 6 2.449490 0.000653 0.000267
93.650000 6 2.449490 0.000653 0.000267
93.750000 5 2.236068 0.000544 0.000243
93.850000 2 1.414214 0.000218 0.000154
93.950000 5 2.236068 0.000544 0.000243
94.050000 3 1.732051 0.000326 0.000189
94.150000 3 1.732051 0.000326 0.000189
94.250000 3 1.732051 0.000326 0.000189
94.350000 7 2.645751 0.000762 0.000288
94.450000 7 2.645751 0.000762 0.000288
94.550000 3 1.732051 0.000326 0.000189
94.650000 2 1.414214 0.000218 0.000154
94.750000 5 2.236068 0.000544 0.000243
94.850000 6 2.449490 0.000653 0.000267
94.950000 6 2.449490 0.000653 0.000267
95.050000 1 1.000000 0.000109 0.000109
95.150000 3 1.732051 0.000326 0.000189
95.250000 3 1.732051 0.000326 0.000189
95.350000 4 2.000000 0.000435 0.000218
95.450000 6 2.449490 0.000653 0.000267
95.550000 5 2.236068 0.000544 0.000243
95.650000 3 1.732051 0.000326 0.000189
95.750000 3 1.732051 0.000326 0.000189
95.850000 2 1.414214 0.000218 0.000154
95.950000 4 2.000000 0.000435 0.000218
96.050000 3 1.732051 0.000326 0.000189
96.150000 4 2.000000 0.000435 0.000218
96.250000 5 2.236068 0.000544 0.000243
96.350000 5 2.236068 0.000544 0.000243
96.450000 5 2.236068 0.000544 0.000243
96.550000 2 1.414214 0.000218 0.000154
96.650000 1 1.000000 0.000109 0.000109
96.750000 5 2.236068 0.000544 0.000243
96.850000 4 2.000000 0.000435 0.000218
96.950000 1 1.000000 0.000109 0.000109
97.050000 5 2.236068 0.000544 0.000243
97.150000 1 1.000000 0.000109 0.000109
97.250000 2 1.414214 0.000218 0.000154
97.350000 1 1.000000 0.000109 0.000109
97.450000 5 2.236068 0.000544 0.000243
97.550000 2 1.414214 0.000218 0.000154
97.650000 3 1.732051 0.000326 0.000189
97.750000 1 1.000000 0.000109 0.000109
97.850000 3 1.732051 0.000326 0.000189
97.950000 2 1.414214 0.000218 0.000154
98.050000 1 1.000000 0.000109 0.000109
98.150000 3 1.732051 0.000326 0.000189
98.250000 2 1.414214 0.000218 0.000154
98.350000 1 1.000000 0.000109 0.000109
98.450000 3 1.732051 0.000326 0.000189
98.550000 2 1.414214 0.000218 0.000154
98.650000 4 2.000000 0.000435 0.000218
98.750000 0 0.000000 0.000000 0.000000
98.850000 0 0.000000 0.000000 0.000000
98.950000 2 1.414214 0.000218 0.000154
99.050000 2 1.414214 0.000218 0.000154
99.150000 2 1.414214 0.000218 0.000154
99.250000 1 1.000000 0.000109 0.000109
99.350000 4 2.000000 0.000435 0.000218
99.450000 0 0.000000 0.000000 0.000000
99.550000 0 0.000000 0.000000 0.000000
99.650000 1 1.000000 0.000109 0.000109
99.750000 1 1.000000 0.000109 0.000109
99.850000 1 1.000000 0.000109 0.000109
99.950000 0 0.000000 0.000000 0.000000
