# Co60 368 9189 0.1 0.052128603514268686 95.85927185202274
0.050000 0 0.000000 0.000000 0.000000
0.150000 0 0.000000 0.000000 0.000000
0.250000 0 0.000000 0.000000 0.000000
0.350000 0 0.000000 0.000000 0.000000
0.450000 0 0.000000 0.000000 0.000000
0.550000 1 1.000000 0.000109 0.000109
0.650000 5 0.447214 0.000544 0.000049
0.750000 16 0.250000 0.001741 0.000033
0.850000 36 0.166667 0.003918 0.000045
0.950000 74 0.116248 0.008053 0.000085
1.050000 136 0.085749 0.014800 0.000155
1.150000 149 0.081923 0.016215 0.000169
1.250000 149 0.081923 0.016215 0.000169
1.350000 152 0.081111 0.016542 0.000173
1.450000 180 0.074536 0.019589 0.000205
1.550000 148 0.082199 0.016106 0.000168
1.650000 166 0.077615 0.018065 0.000189
1.750000 176 0.075378 0.019153 0.000200
1.850000 159 0.079305 0.017303 0.000181
1.950000 139 0.084819 0.015127 0.000158
2.050000 170 0.076696 0.018500 0.000193
2.150000 150 0.081650 0.016324 0.000171
2.250000 149 0.081923 0.016215 0.000169
2.350000 152 0.081111 0.016542 0.000173
2.450000 159 0.079305 0.017303 0.000181
2.550000 142 0.083918 0.015453 0.000161
2.650000 158 0.079556 0.017194 0.000180
2.750000 147 0.082479 0.015997 0.000167
2.850000 129 0.088045 0.014039 0.000147
2.950000 138 0.085126 0.015018 0.000157
3.050000 147 0.082479 0.015997 0.000167
3.150000 142 0.083918 0.015453 0.000161
3.250000 162 0.078567 0.017630 0.000184
3.350000 137 0.085436 0.014909 0.000156
3.450000 178 0.074953 0.019371 0.000202
3.550000 136 0.085749 0.014800 0.000155
3.650000 166 0.077615 0.018065 0.000189
3.750000 129 0.088045 0.014039 0.000147
3.850000 152 0.081111 0.016542 0.000173
3.950000 180 0.074536 0.019589 0.000205
4.050000 148 0.082199 0.016106 0.000168
4.150000 128 0.088388 0.013930 0.000146
4.250000 138 0.085126 0.015018 0.000157
4.350000 147 0.082479 0.015997 0.000167
4.450000 157 0.079809 0.017086 0.000178
4.550000 137 0.085436 0.014909 0.000156
4.650000 137 0.085436 0.014909 0.000156
4.750000 136 0.085749 0.014800 0.000155
4.850000 170 0.076696 0.018500 0.000193
4.950000 147 0.082479 0.015997 0.000167
5.050000 165 0.077850 0.017956 0.000188
5.150000 173 0.076029 0.018827 0.000197
5.250000 163 0.078326 0.017739 0.000185
5.350000 174 0.075810 0.018936 0.000198
5.450000 164 0.078087 0.017847 0.000186
5.550000 187 0.073127 0.020350 0.000212
5.650000 170 0.076696 0.018500 0.000193
5.750000 183 0.073922 0.019915 0.000208
5.850000 171 0.076472 0.018609 0.000194
5.950000 212 0.068680 0.023071 0.000241
6.050000 190 0.072548 0.020677 0.000216
6.150000 198 0.071067 0.021548 0.000225
6.250000 180 0.074536 0.019589 0.000205
6.350000 189 0.072739 0.020568 0.000215
6.450000 218 0.067729 0.023724 0.000248
6.550000 208 0.069338 0.022636 0.000236
6.650000 190 0.072548 0.020677 0.000216
6.750000 212 0.068680 0.023071 0.000241
6.850000 248 0.063500 0.026989 0.000282
6.950000 232 0.065653 0.025248 0.000263
7.050000 214 0.068359 0.023289 0.000243
7.150000 242 0.064282 0.026336 0.000275
7.250000 214 0.068359 0.023289 0.000243
7.350000 229 0.066082 0.024921 0.000260
7.450000 221 0.067267 0.024050 0.000251
7.550000 200 0.070711 0.021765 0.000227
7.650000 208 0.069338 0.022636 0.000236
7.750000 223 0.066965 0.024268 0.000253
7.850000 188 0.072932 0.020459 0.000214
7.950000 194 0.071796 0.021112 0.000220
8.050000 252 0.062994 0.027424 0.000286
8.150000 238 0.064820 0.025901 0.000270
8.250000 211 0.068843 0.022962 0.000240
8.350000 220 0.067420 0.023942 0.000250
8.450000 196 0.071429 0.021330 0.000223
8.550000 232 0.065653 0.025248 0.000263
8.650000 243 0.064150 0.026445 0.000276
8.750000 226 0.066519 0.024595 0.000257
8.850000 235 0.065233 0.025574 0.000267
8.950000 233 0.065512 0.025356 0.000265
9.050000 252 0.062994 0.027424 0.000286
9.150000 256 0.062500 0.027859 0.000291
9.250000 261 0.061898 0.028404 0.000296
9.350000 240 0.064550 0.026118 0.000273
9.450000 255 0.062622 0.027751 0.000290
9.550000 225 0.066667 0.024486 0.000256
9.650000 235 0.065233 0.025574 0.000267
9.750000 236 0.065094 0.025683 0.000268
9.850000 237 0.064957 0.025792 0.000269
9.950000 230 0.065938 0.025030 0.000261
10.050000 246 0.063758 0.026771 0.000279
10.150000 226 0.066519 0.024595 0.000257
10.250000 218 0.067729 0.023724 0.000248
10.350000 263 0.061663 0.028621 0.000299
10.450000 241 0.064416 0.026227 0.000274
10.550000 232 0.065653 0.025248 0.000263
10.650000 217 0.067884 0.023615 0.000246
10.750000 222 0.067116 0.024159 0.000252
10.850000 223 0.066965 0.024268 0.000253
10.950000 267 0.061199 0.029056 0.000303
11.050000 224 0.066815 0.024377 0.000254
11.150000 233 0.065512 0.025356 0.000265
11.250000 248 0.063500 0.026989 0.000282
11.350000 258 0.062257 0.028077 0.000293
11.450000 241 0.064416 0.026227 0.000274
11.550000 238 0.064820 0.025901 0.000270
11.650000 231 0.065795 0.025139 0.000262
11.750000 245 0.063888 0.026662 0.000278
11.850000 241 0.064416 0.026227 0.000274
11.950000 239 0.064685 0.026009 0.000271
12.050000 241 0.064416 0.026227 0.000274
12.150000 239 0.064685 0.026009 0.000271
12.250000 227 0.066372 0.024703 0.000258
12.350000 223 0.066965 0.024268 0.000253
12.450000 235 0.065233 0.025574 0.000267
12.550000 266 0.061314 0.028948 0.000302
12.650000 231 0.065795 0.025139 0.000262
12.750000 237 0.064957 0.025792 0.000269
12.850000 219 0.067574 0.023833 0.000249
12.950000 258 0.062257 0.028077 0.000293
13.050000 249 0.063372 0.027098 0.000283
13.150000 225 0.066667 0.024486 0.000256
13.250000 247 0.063628 0.026880 0.000280
13.350000 236 0.065094 0.025683 0.000268
13.450000 237 0.064957 0.025792 0.000269
13.550000 227 0.066372 0.024703 0.000258
13.650000 232 0.065653 0.025248 0.000263
13.750000 234 0.065372 0.025465 0.000266
13.850000 210 0.069007 0.022853 0.000239
13.950000 259 0.062137 0.028186 0.000294
14.050000 241 0.064416 0.026227 0.000274
14.150000 230 0.065938 0.025030 0.000261
14.250000 289 0.058824 0.031451 0.000328
14.350000 241 0.064416 0.026227 0.000274
14.450000 237 0.064957 0.025792 0.000269
14.550000 240 0.064550 0.026118 0.000273
14.650000 237 0.064957 0.025792 0.000269
14.750000 228 0.066227 0.024812 0.000259
14.850000 231 0.065795 0.025139 0.000262
14.950000 250 0.063246 0.027206 0.000284
15.050000 244 0.064018 0.026553 0.000277
15.150000 280 0.059761 0.030471 0.000318
15.250000 239 0.064685 0.026009 0.000271
15.350000 280 0.059761 0.030471 0.000318
15.450000 273 0.060523 0.029709 0.000310
15.550000 273 0.060523 0.029709 0.000310
15.650000 257 0.062378 0.027968 0.000292
15.750000 265 0.061430 0.028839 0.000301
15.850000 266 0.061314 0.028948 0.000302
15.950000 294 0.058321 0.031995 0.000334
16.050000 272 0.060634 0.029601 0.000309
16.150000 278 0.059976 0.030254 0.000316
16.250000 284 0.059339 0.030907 0.000322
16.350000 306 0.057166 0.033301 0.000347
16.450000 264 0.061546 0.028730 0.000300
16.550000 273 0.060523 0.029709 0.000310
16.650000 274 0.060412 0.029818 0.000311
16.750000 275 0.060302 0.029927 0.000312
16.850000 269 0.060971 0.029274 0.000305
16.950000 286 0.059131 0.031124 0.000325
17.050000 248 0.063500 0.026989 0.000282
17.150000 276 0.060193 0.030036 0.000313
17.250000 267 0.061199 0.029056 0.000303
17.350000 282 0.059549 0.030689 0.000320
17.450000 265 0.061430 0.028839 0.000301
17.550000 275 0.060302 0.029927 0.000312
17.650000 234 0.065372 0.025465 0.000266
17.750000 263 0.061663 0.028621 0.000299
17.850000 265 0.061430 0.028839 0.000301
17.950000 292 0.058521 0.031777 0.000332
18.050000 232 0.065653 0.025248 0.000263
18.150000 263 0.061663 0.028621 0.000299
18.250000 281 0.059655 0.030580 0.000319
18.350000 245 0.063888 0.026662 0.000278
18.450000 279 0.059868 0.030362 0.000317
18.550000 275 0.060302 0.029927 0.000312
18.650000 270 0.060858 0.029383 0.000307
18.750000 267 0.061199 0.029056 0.000303
18.850000 269 0.060971 0.029274 0.000305
18.950000 281 0.059655 0.030580 0.000319
19.050000 251 0.063119 0.027315 0.000285
19.150000 289 0.058824 0.031451 0.000328
19.250000 296 0.058124 0.032212 0.000336
19.350000 268 0.061085 0.029165 0.000304
19.450000 298 0.057928 0.032430 0.000338
19.550000 265 0.061430 0.028839 0.000301
19.650000 264 0.061546 0.028730 0.000300
19.750000 253 0.062869 0.027533 0.000287
19.850000 231 0.065795 0.025139 0.000262
19.950000 285 0.059235 0.031015 0.000324
20.050000 290 0.058722 0.031559 0.000329
20.150000 299 0.057831 0.032539 0.000340
20.250000 308 0.056980 0.033518 0.000350
20.350000 321 0.055815 0.034933 0.000364
20.450000 312 0.056614 0.033954 0.000354
20.550000 280 0.059761 0.030471 0.000318
20.650000 326 0.055385 0.035477 0.000370
20.750000 312 0.056614 0.033954 0.000354
20.850000 310 0.056796 0.033736 0.000352
20.950000 339 0.054313 0.036892 0.000385
21.050000 311 0.056705 0.033845 0.000353
21.150000 330 0.055048 0.035913 0.000375
21.250000 300 0.057735 0.032648 0.000341
21.350000 313 0.056523 0.034062 0.000355
21.450000 319 0.055989 0.034715 0.000362
21.550000 330 0.055048 0.035913 0.000375
21.650000 328 0.055216 0.035695 0.000372
21.750000 319 0.055989 0.034715 0.000362
21.850000 322 0.055728 0.035042 0.000366
21.950000 333 0.054800 0.036239 0.000378
22.050000 318 0.056077 0.034607 0.000361
22.150000 298 0.057928 0.032430 0.000338
22.250000 299 0.057831 0.032539 0.000340
22.350000 297 0.058026 0.032321 0.000337
22.450000 319 0.055989 0.034715 0.000362
22.550000 331 0.054965 0.036021 0.000376
22.650000 346 0.053760 0.037654 0.000393
22.750000 312 0.056614 0.033954 0.000354
22.850000 295 0.058222 0.032104 0.000335
22.950000 330 0.055048 0.035913 0.000375
23.050000 342 0.054074 0.037218 0.000388
23.150000 314 0.056433 0.034171 0.000357
23.250000 319 0.055989 0.034715 0.000362
23.350000 315 0.056344 0.034280 0.000358
23.450000 351 0.053376 0.038198 0.000399
23.550000 300 0.057735 0.032648 0.000341
23.650000 332 0.054882 0.036130 0.000377
23.750000 305 0.057260 0.033192 0.000346
23.850000 339 0.054313 0.036892 0.000385
23.950000 308 0.056980 0.033518 0.000350
24.050000 350 0.053452 0.038089 0.000397
24.150000 307 0.057073 0.033410 0.000349
24.250000 289 0.058824 0.031451 0.000328
24.350000 344 0.053916 0.037436 0.000391
24.450000 368 0.052129 0.040048 0.000418
24.550000 325 0.055470 0.035368 0.000369
24.650000 277 0.060084 0.030145 0.000315
24.750000 326 0.055385 0.035477 0.000370
24.850000 322 0.055728 0.035042 0.000366
24.950000 290 0.058722 0.031559 0.000329
25.050000 324 0.055556 0.035260 0.000368
25.150000 334 0.054718 0.036348 0.000379
25.250000 325 0.055470 0.035368 0.000369
25.350000 301 0.057639 0.032757 0.000342
25.450000 310 0.056796 0.033736 0.000352
25.550000 324 0.055556 0.035260 0.000368
25.650000 314 0.056433 0.034171 0.000357
25.750000 283 0.059444 0.030798 0.000321
25.850000 318 0.056077 0.034607 0.000361
25.950000 291 0.058621 0.031668 0.000330
26.050000 312 0.056614 0.033954 0.000354
26.150000 298 0.057928 0.032430 0.000338
26.250000 312 0.056614 0.033954 0.000354
26.350000 301 0.057639 0.032757 0.000342
26.450000 286 0.059131 0.031124 0.000325
26.550000 328 0.055216 0.035695 0.000372
26.650000 324 0.055556 0.035260 0.000368
26.750000 310 0.056796 0.033736 0.000352
26.850000 345 0.053838 0.037545 0.000392
26.950000 290 0.058722 0.031559 0.000329
27.050000 320 0.055902 0.034824 0.000363
27.150000 330 0.055048 0.035913 0.000375
27.250000 324 0.055556 0.035260 0.000368
27.350000 313 0.056523 0.034062 0.000355
27.450000 331 0.054965 0.036021 0.000376
27.550000 326 0.055385 0.035477 0.000370
27.650000 299 0.057831 0.032539 0.000340
27.750000 302 0.057544 0.032865 0.000343
27.850000 285 0.059235 0.031015 0.000324
27.950000 320 0.055902 0.034824 0.000363
28.050000 303 0.057448 0.032974 0.000344
28.150000 338 0.054393 0.036783 0.000384
28.250000 337 0.054473 0.036674 0.000383
28.350000 304 0.057354 0.033083 0.000345
28.450000 322 0.055728 0.035042 0.000366
28.550000 311 0.056705 0.033845 0.000353
28.650000 290 0.058722 0.031559 0.000329
28.750000 299 0.057831 0.032539 0.000340
28.850000 334 0.054718 0.036348 0.000379
28.950000 350 0.053452 0.038089 0.000397
29.050000 319 0.055989 0.034715 0.000362
29.150000 328 0.055216 0.035695 0.000372
29.250000 316 0.056254 0.034389 0.000359
29.350000 309 0.056888 0.033627 0.000351
29.450000 319 0.055989 0.034715 0.000362
29.550000 313 0.056523 0.034062 0.000355
29.650000 294 0.058321 0.031995 0.000334
29.750000 352 0.053300 0.038307 0.000400
29.850000 333 0.054800 0.036239 0.000378
29.950000 302 0.057544 0.032865 0.000343
30.050000 319 0.055989 0.034715 0.000362
30.150000 304 0.057354 0.033083 0.000345
30.250000 313 0.056523 0.034062 0.000355
30.350000 314 0.056433 0.034171 0.000357
30.450000 319 0.055989 0.034715 0.000362
30.550000 314 0.056433 0.034171 0.000357
30.650000 293 0.058421 0.031886 0.000333
30.750000 288 0.058926 0.031342 0.000327
30.850000 300 0.057735 0.032648 0.000341
30.950000 304 0.057354 0.033083 0.000345
31.050000 316 0.056254 0.034389 0.000359
31.150000 322 0.055728 0.035042 0.000366
31.250000 314 0.056433 0.034171 0.000357
31.350000 314 0.056433 0.034171 0.000357
31.450000 321 0.055815 0.034933 0.000364
31.550000 322 0.055728 0.035042 0.000366
31.650000 341 0.054153 0.037110 0.000387
31.750000 298 0.057928 0.032430 0.000338
31.850000 293 0.058421 0.031886 0.000333
31.950000 319 0.055989 0.034715 0.000362
32.050000 327 0.055300 0.035586 0.000371
32.150000 296 0.058124 0.032212 0.000336
32.250000 326 0.055385 0.035477 0.000370
32.350000 291 0.058621 0.031668 0.000330
32.450000 300 0.057735 0.032648 0.000341
32.550000 304 0.057354 0.033083 0.000345
32.650000 307 0.057073 0.033410 0.000349
32.750000 339 0.054313 0.036892 0.000385
32.850000 337 0.054473 0.036674 0.000383
32.950000 301 0.057639 0.032757 0.000342
33.050000 301 0.057639 0.032757 0.000342
33.150000 282 0.059549 0.030689 0.000320
33.250000 316 0.056254 0.034389 0.000359
33.350000 284 0.059339 0.030907 0.000322
33.450000 301 0.057639 0.032757 0.000342
33.550000 319 0.055989 0.034715 0.000362
33.650000 305 0.057260 0.033192 0.000346
33.750000 307 0.057073 0.033410 0.000349
33.850000 306 0.057166 0.033301 0.000347
33.950000 325 0.055470 0.035368 0.000369
34.050000 320 0.055902 0.034824 0.000363
34.150000 283 0.059444 0.030798 0.000321
34.250000 300 0.057735 0.032648 0.000341
34.350000 316 0.056254 0.034389 0.000359
34.450000 293 0.058421 0.031886 0.000333
34.550000 298 0.057928 0.032430 0.000338
34.650000 309 0.056888 0.033627 0.000351
34.750000 313 0.056523 0.034062 0.000355
34.850000 304 0.057354 0.033083 0.000345
34.950000 287 0.059028 0.031233 0.000326
35.050000 319 0.055989 0.034715 0.000362
35.150000 321 0.055815 0.034933 0.000364
35.250000 265 0.061430 0.028839 0.000301
35.350000 306 0.057166 0.033301 0.000347
35.450000 297 0.058026 0.032321 0.000337
35.550000 290 0.058722 0.031559 0.000329
35.650000 280 0.059761 0.030471 0.000318
35.750000 283 0.059444 0.030798 0.000321
35.850000 306 0.057166 0.033301 0.000347
35.950000 272 0.060634 0.029601 0.000309
36.050000 306 0.057166 0.033301 0.000347
36.150000 297 0.058026 0.032321 0.000337
36.250000 251 0.063119 0.027315 0.000285
36.350000 278 0.059976 0.030254 0.000316
36.450000 310 0.056796 0.033736 0.000352
36.550000 265 0.061430 0.028839 0.000301
36.650000 294 0.058321 0.031995 0.000334
36.750000 302 0.057544 0.032865 0.000343
36.850000 279 0.059868 0.030362 0.000317
36.950000 259 0.062137 0.028186 0.000294
37.050000 301 0.057639 0.032757 0.000342
37.150000 298 0.057928 0.032430 0.000338
37.250000 279 0.059868 0.030362 0.000317
37.350000 277 0.060084 0.030145 0.000315
37.450000 314 0.056433 0.034171 0.000357
37.550000 276 0.060193 0.030036 0.000313
37.650000 243 0.064150 0.026445 0.000276
37.750000 258 0.062257 0.028077 0.000293
37.850000 298 0.057928 0.032430 0.000338
37.950000 288 0.058926 0.031342 0.000327
38.050000 272 0.060634 0.029601 0.000309
38.150000 258 0.062257 0.028077 0.000293
38.250000 269 0.060971 0.029274 0.000305
38.350000 272 0.060634 0.029601 0.000309
38.450000 269 0.060971 0.029274 0.000305
38.550000 241 0.064416 0.026227 0.000274
38.650000 242 0.064282 0.026336 0.000275
38.750000 328 0.055216 0.035695 0.000372
38.850000 262 0.061780 0.028512 0.000298
38.950000 276 0.060193 0.030036 0.000313
39.050000 282 0.059549 0.030689 0.000320
39.150000 287 0.059028 0.031233 0.000326
39.250000 259 0.062137 0.028186 0.000294
39.350000 273 0.060523 0.029709 0.000310
39.450000 248 0.063500 0.026989 0.000282
39.550000 252 0.062994 0.027424 0.000286
39.650000 309 0.056888 0.033627 0.000351
39.750000 275 0.060302 0.029927 0.000312
39.850000 256 0.062500 0.027859 0.000291
39.950000 244 0.064018 0.026553 0.000277
40.050000 256 0.062500 0.027859 0.000291
40.150000 267 0.061199 0.029056 0.000303
40.250000 260 0.062017 0.028295 0.000295
40.350000 240 0.064550 0.026118 0.000273
40.450000 270 0.060858 0.029383 0.000307
40.550000 256 0.062500 0.027859 0.000291
40.650000 298 0.057928 0.032430 0.000338
40.750000 301 0.057639 0.032757 0.000342
40.850000 284 0.059339 0.030907 0.000322
40.950000 283 0.059444 0.030798 0.000321
41.050000 266 0.061314 0.028948 0.000302
41.150000 276 0.060193 0.030036 0.000313
41.250000 273 0.060523 0.029709 0.000310
41.350000 242 0.064282 0.026336 0.000275
41.450000 265 0.061430 0.028839 0.000301
41.550000 278 0.059976 0.030254 0.000316
41.650000 272 0.060634 0.029601 0.000309
41.750000 271 0.060746 0.029492 0.000308
41.850000 280 0.059761 0.030471 0.000318
41.950000 270 0.060858 0.029383 0.000307
42.050000 285 0.059235 0.031015 0.000324
42.150000 292 0.058521 0.031777 0.000332
42.250000 259 0.062137 0.028186 0.000294
42.350000 293 0.058421 0.031886 0.000333
42.450000 271 0.060746 0.029492 0.000308
42.550000 258 0.062257 0.028077 0.000293
42.650000 291 0.058621 0.031668 0.000330
42.750000 260 0.062017 0.028295 0.000295
42.850000 275 0.060302 0.029927 0.000312
42.950000 245 0.063888 0.026662 0.000278
43.050000 264 0.061546 0.028730 0.000300
43.150000 252 0.062994 0.027424 0.000286
43.250000 243 0.064150 0.026445 0.000276
43.350000 277 0.060084 0.030145 0.000315
43.450000 263 0.061663 0.028621 0.000299
43.550000 245 0.063888 0.026662 0.000278
43.650000 275 0.060302 0.029927 0.000312
43.750000 273 0.060523 0.029709 0.000310
43.850000 228 0.066227 0.024812 0.000259
43.950000 249 0.063372 0.027098 0.000283
44.050000 280 0.059761 0.030471 0.000318
44.150000 265 0.061430 0.028839 0.000301
44.250000 284 0.059339 0.030907 0.000322
44.350000 290 0.058722 0.031559 0.000329
44.450000 265 0.061430 0.028839 0.000301
44.550000 252 0.062994 0.027424 0.000286
44.650000 281 0.059655 0.030580 0.000319
44.750000 252 0.062994 0.027424 0.000286
44.850000 240 0.064550 0.026118 0.000273
44.950000 236 0.065094 0.025683 0.000268
45.050000 258 0.062257 0.028077 0.000293
45.150000 260 0.062017 0.028295 0.000295
45.250000 249 0.063372 0.027098 0.000283
45.350000 268 0.061085 0.029165 0.000304
45.450000 271 0.060746 0.029492 0.000308
45.550000 260 0.062017 0.028295 0.000295
45.650000 220 0.067420 0.023942 0.000250
45.750000 241 0.064416 0.026227 0.000274
45.850000 255 0.062622 0.027751 0.000290
45.950000 261 0.061898 0.028404 0.000296
46.050000 260 0.062017 0.028295 0.000295
46.150000 249 0.063372 0.027098 0.000283
46.250000 240 0.064550 0.026118 0.000273
46.350000 243 0.064150 0.026445 0.000276
46.450000 243 0.064150 0.026445 0.000276
46.550000 218 0.067729 0.023724 0.000248
46.650000 268 0.061085 0.029165 0.000304
46.750000 258 0.062257 0.028077 0.000293
46.850000 235 0.065233 0.025574 0.000267
46.950000 251 0.063119 0.027315 0.000285
47.050000 256 0.062500 0.027859 0.000291
47.150000 268 0.061085 0.029165 0.000304
47.250000 231 0.065795 0.025139 0.000262
47.350000 260 0.062017 0.028295 0.000295
47.450000 220 0.067420 0.023942 0.000250
47.550000 230 0.065938 0.025030 0.000261
47.650000 239 0.064685 0.026009 0.000271
47.750000 238 0.064820 0.025901 0.000270
47.850000 239 0.064685 0.026009 0.000271
47.950000 217 0.067884 0.023615 0.000246
48.050000 226 0.066519 0.024595 0.000257
48.150000 213 0.068519 0.023180 0.000242
48.250000 206 0.069673 0.022418 0.000234
48.350000 215 0.068199 0.023398 0.000244
48.450000 240 0.064550 0.026118 0.000273
48.550000 218 0.067729 0.023724 0.000248
48.650000 251 0.063119 0.027315 0.000285
48.750000 209 0.069171 0.022745 0.000237
48.850000 219 0.067574 0.023833 0.000249
48.950000 233 0.065512 0.025356 0.000265
49.050000 240 0.064550 0.026118 0.000273
49.150000 209 0.069171 0.022745 0.000237
49.250000 205 0.069843 0.022309 0.000233
49.350000 209 0.069171 0.022745 0.000237
49.450000 234 0.065372 0.025465 0.000266
49.550000 200 0.070711 0.021765 0.000227
49.650000 223 0.066965 0.024268 0.000253
49.750000 232 0.065653 0.025248 0.000263
49.850000 214 0.068359 0.023289 0.000243
49.950000 197 0.071247 0.021439 0.000224
50.050000 226 0.066519 0.024595 0.000257
50.150000 205 0.069843 0.022309 0.000233
50.250000 208 0.069338 0.022636 0.000236
50.350000 196 0.071429 0.021330 0.000223
50.450000 219 0.067574 0.023833 0.000249
50.550000 223 0.066965 0.024268 0.000253
50.650000 205 0.069843 0.022309 0.000233
50.750000 219 0.067574 0.023833 0.000249
50.850000 224 0.066815 0.024377 0.000254
50.950000 218 0.067729 0.023724 0.000248
51.050000 210 0.069007 0.022853 0.000239
51.150000 198 0.071067 0.021548 0.000225
51.250000 208 0.069338 0.022636 0.000236
51.350000 199 0.070888 0.021656 0.000226
51.450000 227 0.066372 0.024703 0.000258
51.550000 186 0.073324 0.020242 0.000211
51.650000 218 0.067729 0.023724 0.000248
51.750000 228 0.066227 0.024812 0.000259
51.850000 159 0.079305 0.017303 0.000181
51.950000 191 0.072357 0.020786 0.000217
52.050000 206 0.069673 0.022418 0.000234
52.150000 196 0.071429 0.021330 0.000223
52.250000 219 0.067574 0.023833 0.000249
52.350000 195 0.071611 0.021221 0.000222
52.450000 210 0.069007 0.022853 0.000239
52.550000 225 0.066667 0.024486 0.000256
52.650000 202 0.070360 0.021983 0.000229
52.750000 230 0.065938 0.025030 0.000261
52.850000 191 0.072357 0.020786 0.000217
52.950000 204 0.070014 0.022200 0.000232
53.050000 191 0.072357 0.020786 0.000217
53.150000 213 0.068519 0.023180 0.000242
53.250000 187 0.073127 0.020350 0.000212
53.350000 212 0.068680 0.023071 0.000241
53.450000 208 0.069338 0.022636 0.000236
53.550000 200 0.070711 0.021765 0.000227
53.650000 223 0.066965 0.024268 0.000253
53.750000 181 0.074329 0.019697 0.000206
53.850000 187 0.073127 0.020350 0.000212
53.950000 220 0.067420 0.023942 0.000250
54.050000 198 0.071067 0.021548 0.000225
54.150000 202 0.070360 0.021983 0.000229
54.250000 190 0.072548 0.020677 0.000216
54.350000 213 0.068519 0.023180 0.000242
54.450000 203 0.070186 0.022092 0.000231
54.550000 186 0.073324 0.020242 0.000211
54.650000 184 0.073721 0.020024 0.000209
54.750000 190 0.072548 0.020677 0.000216
54.850000 204 0.070014 0.022200 0.000232
54.950000 190 0.072548 0.020677 0.000216
55.050000 200 0.070711 0.021765 0.000227
55.150000 170 0.076696 0.018500 0.000193
55.250000 196 0.071429 0.021330 0.000223
55.350000 171 0.076472 0.018609 0.000194
55.450000 174 0.075810 0.018936 0.000198
55.550000 186 0.073324 0.020242 0.000211
55.650000 168 0.077152 0.018283 0.000191
55.750000 186 0.073324 0.020242 0.000211
55.850000 179 0.074744 0.019480 0.000203
55.950000 204 0.070014 0.022200 0.000232
56.050000 176 0.075378 0.019153 0.000200
56.150000 216 0.068041 0.023506 0.000245
56.250000 197 0.071247 0.021439 0.000224
56.350000 191 0.072357 0.020786 0.000217
56.450000 175 0.075593 0.019045 0.000199
56.550000 196 0.071429 0.021330 0.000223
56.650000 193 0.071982 0.021003 0.000219
56.750000 174 0.075810 0.018936 0.000198
56.850000 197 0.071247 0.021439 0.000224
56.950000 191 0.072357 0.020786 0.000217
57.050000 160 0.079057 0.017412 0.000182
57.150000 192 0.072169 0.020895 0.000218
57.250000 165 0.077850 0.017956 0.000188
57.350000 189 0.072739 0.020568 0.000215
57.450000 197 0.071247 0.021439 0.000224
57.550000 188 0.072932 0.020459 0.000214
57.650000 169 0.076923 0.018392 0.000192
57.750000 180 0.074536 0.019589 0.000205
57.850000 174 0.075810 0.018936 0.000198
57.950000 155 0.080322 0.016868 0.000176
58.050000 187 0.073127 0.020350 0.000212
58.150000 156 0.080064 0.016977 0.000177
58.250000 174 0.075810 0.018936 0.000198
58.350000 200 0.070711 0.021765 0.000227
58.450000 180 0.074536 0.019589 0.000205
58.550000 164 0.078087 0.017847 0.000186
58.650000 180 0.074536 0.019589 0.000205
58.750000 169 0.076923 0.018392 0.000192
58.850000 172 0.076249 0.018718 0.000195
58.950000 184 0.073721 0.020024 0.000209
59.050000 162 0.078567 0.017630 0.000184
59.150000 167 0.077382 0.018174 0.000190
59.250000 163 0.078326 0.017739 0.000185
59.350000 171 0.076472 0.018609 0.000194
59.450000 184 0.073721 0.020024 0.000209
59.550000 181 0.074329 0.019697 0.000206
59.650000 172 0.076249 0.018718 0.000195
59.750000 154 0.080582 0.016759 0.000175
59.850000 148 0.082199 0.016106 0.000168
59.950000 136 0.085749 0.014800 0.000155
60.050000 182 0.074125 0.019806 0.000207
60.150000 169 0.076923 0.018392 0.000192
60.250000 168 0.077152 0.018283 0.000191
60.350000 162 0.078567 0.017630 0.000184
60.450000 160 0.079057 0.017412 0.000182
60.550000 191 0.072357 0.020786 0.000217
60.650000 177 0.075165 0.019262 0.000201
60.750000 166 0.077615 0.018065 0.000189
60.850000 175 0.075593 0.019045 0.000199
60.950000 176 0.075378 0.019153 0.000200
61.050000 187 0.073127 0.020350 0.000212
61.150000 171 0.076472 0.018609 0.000194
61.250000 146 0.082761 0.015889 0.000166
61.350000 171 0.076472 0.018609 0.000194
61.450000 164 0.078087 0.017847 0.000186
61.550000 174 0.075810 0.018936 0.000198
61.650000 170 0.076696 0.018500 0.000193
61.750000 161 0.078811 0.017521 0.000183
61.850000 153 0.080845 0.016650 0.000174
61.950000 162 0.078567 0.017630 0.000184
62.050000 175 0.075593 0.019045 0.000199
62.150000 172 0.076249 0.018718 0.000195
62.250000 179 0.074744 0.019480 0.000203
62.350000 161 0.078811 0.017521 0.000183
62.450000 151 0.081379 0.016433 0.000172
62.550000 153 0.080845 0.016650 0.000174
62.650000 171 0.076472 0.018609 0.000194
62.750000 143 0.083624 0.015562 0.000163
62.850000 166 0.077615 0.018065 0.000189
62.950000 166 0.077615 0.018065 0.000189
63.050000 160 0.079057 0.017412 0.000182
63.150000 168 0.077152 0.018283 0.000191
63.250000 136 0.085749 0.014800 0.000155
63.350000 156 0.080064 0.016977 0.000177
63.450000 161 0.078811 0.017521 0.000183
63.550000 162 0.078567 0.017630 0.000184
63.650000 162 0.078567 0.017630 0.000184
63.750000 171 0.076472 0.018609 0.000194
63.850000 176 0.075378 0.019153 0.000200
63.950000 167 0.077382 0.018174 0.000190
64.050000 141 0.084215 0.015344 0.000160
64.150000 140 0.084515 0.015236 0.000159
64.250000 166 0.077615 0.018065 0.000189
64.350000 158 0.079556 0.017194 0.000180
64.450000 190 0.072548 0.020677 0.000216
64.550000 167 0.077382 0.018174 0.000190
64.650000 169 0.076923 0.018392 0.000192
64.750000 168 0.077152 0.018283 0.000191
64.850000 138 0.085126 0.015018 0.000157
64.950000 144 0.083333 0.015671 0.000164
65.050000 168 0.077152 0.018283 0.000191
65.150000 160 0.079057 0.017412 0.000182
65.250000 170 0.076696 0.018500 0.000193
65.350000 168 0.077152 0.018283 0.000191
65.450000 170 0.076696 0.018500 0.000193
65.550000 151 0.081379 0.016433 0.000172
65.650000 140 0.084515 0.015236 0.000159
65.750000 151 0.081379 0.016433 0.000172
65.850000 152 0.081111 0.016542 0.000173
65.950000 128 0.088388 0.013930 0.000146
66.050000 148 0.082199 0.016106 0.000168
66.150000 157 0.079809 0.017086 0.000178
66.250000 156 0.080064 0.016977 0.000177
66.350000 146 0.082761 0.015889 0.000166
66.450000 137 0.085436 0.014909 0.000156
66.550000 116 0.092848 0.012624 0.000132
66.650000 160 0.079057 0.017412 0.000182
66.750000 157 0.079809 0.017086 0.000178
66.850000 173 0.076029 0.018827 0.000197
66.950000 156 0.080064 0.016977 0.000177
67.050000 152 0.081111 0.016542 0.000173
67.150000 136 0.085749 0.014800 0.000155
67.250000 136 0.085749 0.014800 0.000155
67.350000 118 0.092057 0.012841 0.000134
67.450000 141 0.084215 0.015344 0.000160
67.550000 127 0.088736 0.013821 0.000145
67.650000 119 0.091670 0.012950 0.000135
67.750000 121 0.090909 0.013168 0.000138
67.850000 127 0.088736 0.013821 0.000145
67.950000 120 0.091287 0.013059 0.000137
68.050000 127 0.088736 0.013821 0.000145
68.150000 147 0.082479 0.015997 0.000167
68.250000 146 0.082761 0.015889 0.000166
68.350000 126 0.089087 0.013712 0.000143
68.450000 118 0.092057 0.012841 0.000134
68.550000 109 0.095783 0.011862 0.000124
68.650000 118 0.092057 0.012841 0.000134
68.750000 110 0.095346 0.011971 0.000125
68.850000 121 0.090909 0.013168 0.000138
68.950000 128 0.088388 0.013930 0.000146
69.050000 117 0.092450 0.012733 0.000133
69.150000 112 0.094491 0.012188 0.000128
69.250000 126 0.089087 0.013712 0.000143
69.350000 122 0.090536 0.013277 0.000139
69.450000 99 0.100504 0.010774 0.000113
69.550000 114 0.093659 0.012406 0.000130
69.650000 101 0.099504 0.010991 0.000115
69.750000 126 0.089087 0.013712 0.000143
69.850000 119 0.091670 0.012950 0.000135
69.950000 124 0.089803 0.013494 0.000141
70.050000 117 0.092450 0.012733 0.000133
70.150000 116 0.092848 0.012624 0.000132
70.250000 103 0.098533 0.011209 0.000117
70.350000 129 0.088045 0.014039 0.000147
70.450000 99 0.100504 0.010774 0.000113
70.550000 97 0.101535 0.010556 0.000111
70.650000 108 0.096225 0.011753 0.000123
70.750000 95 0.102598 0.010338 0.000108
70.850000 96 0.102062 0.010447 0.000110
70.950000 93 0.103695 0.010121 0.000106
71.050000 99 0.100504 0.010774 0.000113
71.150000 105 0.097590 0.011427 0.000120
71.250000 99 0.100504 0.010774 0.000113
71.350000 116 0.092848 0.012624 0.000132
71.450000 80 0.111803 0.008706 0.000092
71.550000 109 0.095783 0.011862 0.000124
71.650000 111 0.094916 0.012080 0.000126
71.750000 100 0.100000 0.010883 0.000114
71.850000 98 0.101015 0.010665 0.000112
71.950000 127 0.088736 0.013821 0.000145
72.050000 119 0.091670 0.012950 0.000135
72.150000 108 0.096225 0.011753 0.000123
72.250000 108 0.096225 0.011753 0.000123
72.350000 119 0.091670 0.012950 0.000135
72.450000 105 0.097590 0.011427 0.000120
72.550000 107 0.096674 0.011644 0.000122
72.650000 92 0.104257 0.010012 0.000105
72.750000 103 0.098533 0.011209 0.000117
72.850000 80 0.111803 0.008706 0.000092
72.950000 80 0.111803 0.008706 0.000092
73.050000 99 0.100504 0.010774 0.000113
73.150000 81 0.111111 0.008815 0.000093
73.250000 99 0.100504 0.010774 0.000113
73.350000 101 0.099504 0.010991 0.000115
73.450000 94 0.103142 0.010230 0.000107
73.550000 96 0.102062 0.010447 0.000110
73.650000 91 0.104828 0.009903 0.000104
73.750000 102 0.099015 0.011100 0.000116
73.850000 95 0.102598 0.010338 0.000108
73.950000 95 0.102598 0.010338 0.000108
74.050000 84 0.109109 0.009141 0.000096
74.150000 89 0.106000 0.009685 0.000102
74.250000 92 0.104257 0.010012 0.000105
74.350000 128 0.088388 0.013930 0.000146
74.450000 76 0.114708 0.008271 0.000087
74.550000 89 0.106000 0.009685 0.000102
74.650000 79 0.112509 0.008597 0.000091
74.750000 94 0.103142 0.010230 0.000107
74.850000 74 0.116248 0.008053 0.000085
74.950000 109 0.095783 0.011862 0.000124
75.050000 112 0.094491 0.012188 0.000128
75.150000 81 0.111111 0.008815 0.000093
75.250000 85 0.108465 0.009250 0.000097
75.350000 101 0.099504 0.010991 0.000115
75.450000 107 0.096674 0.011644 0.000122
75.550000 108 0.096225 0.011753 0.000123
75.650000 100 0.100000 0.010883 0.000114
75.750000 84 0.109109 0.009141 0.000096
75.850000 97 0.101535 0.010556 0.000111
75.950000 84 0.109109 0.009141 0.000096
76.050000 95 0.102598 0.010338 0.000108
76.150000 103 0.098533 0.011209 0.000117
76.250000 101 0.099504 0.010991 0.000115
76.350000 101 0.099504 0.010991 0.000115
76.450000 113 0.094072 0.012297 0.000129
76.550000 110 0.095346 0.011971 0.000125
76.650000 104 0.098058 0.011318 0.000119
76.750000 97 0.101535 0.010556 0.000111
76.850000 95 0.102598 0.010338 0.000108
76.950000 125 0.089443 0.013603 0.000142
77.050000 98 0.101015 0.010665 0.000112
77.150000 102 0.099015 0.011100 0.000116
77.250000 98 0.101015 0.010665 0.000112
77.350000 91 0.104828 0.009903 0.000104
77.450000 103 0.098533 0.011209 0.000117
77.550000 121 0.090909 0.013168 0.000138
77.650000 108 0.096225 0.011753 0.000123
77.750000 131 0.087370 0.014256 0.000149
77.850000 108 0.096225 0.011753 0.000123
77.950000 108 0.096225 0.011753 0.000123
78.050000 115 0.093250 0.012515 0.000131
78.150000 118 0.092057 0.012841 0.000134
78.250000 122 0.090536 0.013277 0.000139
78.350000 136 0.085749 0.014800 0.000155
78.450000 112 0.094491 0.012188 0.000128
78.550000 140 0.084515 0.015236 0.000159
78.650000 93 0.103695 0.010121 0.000106
78.750000 122 0.090536 0.013277 0.000139
78.850000 92 0.104257 0.010012 0.000105
78.950000 111 0.094916 0.012080 0.000126
79.050000 107 0.096674 0.011644 0.000122
79.150000 134 0.086387 0.014583 0.000152
79.250000 123 0.090167 0.013386 0.000140
79.350000 126 0.089087 0.013712 0.000143
79.450000 91 0.104828 0.009903 0.000104
79.550000 117 0.092450 0.012733 0.000133
79.650000 132 0.087039 0.014365 0.000150
79.750000 107 0.096674 0.011644 0.000122
79.850000 107 0.096674 0.011644 0.000122
79.950000 90 0.105409 0.009794 0.000103
80.050000 92 0.104257 0.010012 0.000105
80.150000 97 0.101535 0.010556 0.000111
80.250000 120 0.091287 0.013059 0.000137
80.350000 98 0.101015 0.010665 0.000112
80.450000 103 0.098533 0.011209 0.000117
80.550000 113 0.094072 0.012297 0.000129
80.650000 110 0.095346 0.011971 0.000125
80.750000 90 0.105409 0.009794 0.000103
80.850000 109 0.095783 0.011862 0.000124
80.950000 87 0.107211 0.009468 0.000099
81.050000 86 0.107833 0.009359 0.000098
81.150000 80 0.111803 0.008706 0.000092
81.250000 81 0.111111 0.008815 0.000093
81.350000 97 0.101535 0.010556 0.000111
81.450000 88 0.106600 0.009577 0.000101
81.550000 98 0.101015 0.010665 0.000112
81.650000 102 0.099015 0.011100 0.000116
81.750000 89 0.106000 0.009685 0.000102
81.850000 72 0.117851 0.007835 0.000083
81.950000 92 0.104257 0.010012 0.000105
82.050000 85 0.108465 0.009250 0.000097
82.150000 75 0.115470 0.008162 0.000086
82.250000 75 0.115470 0.008162 0.000086
82.350000 71 0.118678 0.007727 0.000082
82.450000 83 0.109764 0.009033 0.000095
82.550000 85 0.108465 0.009250 0.000097
82.650000 71 0.118678 0.007727 0.000082
82.750000 69 0.120386 0.007509 0.000079
82.850000 65 0.124035 0.007074 0.000075
82.950000 70 0.119523 0.007618 0.000081
83.050000 81 0.111111 0.008815 0.000093
83.150000 55 0.134840 0.005985 0.000064
83.250000 50 0.141421 0.005441 0.000059
83.350000 54 0.136083 0.005877 0.000063
83.450000 67 0.122169 0.007291 0.000077
83.550000 76 0.114708 0.008271 0.000087
83.650000 68 0.121268 0.007400 0.000078
83.750000 61 0.128037 0.006638 0.000071
83.850000 65 0.124035 0.007074 0.000075
83.950000 55 0.134840 0.005985 0.000064
84.050000 73 0.117041 0.007944 0.000084
84.150000 73 0.117041 0.007944 0.000084
84.250000 64 0.125000 0.006965 0.000074
84.350000 52 0.138675 0.005659 0.000061
84.450000 48 0.144338 0.005224 0.000057
84.550000 73 0.117041 0.007944 0.000084
84.650000 64 0.125000 0.006965 0.000074
84.750000 57 0.132453 0.006203 0.000066
84.850000 56 0.133631 0.006094 0.000065
84.950000 46 0.147442 0.005006 0.000055
85.050000 67 0.122169 0.007291 0.000077
85.150000 61 0.128037 0.006638 0.000071
85.250000 62 0.127000 0.006747 0.000072
85.350000 49 0.142857 0.005332 0.000058
85.450000 63 0.125988 0.006856 0.000073
85.550000 53 0.137361 0.005768 0.000062
85.650000 54 0.136083 0.005877 0.000063
85.750000 70 0.119523 0.007618 0.000081
85.850000 84 0.109109 0.009141 0.000096
85.950000 67 0.122169 0.007291 0.000077
86.050000 74 0.116248 0.008053 0.000085
86.150000 65 0.124035 0.007074 0.000075
86.250000 74 0.116248 0.008053 0.000085
86.350000 56 0.133631 0.006094 0.000065
86.450000 74 0.116248 0.008053 0.000085
86.550000 77 0.113961 0.008380 0.000088
86.650000 77 0.113961 0.008380 0.000088
86.750000 73 0.117041 0.007944 0.000084
86.850000 71 0.118678 0.007727 0.000082
86.950000 70 0.119523 0.007618 0.000081
87.050000 72 0.117851 0.007835 0.000083
87.150000 79 0.112509 0.008597 0.000091
87.250000 72 0.117851 0.007835 0.000083
87.350000 80 0.111803 0.008706 0.000092
87.450000 67 0.122169 0.007291 0.000077
87.550000 80 0.111803 0.008706 0.000092
87.650000 76 0.114708 0.008271 0.000087
87.750000 99 0.100504 0.010774 0.000113
87.850000 82 0.110432 0.008924 0.000094
87.950000 71 0.118678 0.007727 0.000082
88.050000 84 0.109109 0.009141 0.000096
88.150000 67 0.122169 0.007291 0.000077
88.250000 71 0.118678 0.007727 0.000082
88.350000 80 0.111803 0.008706 0.000092
88.450000 94 0.103142 0.010230 0.000107
88.550000 77 0.113961 0.008380 0.000088
88.650000 86 0.107833 0.009359 0.000098
88.750000 92 0.104257 0.010012 0.000105
88.850000 79 0.112509 0.008597 0.000091
88.950000 72 0.117851 0.007835 0.000083
89.050000 100 0.100000 0.010883 0.000114
89.150000 76 0.114708 0.008271 0.000087
89.250000 105 0.097590 0.011427 0.000120
89.350000 86 0.107833 0.009359 0.000098
89.450000 82 0.110432 0.008924 0.000094
89.550000 72 0.117851 0.007835 0.000083
89.650000 86 0.107833 0.009359 0.000098
89.750000 81 0.111111 0.008815 0.000093
89.850000 77 0.113961 0.008380 0.000088
89.950000 88 0.106600 0.009577 0.000101
90.050000 68 0.121268 0.007400 0.000078
90.150000 72 0.117851 0.007835 0.000083
90.250000 80 0.111803 0.008706 0.000092
90.350000 78 0.113228 0.008488 0.000089
90.450000 82 0.110432 0.008924 0.000094
90.550000 71 0.118678 0.007727 0.000082
90.650000 70 0.119523 0.007618 0.000081
90.750000 73 0.117041 0.007944 0.000084
90.850000 56 0.133631 0.006094 0.000065
90.950000 77 0.113961 0.008380 0.000088
91.050000 60 0.129099 0.006530 0.000070
91.150000 64 0.125000 0.006965 0.000074
91.250000 55 0.134840 0.005985 0.000064
91.350000 47 0.145865 0.005115 0.000056
91.450000 47 0.145865 0.005115 0.000056
91.550000 63 0.125988 0.006856 0.000073
91.650000 50 0.141421 0.005441 0.000059
91.750000 50 0.141421 0.005441 0.000059
91.850000 72 0.117851 0.007835 0.000083
91.950000 56 0.133631 0.006094 0.000065
92.050000 48 0.144338 0.005224 0.000057
92.150000 53 0.137361 0.005768 0.000062
92.250000 44 0.150756 0.004788 0.000053
92.350000 46 0.147442 0.005006 0.000055
92.450000 44 0.150756 0.004788 0.000053
92.550000 38 0.162221 0.004135 0.000047
92.650000 48 0.144338 0.005224 0.000057
92.750000 40 0.158114 0.004353 0.000049
92.850000 33 0.174078 0.003591 0.000042
92.950000 33 0.174078 0.003591 0.000042
93.050000 44 0.150756 0.004788 0.000053
93.150000 40 0.158114 0.004353 0.000049
93.250000 40 0.158114 0.004353 0.000049
93.350000 41 0.156174 0.004462 0.000050
93.450000 35 0.169031 0.003809 0.000044
93.550000 42 0.154303 0.004571 0.000051
93.650000 45 0.149071 0.004897 0.000054
93.750000 38 0.162221 0.004135 0.000047
93.850000 19 0.229416 0.002068 0.000033
93.950000 26 0.196116 0.002829 0.000036
94.050000 30 0.182574 0.003265 0.000039
94.150000 29 0.185695 0.003156 0.000039
94.250000 27 0.192450 0.002938 0.000037
94.350000 35 0.169031 0.003809 0.000044
94.450000 27 0.192450 0.002938 0.000037
94.550000 40 0.158114 0.004353 0.000049
94.650000 35 0.169031 0.003809 0.000044
94.750000 25 0.200000 0.002721 0.000036
94.850000 22 0.213201 0.002394 0.000034
94.950000 37 0.164399 0.004027 0.000046
95.050000 20 0.223607 0.002177 0.000033
95.150000 38 0.162221 0.004135 0.000047
95.250000 32 0.176777 0.003482 0.000041
95.350000 23 0.208514 0.002503 0.000035
95.450000 28 0.188982 0.003047 0.000038
95.550000 33 0.174078 0.003591 0.000042
95.650000 27 0.192450 0.002938 0.000037
95.750000 30 0.182574 0.003265 0.000039
95.850000 33 0.174078 0.003591 0.000042
95.950000 30 0.182574 0.003265 0.000039
96.050000 26 0.196116 0.002829 0.000036
96.150000 37 0.164399 0.004027 0.000046
96.250000 31 0.179605 0.003374 0.000040
96.350000 25 0.200000 0.002721 0.000036
96.450000 15 0.258199 0.001632 0.000033
96.550000 28 0.188982 0.003047 0.000038
96.650000 23 0.208514 0.002503 0.000035
96.750000 24 0.204124 0.002612 0.000035
96.850000 33 0.174078 0.003591 0.000042
96.950000 22 0.213201 0.002394 0.000034
97.050000 24 0.204124 0.002612 0.000035
97.150000 33 0.174078 0.003591 0.000042
97.250000 32 0.176777 0.003482 0.000041
97.350000 25 0.200000 0.002721 0.000036
97.450000 27 0.192450 0.002938 0.000037
97.550000 31 0.179605 0.003374 0.000040
97.650000 24 0.204124 0.002612 0.000035
97.750000 30 0.182574 0.003265 0.000039
97.850000 18 0.235702 0.001959 0.000033
97.950000 27 0.192450 0.002938 0.000037
98.050000 17 0.242536 0.001850 0.000033
98.150000 32 0.176777 0.003482 0.000041
98.250000 12 0.288675 0.001306 0.000034
98.350000 28 0.188982 0.003047 0.000038
98.450000 23 0.208514 0.002503 0.000035
98.550000 29 0.185695 0.003156 0.000039
98.650000 31 0.179605 0.003374 0.000040
98.750000 26 0.196116 0.002829 0.000036
98.850000 25 0.200000 0.002721 0.000036
98.950000 20 0.223607 0.002177 0.000033
99.050000 23 0.208514 0.002503 0.000035
99.150000 35 0.169031 0.003809 0.000044
99.250000 24 0.204124 0.002612 0.000035
99.350000 15 0.258199 0.001632 0.000033
99.450000 26 0.196116 0.002829 0.000036
99.550000 18 0.235702 0.001959 0.000033
99.650000 27 0.192450 0.002938 0.000037
99.750000 31 0.179605 0.003374 0.000040
99.850000 22 0.213201 0.002394 0.000034
99.950000 25 0.200000 0.002721 0.000036
