# name, dx, fmax, fmax_err, norm_value, norm_vale_err
# Na22 0.1 848 29.120439557122072 9189 95.85927185202274
# bin_center, freq, freq_err, norm_freq, norm_freq_err
0.050000 0 0.000000 0.000000 0.000000
0.150000 0 0.000000 0.000000 0.000000
0.250000 0 0.000000 0.000000 0.000000
0.350000 0 0.000000 0.000000 0.000000
0.450000 0 0.000000 0.000000 0.000000
0.550000 0 0.000000 0.000000 0.000000
0.650000 1 1.000000 0.000109 0.000109
0.750000 23 4.795832 0.002503 0.000523
0.850000 52 7.211103 0.005659 0.000787
0.950000 137 11.704700 0.014909 0.001283
1.050000 207 14.387495 0.022527 0.001583
1.150000 268 16.370706 0.029165 0.001807
1.250000 287 16.941074 0.031233 0.001872
1.350000 308 17.549929 0.033518 0.001942
1.450000 331 18.193405 0.036021 0.002015
1.550000 306 17.492856 0.033301 0.001935
1.650000 298 17.262677 0.032430 0.001909
1.750000 289 17.000000 0.031451 0.001879
1.850000 274 16.552945 0.029818 0.001828
1.950000 250 15.811388 0.027206 0.001744
2.050000 298 17.262677 0.032430 0.001909
2.150000 275 16.583124 0.029927 0.001831
2.250000 281 16.763055 0.030580 0.001852
2.350000 296 17.204651 0.032212 0.001902
2.450000 278 16.673332 0.030254 0.001842
2.550000 264 16.248077 0.028730 0.001793
2.650000 272 16.492423 0.029601 0.001821
2.750000 276 16.613248 0.030036 0.001835
2.850000 264 16.248077 0.028730 0.001793
2.950000 271 16.462078 0.029492 0.001818
3.050000 281 16.763055 0.030580 0.001852
3.150000 264 16.248077 0.028730 0.001793
3.250000 262 16.186414 0.028512 0.001786
3.350000 309 17.578396 0.033627 0.001945
3.450000 258 16.062378 0.028077 0.001772
3.550000 282 16.792856 0.030689 0.001855
3.650000 299 17.291616 0.032539 0.001912
3.750000 299 17.291616 0.032539 0.001912
3.850000 279 16.703293 0.030362 0.001845
3.950000 278 16.673332 0.030254 0.001842
4.050000 265 16.278821 0.028839 0.001797
4.150000 284 16.852300 0.030907 0.001862
4.250000 282 16.792856 0.030689 0.001855
4.350000 234 15.297059 0.025465 0.001686
4.450000 267 16.340135 0.029056 0.001804
4.550000 256 16.000000 0.027859 0.001765
4.650000 287 16.941074 0.031233 0.001872
4.750000 324 18.000000 0.035260 0.001993
4.850000 306 17.492856 0.033301 0.001935
4.950000 314 17.720045 0.034171 0.001961
5.050000 308 17.549929 0.033518 0.001942
5.150000 329 18.138357 0.035804 0.002009
5.250000 288 16.970563 0.031342 0.001876
5.350000 306 17.492856 0.033301 0.001935
5.450000 338 18.384776 0.036783 0.002037
5.550000 294 17.146428 0.031995 0.001896
5.650000 344 18.547237 0.037436 0.002056
5.750000 362 19.026298 0.039395 0.002111
5.850000 308 17.549929 0.033518 0.001942
5.950000 347 18.627936 0.037763 0.002065
6.050000 347 18.627936 0.037763 0.002065
6.150000 367 19.157244 0.039939 0.002126
6.250000 344 18.547237 0.037436 0.002056
6.350000 315 17.748239 0.034280 0.001964
6.450000 349 18.681542 0.037980 0.002071
6.550000 371 19.261360 0.040374 0.002138
6.650000 358 18.920888 0.038960 0.002099
6.750000 348 18.654758 0.037871 0.002068
6.850000 342 18.493242 0.037218 0.002050
6.950000 343 18.520259 0.037327 0.002053
7.050000 366 19.131126 0.039830 0.002123
7.150000 400 20.000000 0.043530 0.002223
7.250000 386 19.646883 0.042007 0.002183
7.350000 349 18.681542 0.037980 0.002071
7.450000 368 19.183326 0.040048 0.002129
7.550000 415 20.371549 0.045163 0.002266
7.650000 385 19.621417 0.041898 0.002180
7.750000 382 19.544820 0.041571 0.002171
7.850000 399 19.974984 0.043421 0.002220
7.950000 375 19.364917 0.040810 0.002150
8.050000 372 19.287302 0.040483 0.002141
8.150000 413 20.322401 0.044945 0.002261
8.250000 422 20.542639 0.045924 0.002286
8.350000 404 20.099751 0.043966 0.002235
8.450000 371 19.261360 0.040374 0.002138
8.550000 418 20.445048 0.045489 0.002275
8.650000 396 19.899749 0.043095 0.002212
8.750000 370 19.235384 0.040266 0.002135
8.850000 407 20.174241 0.044292 0.002244
8.950000 381 19.519221 0.041463 0.002168
9.050000 441 21.000000 0.047992 0.002340
9.150000 442 21.023796 0.048101 0.002342
9.250000 370 19.235384 0.040266 0.002135
9.350000 378 19.442222 0.041136 0.002159
9.450000 433 20.808652 0.047122 0.002317
9.550000 404 20.099751 0.043966 0.002235
9.650000 410 20.248457 0.044619 0.002252
9.750000 434 20.832667 0.047230 0.002320
9.850000 403 20.074860 0.043857 0.002232
9.950000 410 20.248457 0.044619 0.002252
10.050000 414 20.346990 0.045054 0.002264
10.150000 433 20.808652 0.047122 0.002317
10.250000 405 20.124612 0.044074 0.002238
10.350000 413 20.322401 0.044945 0.002261
10.450000 404 20.099751 0.043966 0.002235
10.550000 423 20.566964 0.046033 0.002289
10.650000 402 20.049938 0.043748 0.002229
10.750000 416 20.396078 0.045272 0.002269
10.850000 390 19.748418 0.042442 0.002194
10.950000 444 21.071308 0.048319 0.002348
11.050000 412 20.297783 0.044836 0.002258
11.150000 409 20.223748 0.044510 0.002249
11.250000 419 20.469489 0.045598 0.002278
11.350000 433 20.808652 0.047122 0.002317
11.450000 437 20.904545 0.047557 0.002328
11.550000 451 21.236761 0.049080 0.002367
11.650000 426 20.639767 0.046360 0.002298
11.750000 452 21.260292 0.049189 0.002370
11.850000 472 21.725561 0.051366 0.002424
11.950000 475 21.794495 0.051692 0.002432
12.050000 443 21.047565 0.048210 0.002345
12.150000 492 22.181073 0.053542 0.002478
12.250000 484 22.000000 0.052672 0.002456
12.350000 505 22.472205 0.054957 0.002512
12.450000 492 22.181073 0.053542 0.002478
12.550000 556 23.579652 0.060507 0.002643
12.650000 456 21.354157 0.049625 0.002381
12.750000 470 21.679483 0.051148 0.002419
12.850000 486 22.045408 0.052889 0.002462
12.950000 513 22.649503 0.055828 0.002533
13.050000 491 22.158520 0.053433 0.002475
13.150000 514 22.671568 0.055936 0.002535
13.250000 498 22.315914 0.054195 0.002493
13.350000 506 22.494444 0.055066 0.002514
13.450000 451 21.236761 0.049080 0.002367
13.550000 508 22.538855 0.055283 0.002520
13.650000 513 22.649503 0.055828 0.002533
13.750000 575 23.979158 0.062575 0.002690
13.850000 476 21.817424 0.051801 0.002435
13.950000 527 22.956481 0.057351 0.002569
14.050000 496 22.271057 0.053978 0.002488
14.150000 522 22.847319 0.056807 0.002556
14.250000 461 21.470911 0.050169 0.002394
14.350000 493 22.203603 0.053651 0.002480
14.450000 497 22.293497 0.054086 0.002491
14.550000 476 21.817424 0.051801 0.002435
14.650000 486 22.045408 0.052889 0.002462
14.750000 445 21.095023 0.048427 0.002351
14.850000 459 21.424285 0.049951 0.002389
14.950000 464 21.540659 0.050495 0.002403
15.050000 464 21.540659 0.050495 0.002403
15.150000 467 21.610183 0.050822 0.002411
15.250000 440 20.976177 0.047883 0.002337
15.350000 431 20.760539 0.046904 0.002312
15.450000 459 21.424285 0.049951 0.002389
15.550000 471 21.702534 0.051257 0.002422
15.650000 458 21.400935 0.049842 0.002386
15.750000 460 21.447611 0.050060 0.002392
15.850000 490 22.135944 0.053325 0.002472
15.950000 430 20.736441 0.046795 0.002309
16.050000 421 20.518285 0.045816 0.002283
16.150000 420 20.493902 0.045707 0.002281
16.250000 444 21.071308 0.048319 0.002348
16.350000 446 21.118712 0.048536 0.002353
16.450000 420 20.493902 0.045707 0.002281
16.550000 415 20.371549 0.045163 0.002266
16.650000 452 21.260292 0.049189 0.002370
16.750000 434 20.832667 0.047230 0.002320
16.850000 435 20.856654 0.047339 0.002323
16.950000 421 20.518285 0.045816 0.002283
17.050000 450 21.213203 0.048972 0.002364
17.150000 397 19.924859 0.043204 0.002215
17.250000 438 20.928450 0.047666 0.002331
17.350000 409 20.223748 0.044510 0.002249
17.450000 431 20.760539 0.046904 0.002312
17.550000 442 21.023796 0.048101 0.002342
17.650000 384 19.595918 0.041789 0.002177
17.750000 445 21.095023 0.048427 0.002351
17.850000 435 20.856654 0.047339 0.002323
17.950000 391 19.773720 0.042551 0.002197
18.050000 430 20.736441 0.046795 0.002309
18.150000 388 19.697716 0.042224 0.002188
18.250000 419 20.469489 0.045598 0.002278
18.350000 437 20.904545 0.047557 0.002328
18.450000 417 20.420578 0.045380 0.002272
18.550000 425 20.615528 0.046251 0.002295
18.650000 407 20.174241 0.044292 0.002244
18.750000 434 20.832667 0.047230 0.002320
18.850000 413 20.322401 0.044945 0.002261
18.950000 450 21.213203 0.048972 0.002364
19.050000 399 19.974984 0.043421 0.002220
19.150000 413 20.322401 0.044945 0.002261
19.250000 387 19.672316 0.042116 0.002185
19.350000 435 20.856654 0.047339 0.002323
19.450000 410 20.248457 0.044619 0.002252
19.550000 449 21.189620 0.048863 0.002362
19.650000 419 20.469489 0.045598 0.002278
19.750000 436 20.880613 0.047448 0.002326
19.850000 448 21.166010 0.048754 0.002359
19.950000 422 20.542639 0.045924 0.002286
20.050000 409 20.223748 0.044510 0.002249
20.150000 457 21.377558 0.049733 0.002384
20.250000 451 21.236761 0.049080 0.002367
20.350000 456 21.354157 0.049625 0.002381
20.450000 454 21.307276 0.049407 0.002375
20.550000 454 21.307276 0.049407 0.002375
20.650000 434 20.832667 0.047230 0.002320
20.750000 463 21.517435 0.050386 0.002400
20.850000 436 20.880613 0.047448 0.002326
20.950000 437 20.904545 0.047557 0.002328
21.050000 438 20.928450 0.047666 0.002331
21.150000 434 20.832667 0.047230 0.002320
21.250000 465 21.563859 0.050604 0.002405
21.350000 450 21.213203 0.048972 0.002364
21.450000 467 21.610183 0.050822 0.002411
21.550000 428 20.688161 0.046577 0.002303
21.650000 450 21.213203 0.048972 0.002364
21.750000 458 21.400935 0.049842 0.002386
21.850000 427 20.663978 0.046469 0.002300
21.950000 456 21.354157 0.049625 0.002381
22.050000 461 21.470911 0.050169 0.002394
22.150000 461 21.470911 0.050169 0.002394
22.250000 476 21.817424 0.051801 0.002435
22.350000 450 21.213203 0.048972 0.002364
22.450000 445 21.095023 0.048427 0.002351
22.550000 426 20.639767 0.046360 0.002298
22.650000 405 20.124612 0.044074 0.002238
22.750000 473 21.748563 0.051475 0.002427
22.850000 479 21.886069 0.052128 0.002443
22.950000 436 20.880613 0.047448 0.002326
23.050000 410 20.248457 0.044619 0.002252
23.150000 443 21.047565 0.048210 0.002345
23.250000 438 20.928450 0.047666 0.002331
23.350000 470 21.679483 0.051148 0.002419
23.450000 415 20.371549 0.045163 0.002266
23.550000 488 22.090722 0.053107 0.002467
23.650000 414 20.346990 0.045054 0.002264
23.750000 449 21.189620 0.048863 0.002362
23.850000 405 20.124612 0.044074 0.002238
23.950000 420 20.493902 0.045707 0.002281
24.050000 432 20.784610 0.047013 0.002314
24.150000 434 20.832667 0.047230 0.002320
24.250000 413 20.322401 0.044945 0.002261
24.350000 481 21.931712 0.052345 0.002448
24.450000 459 21.424285 0.049951 0.002389
24.550000 408 20.199010 0.044401 0.002246
24.650000 447 21.142375 0.048645 0.002356
24.750000 405 20.124612 0.044074 0.002238
24.850000 425 20.615528 0.046251 0.002295
24.950000 496 22.271057 0.053978 0.002488
25.050000 408 20.199010 0.044401 0.002246
25.150000 432 20.784610 0.047013 0.002314
25.250000 392 19.798990 0.042660 0.002200
25.350000 405 20.124612 0.044074 0.002238
25.450000 411 20.273135 0.044727 0.002255
25.550000 393 19.824228 0.042769 0.002203
25.650000 410 20.248457 0.044619 0.002252
25.750000 407 20.174241 0.044292 0.002244
25.850000 390 19.748418 0.042442 0.002194
25.950000 363 19.052559 0.039504 0.002114
26.050000 347 18.627936 0.037763 0.002065
26.150000 396 19.899749 0.043095 0.002212
26.250000 408 20.199010 0.044401 0.002246
26.350000 360 18.973666 0.039177 0.002105
26.450000 392 19.798990 0.042660 0.002200
26.550000 394 19.849433 0.042877 0.002206
26.650000 357 18.894444 0.038851 0.002096
26.750000 372 19.287302 0.040483 0.002141
26.850000 358 18.920888 0.038960 0.002099
26.950000 338 18.384776 0.036783 0.002037
27.050000 359 18.947295 0.039068 0.002102
27.150000 363 19.052559 0.039504 0.002114
27.250000 336 18.330303 0.036565 0.002031
27.350000 351 18.734994 0.038198 0.002077
27.450000 338 18.384776 0.036783 0.002037
27.550000 361 19.000000 0.039286 0.002108
27.650000 352 18.761663 0.038307 0.002080
27.750000 344 18.547237 0.037436 0.002056
27.850000 358 18.920888 0.038960 0.002099
27.950000 336 18.330303 0.036565 0.002031
28.050000 334 18.275667 0.036348 0.002025
28.150000 333 18.248288 0.036239 0.002022
28.250000 337 18.357560 0.036674 0.002034
28.350000 332 18.220867 0.036130 0.002018
28.450000 317 17.804494 0.034498 0.001971
28.550000 316 17.776389 0.034389 0.001968
28.650000 330 18.165902 0.035913 0.002012
28.750000 340 18.439089 0.037001 0.002043
28.850000 341 18.466185 0.037110 0.002047
28.950000 340 18.439089 0.037001 0.002043
29.050000 308 17.549929 0.033518 0.001942
29.150000 395 19.874607 0.042986 0.002209
29.250000 328 18.110770 0.035695 0.002006
29.350000 349 18.681542 0.037980 0.002071
29.450000 329 18.138357 0.035804 0.002009
29.550000 319 17.860571 0.034715 0.001977
29.650000 310 17.606817 0.033736 0.001948
29.750000 329 18.138357 0.035804 0.002009
29.850000 360 18.973666 0.039177 0.002105
29.950000 353 18.788294 0.038415 0.002084
30.050000 337 18.357560 0.036674 0.002034
30.150000 357 18.894444 0.038851 0.002096
30.250000 319 17.860571 0.034715 0.001977
30.350000 327 18.083141 0.035586 0.002003
30.450000 299 17.291616 0.032539 0.001912
30.550000 343 18.520259 0.037327 0.002053
30.650000 304 17.435596 0.033083 0.001929
30.750000 314 17.720045 0.034171 0.001961
30.850000 322 17.944358 0.035042 0.001987
30.950000 345 18.574176 0.037545 0.002059
31.050000 349 18.681542 0.037980 0.002071
31.150000 319 17.860571 0.034715 0.001977
31.250000 340 18.439089 0.037001 0.002043
31.350000 313 17.691806 0.034062 0.001958
31.450000 342 18.493242 0.037218 0.002050
31.550000 337 18.357560 0.036674 0.002034
31.650000 337 18.357560 0.036674 0.002034
31.750000 313 17.691806 0.034062 0.001958
31.850000 312 17.663522 0.033954 0.001955
31.950000 328 18.110770 0.035695 0.002006
32.050000 361 19.000000 0.039286 0.002108
32.150000 346 18.601075 0.037654 0.002062
32.250000 346 18.601075 0.037654 0.002062
32.350000 346 18.601075 0.037654 0.002062
32.450000 381 19.519221 0.041463 0.002168
32.550000 384 19.595918 0.041789 0.002177
32.650000 350 18.708287 0.038089 0.002074
32.750000 380 19.493589 0.041354 0.002165
32.850000 340 18.439089 0.037001 0.002043
32.950000 364 19.078784 0.039613 0.002117
33.050000 375 19.364917 0.040810 0.002150
33.150000 365 19.104973 0.039721 0.002120
33.250000 353 18.788294 0.038415 0.002084
33.350000 371 19.261360 0.040374 0.002138
33.450000 426 20.639767 0.046360 0.002298
33.550000 391 19.773720 0.042551 0.002197
33.650000 406 20.149442 0.044183 0.002241
33.750000 438 20.928450 0.047666 0.002331
33.850000 425 20.615528 0.046251 0.002295
33.950000 464 21.540659 0.050495 0.002403
34.050000 421 20.518285 0.045816 0.002283
34.150000 454 21.307276 0.049407 0.002375
34.250000 453 21.283797 0.049298 0.002373
34.350000 467 21.610183 0.050822 0.002411
34.450000 480 21.908902 0.052236 0.002446
34.550000 518 22.759613 0.056372 0.002546
34.650000 513 22.649503 0.055828 0.002533
34.750000 495 22.248595 0.053869 0.002486
34.850000 523 22.869193 0.056916 0.002559
34.950000 553 23.515952 0.060181 0.002635
35.050000 567 23.811762 0.061704 0.002670
35.150000 561 23.685439 0.061051 0.002655
35.250000 601 24.515301 0.065404 0.002754
35.350000 580 24.083189 0.063119 0.002702
35.450000 607 24.637370 0.066057 0.002768
35.550000 594 24.372115 0.064643 0.002737
35.650000 650 25.495098 0.070737 0.002871
35.750000 642 25.337719 0.069866 0.002852
35.850000 726 26.944387 0.079008 0.003046
35.950000 727 26.962938 0.079116 0.003048
36.050000 672 25.922963 0.073131 0.002922
36.150000 745 27.294688 0.081075 0.003088
36.250000 775 27.838822 0.084340 0.003155
36.350000 805 28.372522 0.087605 0.003220
36.450000 814 28.530685 0.088584 0.003239
36.550000 779 27.910571 0.084775 0.003164
36.650000 839 28.965497 0.091305 0.003293
36.750000 773 27.802878 0.084122 0.003150
36.850000 841 29.000000 0.091522 0.003297
36.950000 804 28.354894 0.087496 0.003218
37.050000 806 28.390139 0.087714 0.003222
37.150000 840 28.982753 0.091414 0.003295
37.250000 818 28.600699 0.089019 0.003248
37.350000 783 27.982137 0.085211 0.003172
37.450000 848 29.120440 0.092284 0.003312
37.550000 833 28.861739 0.090652 0.003280
37.650000 727 26.962938 0.079116 0.003048
37.750000 837 28.930952 0.091087 0.003289
37.850000 812 28.495614 0.088367 0.003235
37.950000 766 27.676705 0.083361 0.003135
38.050000 774 27.820855 0.084231 0.003153
38.150000 737 27.147744 0.080205 0.003071
38.250000 736 27.129320 0.080096 0.003068
38.350000 768 27.712813 0.083578 0.003139
38.450000 722 26.870058 0.078572 0.003037
38.550000 706 26.570661 0.076831 0.003001
38.650000 672 25.922963 0.073131 0.002922
38.750000 700 26.457513 0.076178 0.002987
38.850000 642 25.337719 0.069866 0.002852
38.950000 677 26.019224 0.073675 0.002934
39.050000 636 25.219040 0.069213 0.002838
39.150000 596 24.413111 0.064860 0.002742
39.250000 630 25.099801 0.068560 0.002824
39.350000 575 23.979158 0.062575 0.002690
39.450000 513 22.649503 0.055828 0.002533
39.550000 526 22.934690 0.057242 0.002566
39.650000 502 22.405357 0.054631 0.002504
39.750000 449 21.189620 0.048863 0.002362
39.850000 452 21.260292 0.049189 0.002370
39.950000 455 21.330729 0.049516 0.002378
40.050000 419 20.469489 0.045598 0.002278
40.150000 382 19.544820 0.041571 0.002171
40.250000 414 20.346990 0.045054 0.002264
40.350000 400 20.000000 0.043530 0.002223
40.450000 367 19.157244 0.039939 0.002126
40.550000 344 18.547237 0.037436 0.002056
40.650000 327 18.083141 0.035586 0.002003
40.750000 391 19.773720 0.042551 0.002197
40.850000 367 19.157244 0.039939 0.002126
40.950000 369 19.209373 0.040157 0.002132
41.050000 286 16.911535 0.031124 0.001869
41.150000 323 17.972201 0.035151 0.001990
41.250000 350 18.708287 0.038089 0.002074
41.350000 344 18.547237 0.037436 0.002056
41.450000 295 17.175564 0.032104 0.001899
41.550000 310 17.606817 0.033736 0.001948
41.650000 296 17.204651 0.032212 0.001902
41.750000 290 17.029386 0.031559 0.001882
41.850000 263 16.217275 0.028621 0.001790
41.950000 255 15.968719 0.027751 0.001762
42.050000 286 16.911535 0.031124 0.001869
42.150000 305 17.464249 0.033192 0.001932
42.250000 298 17.262677 0.032430 0.001909
42.350000 289 17.000000 0.031451 0.001879
42.450000 313 17.691806 0.034062 0.001958
42.550000 243 15.588457 0.026445 0.001719
42.650000 281 16.763055 0.030580 0.001852
42.750000 295 17.175564 0.032104 0.001899
42.850000 280 16.733201 0.030471 0.001849
42.950000 292 17.088007 0.031777 0.001889
43.050000 283 16.822604 0.030798 0.001859
43.150000 264 16.248077 0.028730 0.001793
43.250000 294 17.146428 0.031995 0.001896
43.350000 262 16.186414 0.028512 0.001786
43.450000 259 16.093477 0.028186 0.001776
43.550000 255 15.968719 0.027751 0.001762
43.650000 279 16.703293 0.030362 0.001845
43.750000 264 16.248077 0.028730 0.001793
43.850000 291 17.058722 0.031668 0.001886
43.950000 241 15.524175 0.026227 0.001711
44.050000 256 16.000000 0.027859 0.001765
44.150000 248 15.748016 0.026989 0.001737
44.250000 277 16.643317 0.030145 0.001838
44.350000 263 16.217275 0.028621 0.001790
44.450000 245 15.652476 0.026662 0.001726
44.550000 271 16.462078 0.029492 0.001818
44.650000 247 15.716234 0.026880 0.001733
44.750000 248 15.748016 0.026989 0.001737
44.850000 284 16.852300 0.030907 0.001862
44.950000 238 15.427249 0.025901 0.001700
45.050000 237 15.394804 0.025792 0.001697
45.150000 237 15.394804 0.025792 0.001697
45.250000 252 15.874508 0.027424 0.001751
45.350000 244 15.620499 0.026553 0.001722
45.450000 235 15.329710 0.025574 0.001689
45.550000 272 16.492423 0.029601 0.001821
45.650000 254 15.937377 0.027642 0.001758
45.750000 258 16.062378 0.028077 0.001772
45.850000 275 16.583124 0.029927 0.001831
45.950000 245 15.652476 0.026662 0.001726
46.050000 254 15.937377 0.027642 0.001758
46.150000 243 15.588457 0.026445 0.001719
46.250000 230 15.165751 0.025030 0.001671
46.350000 220 14.832397 0.023942 0.001633
46.450000 225 15.000000 0.024486 0.001652
46.550000 269 16.401219 0.029274 0.001811
46.650000 261 16.155494 0.028404 0.001783
46.750000 264 16.248077 0.028730 0.001793
46.850000 239 15.459625 0.026009 0.001704
46.950000 226 15.033296 0.024595 0.001656
47.050000 240 15.491933 0.026118 0.001708
47.150000 241 15.524175 0.026227 0.001711
47.250000 227 15.066519 0.024703 0.001660
47.350000 243 15.588457 0.026445 0.001719
47.450000 237 15.394804 0.025792 0.001697
47.550000 227 15.066519 0.024703 0.001660
47.650000 244 15.620499 0.026553 0.001722
47.750000 250 15.811388 0.027206 0.001744
47.850000 229 15.132746 0.024921 0.001667
47.950000 220 14.832397 0.023942 0.001633
48.050000 233 15.264338 0.025356 0.001682
48.150000 226 15.033296 0.024595 0.001656
48.250000 223 14.933185 0.024268 0.001645
48.350000 227 15.066519 0.024703 0.001660
48.450000 211 14.525839 0.022962 0.001599
48.550000 250 15.811388 0.027206 0.001744
48.650000 266 16.309506 0.028948 0.001800
48.750000 245 15.652476 0.026662 0.001726
48.850000 211 14.525839 0.022962 0.001599
48.950000 227 15.066519 0.024703 0.001660
49.050000 233 15.264338 0.025356 0.001682
49.150000 227 15.066519 0.024703 0.001660
49.250000 222 14.899664 0.024159 0.001641
49.350000 242 15.556349 0.026336 0.001715
49.450000 233 15.264338 0.025356 0.001682
49.550000 220 14.832397 0.023942 0.001633
49.650000 210 14.491377 0.022853 0.001595
49.750000 231 15.198684 0.025139 0.001675
49.850000 219 14.798649 0.023833 0.001630
49.950000 213 14.594520 0.023180 0.001607
50.050000 211 14.525839 0.022962 0.001599
50.150000 207 14.387495 0.022527 0.001583
50.250000 226 15.033296 0.024595 0.001656
50.350000 232 15.231546 0.025248 0.001678
50.450000 227 15.066519 0.024703 0.001660
50.550000 230 15.165751 0.025030 0.001671
50.650000 208 14.422205 0.022636 0.001587
50.750000 210 14.491377 0.022853 0.001595
50.850000 212 14.560220 0.023071 0.001603
50.950000 212 14.560220 0.023071 0.001603
51.050000 218 14.764823 0.023724 0.001626
51.150000 218 14.764823 0.023724 0.001626
51.250000 228 15.099669 0.024812 0.001663
51.350000 215 14.662878 0.023398 0.001614
51.450000 226 15.033296 0.024595 0.001656
51.550000 212 14.560220 0.023071 0.001603
51.650000 216 14.696938 0.023506 0.001618
51.750000 244 15.620499 0.026553 0.001722
51.850000 207 14.387495 0.022527 0.001583
51.950000 211 14.525839 0.022962 0.001599
52.050000 223 14.933185 0.024268 0.001645
52.150000 243 15.588457 0.026445 0.001719
52.250000 240 15.491933 0.026118 0.001708
52.350000 214 14.628739 0.023289 0.001610
52.450000 202 14.212670 0.021983 0.001564
52.550000 212 14.560220 0.023071 0.001603
52.650000 223 14.933185 0.024268 0.001645
52.750000 229 15.132746 0.024921 0.001667
52.850000 204 14.282857 0.022200 0.001572
52.950000 200 14.142136 0.021765 0.001556
53.050000 207 14.387495 0.022527 0.001583
53.150000 204 14.282857 0.022200 0.001572
53.250000 199 14.106736 0.021656 0.001552
53.350000 190 13.784049 0.020677 0.001515
53.450000 193 13.892444 0.021003 0.001528
53.550000 189 13.747727 0.020568 0.001511
53.650000 195 13.964240 0.021221 0.001536
53.750000 192 13.856406 0.020895 0.001524
53.850000 207 14.387495 0.022527 0.001583
53.950000 194 13.928388 0.021112 0.001532
54.050000 197 14.035669 0.021439 0.001544
54.150000 204 14.282857 0.022200 0.001572
54.250000 195 13.964240 0.021221 0.001536
54.350000 204 14.282857 0.022200 0.001572
54.450000 219 14.798649 0.023833 0.001630
54.550000 217 14.730920 0.023615 0.001622
54.650000 193 13.892444 0.021003 0.001528
54.750000 185 13.601471 0.020133 0.001495
54.850000 188 13.711309 0.020459 0.001507
54.950000 176 13.266499 0.019153 0.001457
55.050000 190 13.784049 0.020677 0.001515
55.150000 185 13.601471 0.020133 0.001495
55.250000 181 13.453624 0.019697 0.001478
55.350000 220 14.832397 0.023942 0.001633
55.450000 183 13.527749 0.019915 0.001487
55.550000 194 13.928388 0.021112 0.001532
55.650000 194 13.928388 0.021112 0.001532
55.750000 218 14.764823 0.023724 0.001626
55.850000 187 13.674794 0.020350 0.001503
55.950000 179 13.379088 0.019480 0.001470
56.050000 189 13.747727 0.020568 0.001511
56.150000 194 13.928388 0.021112 0.001532
56.250000 184 13.564660 0.020024 0.001491
56.350000 176 13.266499 0.019153 0.001457
56.450000 175 13.228757 0.019045 0.001453
56.550000 167 12.922848 0.018174 0.001419
56.650000 165 12.845233 0.017956 0.001410
56.750000 182 13.490738 0.019806 0.001483
56.850000 134 11.575837 0.014583 0.001269
56.950000 146 12.083046 0.015889 0.001325
57.050000 167 12.922848 0.018174 0.001419
57.150000 179 13.379088 0.019480 0.001470
57.250000 148 12.165525 0.016106 0.001335
57.350000 184 13.564660 0.020024 0.001491
57.450000 164 12.806248 0.017847 0.001406
57.550000 160 12.649111 0.017412 0.001388
57.650000 167 12.922848 0.018174 0.001419
57.750000 142 11.916375 0.015453 0.001307
57.850000 165 12.845233 0.017956 0.001410
57.950000 139 11.789826 0.015127 0.001293
58.050000 143 11.958261 0.015562 0.001311
58.150000 154 12.409674 0.016759 0.001362
58.250000 145 12.041595 0.015780 0.001321
58.350000 137 11.704700 0.014909 0.001283
58.450000 168 12.961481 0.018283 0.001423
58.550000 187 13.674794 0.020350 0.001503
58.650000 128 11.313708 0.013930 0.001240
58.750000 146 12.083046 0.015889 0.001325
58.850000 146 12.083046 0.015889 0.001325
58.950000 138 11.747340 0.015018 0.001288
59.050000 134 11.575837 0.014583 0.001269
59.150000 150 12.247449 0.016324 0.001344
59.250000 127 11.269428 0.013821 0.001235
59.350000 121 11.000000 0.013168 0.001205
59.450000 126 11.224972 0.013712 0.001230
59.550000 119 10.908712 0.012950 0.001195
59.650000 122 11.045361 0.013277 0.001210
59.750000 119 10.908712 0.012950 0.001195
59.850000 129 11.357817 0.014039 0.001245
59.950000 127 11.269428 0.013821 0.001235
60.050000 135 11.618950 0.014691 0.001274
60.150000 127 11.269428 0.013821 0.001235
60.250000 112 10.583005 0.012188 0.001159
60.350000 104 10.198039 0.011318 0.001116
60.450000 120 10.954451 0.013059 0.001200
60.550000 121 11.000000 0.013168 0.001205
60.650000 130 11.401754 0.014147 0.001250
60.750000 104 10.198039 0.011318 0.001116
60.850000 117 10.816654 0.012733 0.001185
60.950000 107 10.344080 0.011644 0.001132
61.050000 112 10.583005 0.012188 0.001159
61.150000 115 10.723805 0.012515 0.001174
61.250000 124 11.135529 0.013494 0.001220
61.350000 112 10.583005 0.012188 0.001159
61.450000 105 10.246951 0.011427 0.001121
61.550000 110 10.488088 0.011971 0.001148
61.650000 122 11.045361 0.013277 0.001210
61.750000 115 10.723805 0.012515 0.001174
61.850000 109 10.440307 0.011862 0.001143
61.950000 93 9.643651 0.010121 0.001055
62.050000 89 9.433981 0.009685 0.001032
62.150000 126 11.224972 0.013712 0.001230
62.250000 133 11.532563 0.014474 0.001264
62.350000 106 10.295630 0.011536 0.001127
62.450000 97 9.848858 0.010556 0.001077
62.550000 120 10.954451 0.013059 0.001200
62.650000 111 10.535654 0.012080 0.001153
62.750000 98 9.899495 0.010665 0.001083
62.850000 100 10.000000 0.010883 0.001094
62.950000 110 10.488088 0.011971 0.001148
63.050000 124 11.135529 0.013494 0.001220
63.150000 109 10.440307 0.011862 0.001143
63.250000 100 10.000000 0.010883 0.001094
63.350000 102 10.099505 0.011100 0.001105
63.450000 89 9.433981 0.009685 0.001032
63.550000 94 9.695360 0.010230 0.001060
63.650000 101 10.049876 0.010991 0.001100
63.750000 107 10.344080 0.011644 0.001132
63.850000 98 9.899495 0.010665 0.001083
63.950000 112 10.583005 0.012188 0.001159
64.050000 100 10.000000 0.010883 0.001094
64.150000 96 9.797959 0.010447 0.001072
64.250000 90 9.486833 0.009794 0.001037
64.350000 101 10.049876 0.010991 0.001100
64.450000 95 9.746794 0.010338 0.001066
64.550000 92 9.591663 0.010012 0.001049
64.650000 106 10.295630 0.011536 0.001127
64.750000 85 9.219544 0.009250 0.001008
64.850000 95 9.746794 0.010338 0.001066
64.950000 86 9.273618 0.009359 0.001014
65.050000 91 9.539392 0.009903 0.001043
65.150000 94 9.695360 0.010230 0.001060
65.250000 100 10.000000 0.010883 0.001094
65.350000 104 10.198039 0.011318 0.001116
65.450000 90 9.486833 0.009794 0.001037
65.550000 102 10.099505 0.011100 0.001105
65.650000 96 9.797959 0.010447 0.001072
65.750000 114 10.677078 0.012406 0.001169
65.850000 95 9.746794 0.010338 0.001066
65.950000 79 8.888194 0.008597 0.000971
66.050000 105 10.246951 0.011427 0.001121
66.150000 99 9.949874 0.010774 0.001089
66.250000 81 9.000000 0.008815 0.000984
66.350000 102 10.099505 0.011100 0.001105
66.450000 84 9.165151 0.009141 0.001002
66.550000 90 9.486833 0.009794 0.001037
66.650000 89 9.433981 0.009685 0.001032
66.750000 88 9.380832 0.009577 0.001026
66.850000 78 8.831761 0.008488 0.000965
66.950000 92 9.591663 0.010012 0.001049
67.050000 101 10.049876 0.010991 0.001100
67.150000 77 8.774964 0.008380 0.000959
67.250000 102 10.099505 0.011100 0.001105
67.350000 74 8.602325 0.008053 0.000940
67.450000 83 9.110434 0.009033 0.000996
67.550000 86 9.273618 0.009359 0.001014
67.650000 90 9.486833 0.009794 0.001037
67.750000 85 9.219544 0.009250 0.001008
67.850000 86 9.273618 0.009359 0.001014
67.950000 94 9.695360 0.010230 0.001060
68.050000 86 9.273618 0.009359 0.001014
68.150000 92 9.591663 0.010012 0.001049
68.250000 88 9.380832 0.009577 0.001026
68.350000 81 9.000000 0.008815 0.000984
68.450000 81 9.000000 0.008815 0.000984
68.550000 101 10.049876 0.010991 0.001100
68.650000 99 9.949874 0.010774 0.001089
68.750000 76 8.717798 0.008271 0.000953
68.850000 87 9.327379 0.009468 0.001020
68.950000 76 8.717798 0.008271 0.000953
69.050000 77 8.774964 0.008380 0.000959
69.150000 84 9.165151 0.009141 0.001002
69.250000 84 9.165151 0.009141 0.001002
69.350000 97 9.848858 0.010556 0.001077
69.450000 84 9.165151 0.009141 0.001002
69.550000 68 8.246211 0.007400 0.000901
69.650000 88 9.380832 0.009577 0.001026
69.750000 73 8.544004 0.007944 0.000933
69.850000 81 9.000000 0.008815 0.000984
69.950000 83 9.110434 0.009033 0.000996
70.050000 69 8.306624 0.007509 0.000907
70.150000 81 9.000000 0.008815 0.000984
70.250000 70 8.366600 0.007618 0.000914
70.350000 82 9.055385 0.008924 0.000990
70.450000 83 9.110434 0.009033 0.000996
70.550000 69 8.306624 0.007509 0.000907
70.650000 64 8.000000 0.006965 0.000874
70.750000 71 8.426150 0.007727 0.000921
70.850000 67 8.185353 0.007291 0.000894
70.950000 105 10.246951 0.011427 0.001121
71.050000 67 8.185353 0.007291 0.000894
71.150000 75 8.660254 0.008162 0.000946
71.250000 80 8.944272 0.008706 0.000978
71.350000 84 9.165151 0.009141 0.001002
71.450000 72 8.485281 0.007835 0.000927
71.550000 85 9.219544 0.009250 0.001008
71.650000 59 7.681146 0.006421 0.000839
71.750000 57 7.549834 0.006203 0.000824
71.850000 81 9.000000 0.008815 0.000984
71.950000 71 8.426150 0.007727 0.000921
72.050000 87 9.327379 0.009468 0.001020
72.150000 68 8.246211 0.007400 0.000901
72.250000 69 8.306624 0.007509 0.000907
72.350000 69 8.306624 0.007509 0.000907
72.450000 63 7.937254 0.006856 0.000867
72.550000 61 7.810250 0.006638 0.000853
72.650000 82 9.055385 0.008924 0.000990
72.750000 71 8.426150 0.007727 0.000921
72.850000 79 8.888194 0.008597 0.000971
72.950000 57 7.549834 0.006203 0.000824
73.050000 56 7.483315 0.006094 0.000817
73.150000 50 7.071068 0.005441 0.000772
73.250000 65 8.062258 0.007074 0.000880
73.350000 46 6.782330 0.005006 0.000740
73.450000 57 7.549834 0.006203 0.000824
73.550000 50 7.071068 0.005441 0.000772
73.650000 70 8.366600 0.007618 0.000914
73.750000 59 7.681146 0.006421 0.000839
73.850000 65 8.062258 0.007074 0.000880
73.950000 67 8.185353 0.007291 0.000894
74.050000 51 7.141428 0.005550 0.000779
74.150000 59 7.681146 0.006421 0.000839
74.250000 54 7.348469 0.005877 0.000802
74.350000 54 7.348469 0.005877 0.000802
74.450000 48 6.928203 0.005224 0.000756
74.550000 50 7.071068 0.005441 0.000772
74.650000 63 7.937254 0.006856 0.000867
74.750000 55 7.416198 0.005985 0.000809
74.850000 45 6.708204 0.004897 0.000732
74.950000 47 6.855655 0.005115 0.000748
75.050000 42 6.480741 0.004571 0.000707
75.150000 48 6.928203 0.005224 0.000756
75.250000 43 6.557439 0.004680 0.000715
75.350000 51 7.141428 0.005550 0.000779
75.450000 54 7.348469 0.005877 0.000802
75.550000 42 6.480741 0.004571 0.000707
75.650000 45 6.708204 0.004897 0.000732
75.750000 48 6.928203 0.005224 0.000756
75.850000 45 6.708204 0.004897 0.000732
75.950000 52 7.211103 0.005659 0.000787
76.050000 46 6.782330 0.005006 0.000740
76.150000 37 6.082763 0.004027 0.000663
76.250000 43 6.557439 0.004680 0.000715
76.350000 51 7.141428 0.005550 0.000779
76.450000 33 5.744563 0.003591 0.000626
76.550000 39 6.244998 0.004244 0.000681
76.650000 34 5.830952 0.003700 0.000636
76.750000 41 6.403124 0.004462 0.000698
76.850000 43 6.557439 0.004680 0.000715
76.950000 41 6.403124 0.004462 0.000698
77.050000 38 6.164414 0.004135 0.000672
77.150000 39 6.244998 0.004244 0.000681
77.250000 40 6.324555 0.004353 0.000690
77.350000 35 5.916080 0.003809 0.000645
77.450000 32 5.656854 0.003482 0.000617
77.550000 41 6.403124 0.004462 0.000698
77.650000 40 6.324555 0.004353 0.000690
77.750000 43 6.557439 0.004680 0.000715
77.850000 33 5.744563 0.003591 0.000626
77.950000 31 5.567764 0.003374 0.000607
78.050000 33 5.744563 0.003591 0.000626
78.150000 28 5.291503 0.003047 0.000577
78.250000 32 5.656854 0.003482 0.000617
78.350000 41 6.403124 0.004462 0.000698
78.450000 37 6.082763 0.004027 0.000663
78.550000 24 4.898979 0.002612 0.000534
78.650000 33 5.744563 0.003591 0.000626
78.750000 29 5.385165 0.003156 0.000587
78.850000 28 5.291503 0.003047 0.000577
78.950000 32 5.656854 0.003482 0.000617
79.050000 29 5.385165 0.003156 0.000587
79.150000 33 5.744563 0.003591 0.000626
79.250000 28 5.291503 0.003047 0.000577
79.350000 32 5.656854 0.003482 0.000617
79.450000 25 5.000000 0.002721 0.000545
79.550000 36 6.000000 0.003918 0.000654
79.650000 29 5.385165 0.003156 0.000587
79.750000 28 5.291503 0.003047 0.000577
79.850000 35 5.916080 0.003809 0.000645
79.950000 36 6.000000 0.003918 0.000654
80.050000 41 6.403124 0.004462 0.000698
80.150000 31 5.567764 0.003374 0.000607
80.250000 34 5.830952 0.003700 0.000636
80.350000 37 6.082763 0.004027 0.000663
80.450000 39 6.244998 0.004244 0.000681
80.550000 32 5.656854 0.003482 0.000617
80.650000 40 6.324555 0.004353 0.000690
80.750000 30 5.477226 0.003265 0.000597
80.850000 26 5.099020 0.002829 0.000556
80.950000 38 6.164414 0.004135 0.000672
81.050000 31 5.567764 0.003374 0.000607
81.150000 41 6.403124 0.004462 0.000698
81.250000 35 5.916080 0.003809 0.000645
81.350000 30 5.477226 0.003265 0.000597
81.450000 41 6.403124 0.004462 0.000698
81.550000 37 6.082763 0.004027 0.000663
81.650000 40 6.324555 0.004353 0.000690
81.750000 45 6.708204 0.004897 0.000732
81.850000 30 5.477226 0.003265 0.000597
81.950000 41 6.403124 0.004462 0.000698
82.050000 43 6.557439 0.004680 0.000715
82.150000 38 6.164414 0.004135 0.000672
82.250000 39 6.244998 0.004244 0.000681
82.350000 46 6.782330 0.005006 0.000740
82.450000 45 6.708204 0.004897 0.000732
82.550000 56 7.483315 0.006094 0.000817
82.650000 30 5.477226 0.003265 0.000597
82.750000 49 7.000000 0.005332 0.000764
82.850000 46 6.782330 0.005006 0.000740
82.950000 51 7.141428 0.005550 0.000779
83.050000 48 6.928203 0.005224 0.000756
83.150000 40 6.324555 0.004353 0.000690
83.250000 39 6.244998 0.004244 0.000681
83.350000 55 7.416198 0.005985 0.000809
83.450000 52 7.211103 0.005659 0.000787
83.550000 37 6.082763 0.004027 0.000663
83.650000 44 6.633250 0.004788 0.000724
83.750000 53 7.280110 0.005768 0.000795
83.850000 53 7.280110 0.005768 0.000795
83.950000 51 7.141428 0.005550 0.000779
84.050000 50 7.071068 0.005441 0.000772
84.150000 54 7.348469 0.005877 0.000802
84.250000 53 7.280110 0.005768 0.000795
84.350000 45 6.708204 0.004897 0.000732
84.450000 48 6.928203 0.005224 0.000756
84.550000 50 7.071068 0.005441 0.000772
84.650000 57 7.549834 0.006203 0.000824
84.750000 52 7.211103 0.005659 0.000787
84.850000 57 7.549834 0.006203 0.000824
84.950000 68 8.246211 0.007400 0.000901
85.050000 59 7.681146 0.006421 0.000839
85.150000 72 8.485281 0.007835 0.000927
85.250000 73 8.544004 0.007944 0.000933
85.350000 51 7.141428 0.005550 0.000779
85.450000 52 7.211103 0.005659 0.000787
85.550000 54 7.348469 0.005877 0.000802
85.650000 67 8.185353 0.007291 0.000894
85.750000 59 7.681146 0.006421 0.000839
85.850000 59 7.681146 0.006421 0.000839
85.950000 51 7.141428 0.005550 0.000779
86.050000 53 7.280110 0.005768 0.000795
86.150000 61 7.810250 0.006638 0.000853
86.250000 63 7.937254 0.006856 0.000867
86.350000 66 8.124038 0.007183 0.000887
86.450000 56 7.483315 0.006094 0.000817
86.550000 65 8.062258 0.007074 0.000880
86.650000 51 7.141428 0.005550 0.000779
86.750000 58 7.615773 0.006312 0.000831
86.850000 53 7.280110 0.005768 0.000795
86.950000 53 7.280110 0.005768 0.000795
87.050000 53 7.280110 0.005768 0.000795
87.150000 42 6.480741 0.004571 0.000707
87.250000 50 7.071068 0.005441 0.000772
87.350000 39 6.244998 0.004244 0.000681
87.450000 48 6.928203 0.005224 0.000756
87.550000 48 6.928203 0.005224 0.000756
87.650000 47 6.855655 0.005115 0.000748
87.750000 45 6.708204 0.004897 0.000732
87.850000 48 6.928203 0.005224 0.000756
87.950000 55 7.416198 0.005985 0.000809
88.050000 32 5.656854 0.003482 0.000617
88.150000 46 6.782330 0.005006 0.000740
88.250000 50 7.071068 0.005441 0.000772
88.350000 45 6.708204 0.004897 0.000732
88.450000 39 6.244998 0.004244 0.000681
88.550000 39 6.244998 0.004244 0.000681
88.650000 35 5.916080 0.003809 0.000645
88.750000 36 6.000000 0.003918 0.000654
88.850000 31 5.567764 0.003374 0.000607
88.950000 30 5.477226 0.003265 0.000597
89.050000 39 6.244998 0.004244 0.000681
89.150000 28 5.291503 0.003047 0.000577
89.250000 29 5.385165 0.003156 0.000587
89.350000 29 5.385165 0.003156 0.000587
89.450000 32 5.656854 0.003482 0.000617
89.550000 33 5.744563 0.003591 0.000626
89.650000 30 5.477226 0.003265 0.000597
89.750000 35 5.916080 0.003809 0.000645
89.850000 31 5.567764 0.003374 0.000607
89.950000 24 4.898979 0.002612 0.000534
90.050000 23 4.795832 0.002503 0.000523
90.150000 24 4.898979 0.002612 0.000534
90.250000 24 4.898979 0.002612 0.000534
90.350000 15 3.872983 0.001632 0.000422
90.450000 25 5.000000 0.002721 0.000545
90.550000 26 5.099020 0.002829 0.000556
90.650000 20 4.472136 0.002177 0.000487
90.750000 25 5.000000 0.002721 0.000545
90.850000 22 4.690416 0.002394 0.000511
90.950000 18 4.242641 0.001959 0.000462
91.050000 25 5.000000 0.002721 0.000545
91.150000 20 4.472136 0.002177 0.000487
91.250000 20 4.472136 0.002177 0.000487
91.350000 15 3.872983 0.001632 0.000422
91.450000 22 4.690416 0.002394 0.000511
91.550000 17 4.123106 0.001850 0.000449
91.650000 9 3.000000 0.000979 0.000327
91.750000 19 4.358899 0.002068 0.000475
91.850000 21 4.582576 0.002285 0.000499
91.950000 16 4.000000 0.001741 0.000436
92.050000 19 4.358899 0.002068 0.000475
92.150000 17 4.123106 0.001850 0.000449
92.250000 27 5.196152 0.002938 0.000566
92.350000 24 4.898979 0.002612 0.000534
92.450000 13 3.605551 0.001415 0.000393
92.550000 10 3.162278 0.001088 0.000344
92.650000 11 3.316625 0.001197 0.000361
92.750000 22 4.690416 0.002394 0.000511
92.850000 16 4.000000 0.001741 0.000436
92.950000 12 3.464102 0.001306 0.000377
93.050000 18 4.242641 0.001959 0.000462
93.150000 23 4.795832 0.002503 0.000523
93.250000 17 4.123106 0.001850 0.000449
93.350000 20 4.472136 0.002177 0.000487
93.450000 7 2.645751 0.000762 0.000288
93.550000 21 4.582576 0.002285 0.000499
93.650000 21 4.582576 0.002285 0.000499
93.750000 19 4.358899 0.002068 0.000475
93.850000 9 3.000000 0.000979 0.000327
93.950000 16 4.000000 0.001741 0.000436
94.050000 15 3.872983 0.001632 0.000422
94.150000 11 3.316625 0.001197 0.000361
94.250000 15 3.872983 0.001632 0.000422
94.350000 13 3.605551 0.001415 0.000393
94.450000 17 4.123106 0.001850 0.000449
94.550000 21 4.582576 0.002285 0.000499
94.650000 20 4.472136 0.002177 0.000487
94.750000 17 4.123106 0.001850 0.000449
94.850000 11 3.316625 0.001197 0.000361
94.950000 18 4.242641 0.001959 0.000462
95.050000 16 4.000000 0.001741 0.000436
95.150000 8 2.828427 0.000871 0.000308
95.250000 22 4.690416 0.002394 0.000511
95.350000 13 3.605551 0.001415 0.000393
95.450000 12 3.464102 0.001306 0.000377
95.550000 11 3.316625 0.001197 0.000361
95.650000 9 3.000000 0.000979 0.000327
95.750000 18 4.242641 0.001959 0.000462
95.850000 14 3.741657 0.001524 0.000407
95.950000 11 3.316625 0.001197 0.000361
96.050000 11 3.316625 0.001197 0.000361
96.150000 12 3.464102 0.001306 0.000377
96.250000 22 4.690416 0.002394 0.000511
96.350000 9 3.000000 0.000979 0.000327
96.450000 11 3.316625 0.001197 0.000361
96.550000 13 3.605551 0.001415 0.000393
96.650000 13 3.605551 0.001415 0.000393
96.750000 13 3.605551 0.001415 0.000393
96.850000 14 3.741657 0.001524 0.000407
96.950000 10 3.162278 0.001088 0.000344
97.050000 10 3.162278 0.001088 0.000344
97.150000 17 4.123106 0.001850 0.000449
97.250000 17 4.123106 0.001850 0.000449
97.350000 12 3.464102 0.001306 0.000377
97.450000 8 2.828427 0.000871 0.000308
97.550000 16 4.000000 0.001741 0.000436
97.650000 19 4.358899 0.002068 0.000475
97.750000 15 3.872983 0.001632 0.000422
97.850000 6 2.449490 0.000653 0.000267
97.950000 9 3.000000 0.000979 0.000327
98.050000 3 1.732051 0.000326 0.000189
98.150000 8 2.828427 0.000871 0.000308
98.250000 17 4.123106 0.001850 0.000449
98.350000 16 4.000000 0.001741 0.000436
98.450000 11 3.316625 0.001197 0.000361
98.550000 12 3.464102 0.001306 0.000377
98.650000 12 3.464102 0.001306 0.000377
98.750000 7 2.645751 0.000762 0.000288
98.850000 8 2.828427 0.000871 0.000308
98.950000 11 3.316625 0.001197 0.000361
99.050000 14 3.741657 0.001524 0.000407
99.150000 8 2.828427 0.000871 0.000308
99.250000 9 3.000000 0.000979 0.000327
99.350000 10 3.162278 0.001088 0.000344
99.450000 6 2.449490 0.000653 0.000267
99.550000 9 3.000000 0.000979 0.000327
99.650000 9 3.000000 0.000979 0.000327
99.750000 8 2.828427 0.000871 0.000308
99.850000 10 3.162278 0.001088 0.000344
99.950000 8 2.828427 0.000871 0.000308
