# Na22 848 9189 0.1 0.03434014098717225 95.85927185202274
0.050000 0 0.000000 0.000000 0.000000
0.150000 0 0.000000 0.000000 0.000000
0.250000 0 0.000000 0.000000 0.000000
0.350000 0 0.000000 0.000000 0.000000
0.450000 0 0.000000 0.000000 0.000000
0.550000 0 0.000000 0.000000 0.000000
0.650000 1 1.000000 0.000109 0.000109
0.750000 23 0.208514 0.002503 0.000035
0.850000 52 0.138675 0.005659 0.000061
0.950000 137 0.085436 0.014909 0.000156
1.050000 207 0.069505 0.022527 0.000235
1.150000 268 0.061085 0.029165 0.000304
1.250000 287 0.059028 0.031233 0.000326
1.350000 308 0.056980 0.033518 0.000350
1.450000 331 0.054965 0.036021 0.000376
1.550000 306 0.057166 0.033301 0.000347
1.650000 298 0.057928 0.032430 0.000338
1.750000 289 0.058824 0.031451 0.000328
1.850000 274 0.060412 0.029818 0.000311
1.950000 250 0.063246 0.027206 0.000284
2.050000 298 0.057928 0.032430 0.000338
2.150000 275 0.060302 0.029927 0.000312
2.250000 281 0.059655 0.030580 0.000319
2.350000 296 0.058124 0.032212 0.000336
2.450000 278 0.059976 0.030254 0.000316
2.550000 264 0.061546 0.028730 0.000300
2.650000 272 0.060634 0.029601 0.000309
2.750000 276 0.060193 0.030036 0.000313
2.850000 264 0.061546 0.028730 0.000300
2.950000 271 0.060746 0.029492 0.000308
3.050000 281 0.059655 0.030580 0.000319
3.150000 264 0.061546 0.028730 0.000300
3.250000 262 0.061780 0.028512 0.000298
3.350000 309 0.056888 0.033627 0.000351
3.450000 258 0.062257 0.028077 0.000293
3.550000 282 0.059549 0.030689 0.000320
3.650000 299 0.057831 0.032539 0.000340
3.750000 299 0.057831 0.032539 0.000340
3.850000 279 0.059868 0.030362 0.000317
3.950000 278 0.059976 0.030254 0.000316
4.050000 265 0.061430 0.028839 0.000301
4.150000 284 0.059339 0.030907 0.000322
4.250000 282 0.059549 0.030689 0.000320
4.350000 234 0.065372 0.025465 0.000266
4.450000 267 0.061199 0.029056 0.000303
4.550000 256 0.062500 0.027859 0.000291
4.650000 287 0.059028 0.031233 0.000326
4.750000 324 0.055556 0.035260 0.000368
4.850000 306 0.057166 0.033301 0.000347
4.950000 314 0.056433 0.034171 0.000357
5.050000 308 0.056980 0.033518 0.000350
5.150000 329 0.055132 0.035804 0.000374
5.250000 288 0.058926 0.031342 0.000327
5.350000 306 0.057166 0.033301 0.000347
5.450000 338 0.054393 0.036783 0.000384
5.550000 294 0.058321 0.031995 0.000334
5.650000 344 0.053916 0.037436 0.000391
5.750000 362 0.052559 0.039395 0.000411
5.850000 308 0.056980 0.033518 0.000350
5.950000 347 0.053683 0.037763 0.000394
6.050000 347 0.053683 0.037763 0.000394
6.150000 367 0.052200 0.039939 0.000417
6.250000 344 0.053916 0.037436 0.000391
6.350000 315 0.056344 0.034280 0.000358
6.450000 349 0.053529 0.037980 0.000396
6.550000 371 0.051917 0.040374 0.000421
6.650000 358 0.052852 0.038960 0.000406
6.750000 348 0.053606 0.037871 0.000395
6.850000 342 0.054074 0.037218 0.000388
6.950000 343 0.053995 0.037327 0.000389
7.050000 366 0.052271 0.039830 0.000416
7.150000 400 0.050000 0.043530 0.000454
7.250000 386 0.050899 0.042007 0.000438
7.350000 349 0.053529 0.037980 0.000396
7.450000 368 0.052129 0.040048 0.000418
7.550000 415 0.049088 0.045163 0.000471
7.650000 385 0.050965 0.041898 0.000437
7.750000 382 0.051164 0.041571 0.000434
7.850000 399 0.050063 0.043421 0.000453
7.950000 375 0.051640 0.040810 0.000426
8.050000 372 0.051848 0.040483 0.000422
8.150000 413 0.049207 0.044945 0.000469
8.250000 422 0.048679 0.045924 0.000479
8.350000 404 0.049752 0.043966 0.000459
8.450000 371 0.051917 0.040374 0.000421
8.550000 418 0.048912 0.045489 0.000475
8.650000 396 0.050252 0.043095 0.000450
8.750000 370 0.051988 0.040266 0.000420
8.850000 407 0.049568 0.044292 0.000462
8.950000 381 0.051232 0.041463 0.000433
9.050000 441 0.047619 0.047992 0.000501
9.150000 442 0.047565 0.048101 0.000502
9.250000 370 0.051988 0.040266 0.000420
9.350000 378 0.051434 0.041136 0.000429
9.450000 433 0.048057 0.047122 0.000492
9.550000 404 0.049752 0.043966 0.000459
9.650000 410 0.049386 0.044619 0.000465
9.750000 434 0.048002 0.047230 0.000493
9.850000 403 0.049814 0.043857 0.000458
9.950000 410 0.049386 0.044619 0.000465
10.050000 414 0.049147 0.045054 0.000470
10.150000 433 0.048057 0.047122 0.000492
10.250000 405 0.049690 0.044074 0.000460
10.350000 413 0.049207 0.044945 0.000469
10.450000 404 0.049752 0.043966 0.000459
10.550000 423 0.048622 0.046033 0.000480
10.650000 402 0.049875 0.043748 0.000456
10.750000 416 0.049029 0.045272 0.000472
10.850000 390 0.050637 0.042442 0.000443
10.950000 444 0.047458 0.048319 0.000504
11.050000 412 0.049266 0.044836 0.000468
11.150000 409 0.049447 0.044510 0.000464
11.250000 419 0.048853 0.045598 0.000476
11.350000 433 0.048057 0.047122 0.000492
11.450000 437 0.047836 0.047557 0.000496
11.550000 451 0.047088 0.049080 0.000512
11.650000 426 0.048450 0.046360 0.000484
11.750000 452 0.047036 0.049189 0.000513
11.850000 472 0.046029 0.051366 0.000536
11.950000 475 0.045883 0.051692 0.000539
12.050000 443 0.047511 0.048210 0.000503
12.150000 492 0.045083 0.053542 0.000559
12.250000 484 0.045455 0.052672 0.000549
12.350000 505 0.044499 0.054957 0.000573
12.450000 492 0.045083 0.053542 0.000559
12.550000 556 0.042409 0.060507 0.000631
12.650000 456 0.046829 0.049625 0.000518
12.750000 470 0.046127 0.051148 0.000534
12.850000 486 0.045361 0.052889 0.000552
12.950000 513 0.044151 0.055828 0.000582
13.050000 491 0.045129 0.053433 0.000557
13.150000 514 0.044108 0.055936 0.000584
13.250000 498 0.044811 0.054195 0.000565
13.350000 506 0.044455 0.055066 0.000574
13.450000 451 0.047088 0.049080 0.000512
13.550000 508 0.044368 0.055283 0.000577
13.650000 513 0.044151 0.055828 0.000582
13.750000 575 0.041703 0.062575 0.000653
13.850000 476 0.045835 0.051801 0.000540
13.950000 527 0.043561 0.057351 0.000598
14.050000 496 0.044901 0.053978 0.000563
14.150000 522 0.043769 0.056807 0.000593
14.250000 461 0.046575 0.050169 0.000523
14.350000 493 0.045038 0.053651 0.000560
14.450000 497 0.044856 0.054086 0.000564
14.550000 476 0.045835 0.051801 0.000540
14.650000 486 0.045361 0.052889 0.000552
14.750000 445 0.047405 0.048427 0.000505
14.850000 459 0.046676 0.049951 0.000521
14.950000 464 0.046424 0.050495 0.000527
15.050000 464 0.046424 0.050495 0.000527
15.150000 467 0.046274 0.050822 0.000530
15.250000 440 0.047673 0.047883 0.000500
15.350000 431 0.048168 0.046904 0.000489
15.450000 459 0.046676 0.049951 0.000521
15.550000 471 0.046078 0.051257 0.000535
15.650000 458 0.046727 0.049842 0.000520
15.750000 460 0.046625 0.050060 0.000522
15.850000 490 0.045175 0.053325 0.000556
15.950000 430 0.048224 0.046795 0.000488
16.050000 421 0.048737 0.045816 0.000478
16.150000 420 0.048795 0.045707 0.000477
16.250000 444 0.047458 0.048319 0.000504
16.350000 446 0.047351 0.048536 0.000506
16.450000 420 0.048795 0.045707 0.000477
16.550000 415 0.049088 0.045163 0.000471
16.650000 452 0.047036 0.049189 0.000513
16.750000 434 0.048002 0.047230 0.000493
16.850000 435 0.047946 0.047339 0.000494
16.950000 421 0.048737 0.045816 0.000478
17.050000 450 0.047140 0.048972 0.000511
17.150000 397 0.050189 0.043204 0.000451
17.250000 438 0.047782 0.047666 0.000497
17.350000 409 0.049447 0.044510 0.000464
17.450000 431 0.048168 0.046904 0.000489
17.550000 442 0.047565 0.048101 0.000502
17.650000 384 0.051031 0.041789 0.000436
17.750000 445 0.047405 0.048427 0.000505
17.850000 435 0.047946 0.047339 0.000494
17.950000 391 0.050572 0.042551 0.000444
18.050000 430 0.048224 0.046795 0.000488
18.150000 388 0.050767 0.042224 0.000441
18.250000 419 0.048853 0.045598 0.000476
18.350000 437 0.047836 0.047557 0.000496
18.450000 417 0.048970 0.045380 0.000473
18.550000 425 0.048507 0.046251 0.000483
18.650000 407 0.049568 0.044292 0.000462
18.750000 434 0.048002 0.047230 0.000493
18.850000 413 0.049207 0.044945 0.000469
18.950000 450 0.047140 0.048972 0.000511
19.050000 399 0.050063 0.043421 0.000453
19.150000 413 0.049207 0.044945 0.000469
19.250000 387 0.050833 0.042116 0.000439
19.350000 435 0.047946 0.047339 0.000494
19.450000 410 0.049386 0.044619 0.000465
19.550000 449 0.047193 0.048863 0.000510
19.650000 419 0.048853 0.045598 0.000476
19.750000 436 0.047891 0.047448 0.000495
19.850000 448 0.047246 0.048754 0.000509
19.950000 422 0.048679 0.045924 0.000479
20.050000 409 0.049447 0.044510 0.000464
20.150000 457 0.046778 0.049733 0.000519
20.250000 451 0.047088 0.049080 0.000512
20.350000 456 0.046829 0.049625 0.000518
20.450000 454 0.046932 0.049407 0.000515
20.550000 454 0.046932 0.049407 0.000515
20.650000 434 0.048002 0.047230 0.000493
20.750000 463 0.046474 0.050386 0.000526
20.850000 436 0.047891 0.047448 0.000495
20.950000 437 0.047836 0.047557 0.000496
21.050000 438 0.047782 0.047666 0.000497
21.150000 434 0.048002 0.047230 0.000493
21.250000 465 0.046374 0.050604 0.000528
21.350000 450 0.047140 0.048972 0.000511
21.450000 467 0.046274 0.050822 0.000530
21.550000 428 0.048337 0.046577 0.000486
21.650000 450 0.047140 0.048972 0.000511
21.750000 458 0.046727 0.049842 0.000520
21.850000 427 0.048393 0.046469 0.000485
21.950000 456 0.046829 0.049625 0.000518
22.050000 461 0.046575 0.050169 0.000523
22.150000 461 0.046575 0.050169 0.000523
22.250000 476 0.045835 0.051801 0.000540
22.350000 450 0.047140 0.048972 0.000511
22.450000 445 0.047405 0.048427 0.000505
22.550000 426 0.048450 0.046360 0.000484
22.650000 405 0.049690 0.044074 0.000460
22.750000 473 0.045980 0.051475 0.000537
22.850000 479 0.045691 0.052128 0.000544
22.950000 436 0.047891 0.047448 0.000495
23.050000 410 0.049386 0.044619 0.000465
23.150000 443 0.047511 0.048210 0.000503
23.250000 438 0.047782 0.047666 0.000497
23.350000 470 0.046127 0.051148 0.000534
23.450000 415 0.049088 0.045163 0.000471
23.550000 488 0.045268 0.053107 0.000554
23.650000 414 0.049147 0.045054 0.000470
23.750000 449 0.047193 0.048863 0.000510
23.850000 405 0.049690 0.044074 0.000460
23.950000 420 0.048795 0.045707 0.000477
24.050000 432 0.048113 0.047013 0.000490
24.150000 434 0.048002 0.047230 0.000493
24.250000 413 0.049207 0.044945 0.000469
24.350000 481 0.045596 0.052345 0.000546
24.450000 459 0.046676 0.049951 0.000521
24.550000 408 0.049507 0.044401 0.000463
24.650000 447 0.047298 0.048645 0.000507
24.750000 405 0.049690 0.044074 0.000460
24.850000 425 0.048507 0.046251 0.000483
24.950000 496 0.044901 0.053978 0.000563
25.050000 408 0.049507 0.044401 0.000463
25.150000 432 0.048113 0.047013 0.000490
25.250000 392 0.050508 0.042660 0.000445
25.350000 405 0.049690 0.044074 0.000460
25.450000 411 0.049326 0.044727 0.000467
25.550000 393 0.050443 0.042769 0.000446
25.650000 410 0.049386 0.044619 0.000465
25.750000 407 0.049568 0.044292 0.000462
25.850000 390 0.050637 0.042442 0.000443
25.950000 363 0.052486 0.039504 0.000412
26.050000 347 0.053683 0.037763 0.000394
26.150000 396 0.050252 0.043095 0.000450
26.250000 408 0.049507 0.044401 0.000463
26.350000 360 0.052705 0.039177 0.000409
26.450000 392 0.050508 0.042660 0.000445
26.550000 394 0.050379 0.042877 0.000447
26.650000 357 0.052926 0.038851 0.000405
26.750000 372 0.051848 0.040483 0.000422
26.850000 358 0.052852 0.038960 0.000406
26.950000 338 0.054393 0.036783 0.000384
27.050000 359 0.052778 0.039068 0.000408
27.150000 363 0.052486 0.039504 0.000412
27.250000 336 0.054554 0.036565 0.000381
27.350000 351 0.053376 0.038198 0.000399
27.450000 338 0.054393 0.036783 0.000384
27.550000 361 0.052632 0.039286 0.000410
27.650000 352 0.053300 0.038307 0.000400
27.750000 344 0.053916 0.037436 0.000391
27.850000 358 0.052852 0.038960 0.000406
27.950000 336 0.054554 0.036565 0.000381
28.050000 334 0.054718 0.036348 0.000379
28.150000 333 0.054800 0.036239 0.000378
28.250000 337 0.054473 0.036674 0.000383
28.350000 332 0.054882 0.036130 0.000377
28.450000 317 0.056166 0.034498 0.000360
28.550000 316 0.056254 0.034389 0.000359
28.650000 330 0.055048 0.035913 0.000375
28.750000 340 0.054233 0.037001 0.000386
28.850000 341 0.054153 0.037110 0.000387
28.950000 340 0.054233 0.037001 0.000386
29.050000 308 0.056980 0.033518 0.000350
29.150000 395 0.050315 0.042986 0.000448
29.250000 328 0.055216 0.035695 0.000372
29.350000 349 0.053529 0.037980 0.000396
29.450000 329 0.055132 0.035804 0.000374
29.550000 319 0.055989 0.034715 0.000362
29.650000 310 0.056796 0.033736 0.000352
29.750000 329 0.055132 0.035804 0.000374
29.850000 360 0.052705 0.039177 0.000409
29.950000 353 0.053225 0.038415 0.000401
30.050000 337 0.054473 0.036674 0.000383
30.150000 357 0.052926 0.038851 0.000405
30.250000 319 0.055989 0.034715 0.000362
30.350000 327 0.055300 0.035586 0.000371
30.450000 299 0.057831 0.032539 0.000340
30.550000 343 0.053995 0.037327 0.000389
30.650000 304 0.057354 0.033083 0.000345
30.750000 314 0.056433 0.034171 0.000357
30.850000 322 0.055728 0.035042 0.000366
30.950000 345 0.053838 0.037545 0.000392
31.050000 349 0.053529 0.037980 0.000396
31.150000 319 0.055989 0.034715 0.000362
31.250000 340 0.054233 0.037001 0.000386
31.350000 313 0.056523 0.034062 0.000355
31.450000 342 0.054074 0.037218 0.000388
31.550000 337 0.054473 0.036674 0.000383
31.650000 337 0.054473 0.036674 0.000383
31.750000 313 0.056523 0.034062 0.000355
31.850000 312 0.056614 0.033954 0.000354
31.950000 328 0.055216 0.035695 0.000372
32.050000 361 0.052632 0.039286 0.000410
32.150000 346 0.053760 0.037654 0.000393
32.250000 346 0.053760 0.037654 0.000393
32.350000 346 0.053760 0.037654 0.000393
32.450000 381 0.051232 0.041463 0.000433
32.550000 384 0.051031 0.041789 0.000436
32.650000 350 0.053452 0.038089 0.000397
32.750000 380 0.051299 0.041354 0.000431
32.850000 340 0.054233 0.037001 0.000386
32.950000 364 0.052414 0.039613 0.000413
33.050000 375 0.051640 0.040810 0.000426
33.150000 365 0.052342 0.039721 0.000414
33.250000 353 0.053225 0.038415 0.000401
33.350000 371 0.051917 0.040374 0.000421
33.450000 426 0.048450 0.046360 0.000484
33.550000 391 0.050572 0.042551 0.000444
33.650000 406 0.049629 0.044183 0.000461
33.750000 438 0.047782 0.047666 0.000497
33.850000 425 0.048507 0.046251 0.000483
33.950000 464 0.046424 0.050495 0.000527
34.050000 421 0.048737 0.045816 0.000478
34.150000 454 0.046932 0.049407 0.000515
34.250000 453 0.046984 0.049298 0.000514
34.350000 467 0.046274 0.050822 0.000530
34.450000 480 0.045644 0.052236 0.000545
34.550000 518 0.043937 0.056372 0.000588
34.650000 513 0.044151 0.055828 0.000582
34.750000 495 0.044947 0.053869 0.000562
34.850000 523 0.043727 0.056916 0.000594
34.950000 553 0.042524 0.060181 0.000628
35.050000 567 0.041996 0.061704 0.000644
35.150000 561 0.042220 0.061051 0.000637
35.250000 601 0.040791 0.065404 0.000682
35.350000 580 0.041523 0.063119 0.000658
35.450000 607 0.040589 0.066057 0.000689
35.550000 594 0.041030 0.064643 0.000674
35.650000 650 0.039223 0.070737 0.000738
35.750000 642 0.039467 0.069866 0.000729
35.850000 726 0.037113 0.079008 0.000824
35.950000 727 0.037088 0.079116 0.000825
36.050000 672 0.038576 0.073131 0.000763
36.150000 745 0.036637 0.081075 0.000846
36.250000 775 0.035921 0.084340 0.000880
36.350000 805 0.035245 0.087605 0.000914
36.450000 814 0.035050 0.088584 0.000924
36.550000 779 0.035829 0.084775 0.000884
36.650000 839 0.034524 0.091305 0.000952
36.750000 773 0.035968 0.084122 0.000878
36.850000 841 0.034483 0.091522 0.000955
36.950000 804 0.035267 0.087496 0.000913
37.050000 806 0.035223 0.087714 0.000915
37.150000 840 0.034503 0.091414 0.000954
37.250000 818 0.034964 0.089019 0.000929
37.350000 783 0.035737 0.085211 0.000889
37.450000 848 0.034340 0.092284 0.000963
37.550000 833 0.034648 0.090652 0.000946
37.650000 727 0.037088 0.079116 0.000825
37.750000 837 0.034565 0.091087 0.000950
37.850000 812 0.035093 0.088367 0.000922
37.950000 766 0.036131 0.083361 0.000870
38.050000 774 0.035944 0.084231 0.000879
38.150000 737 0.036835 0.080205 0.000837
38.250000 736 0.036860 0.080096 0.000836
38.350000 768 0.036084 0.083578 0.000872
38.450000 722 0.037216 0.078572 0.000820
38.550000 706 0.037635 0.076831 0.000802
38.650000 672 0.038576 0.073131 0.000763
38.750000 700 0.037796 0.076178 0.000795
38.850000 642 0.039467 0.069866 0.000729
38.950000 677 0.038433 0.073675 0.000769
39.050000 636 0.039653 0.069213 0.000722
39.150000 596 0.040962 0.064860 0.000677
39.250000 630 0.039841 0.068560 0.000715
39.350000 575 0.041703 0.062575 0.000653
39.450000 513 0.044151 0.055828 0.000582
39.550000 526 0.043602 0.057242 0.000597
39.650000 502 0.044632 0.054631 0.000570
39.750000 449 0.047193 0.048863 0.000510
39.850000 452 0.047036 0.049189 0.000513
39.950000 455 0.046881 0.049516 0.000517
40.050000 419 0.048853 0.045598 0.000476
40.150000 382 0.051164 0.041571 0.000434
40.250000 414 0.049147 0.045054 0.000470
40.350000 400 0.050000 0.043530 0.000454
40.450000 367 0.052200 0.039939 0.000417
40.550000 344 0.053916 0.037436 0.000391
40.650000 327 0.055300 0.035586 0.000371
40.750000 391 0.050572 0.042551 0.000444
40.850000 367 0.052200 0.039939 0.000417
40.950000 369 0.052058 0.040157 0.000419
41.050000 286 0.059131 0.031124 0.000325
41.150000 323 0.055641 0.035151 0.000367
41.250000 350 0.053452 0.038089 0.000397
41.350000 344 0.053916 0.037436 0.000391
41.450000 295 0.058222 0.032104 0.000335
41.550000 310 0.056796 0.033736 0.000352
41.650000 296 0.058124 0.032212 0.000336
41.750000 290 0.058722 0.031559 0.000329
41.850000 263 0.061663 0.028621 0.000299
41.950000 255 0.062622 0.027751 0.000290
42.050000 286 0.059131 0.031124 0.000325
42.150000 305 0.057260 0.033192 0.000346
42.250000 298 0.057928 0.032430 0.000338
42.350000 289 0.058824 0.031451 0.000328
42.450000 313 0.056523 0.034062 0.000355
42.550000 243 0.064150 0.026445 0.000276
42.650000 281 0.059655 0.030580 0.000319
42.750000 295 0.058222 0.032104 0.000335
42.850000 280 0.059761 0.030471 0.000318
42.950000 292 0.058521 0.031777 0.000332
43.050000 283 0.059444 0.030798 0.000321
43.150000 264 0.061546 0.028730 0.000300
43.250000 294 0.058321 0.031995 0.000334
43.350000 262 0.061780 0.028512 0.000298
43.450000 259 0.062137 0.028186 0.000294
43.550000 255 0.062622 0.027751 0.000290
43.650000 279 0.059868 0.030362 0.000317
43.750000 264 0.061546 0.028730 0.000300
43.850000 291 0.058621 0.031668 0.000330
43.950000 241 0.064416 0.026227 0.000274
44.050000 256 0.062500 0.027859 0.000291
44.150000 248 0.063500 0.026989 0.000282
44.250000 277 0.060084 0.030145 0.000315
44.350000 263 0.061663 0.028621 0.000299
44.450000 245 0.063888 0.026662 0.000278
44.550000 271 0.060746 0.029492 0.000308
44.650000 247 0.063628 0.026880 0.000280
44.750000 248 0.063500 0.026989 0.000282
44.850000 284 0.059339 0.030907 0.000322
44.950000 238 0.064820 0.025901 0.000270
45.050000 237 0.064957 0.025792 0.000269
45.150000 237 0.064957 0.025792 0.000269
45.250000 252 0.062994 0.027424 0.000286
45.350000 244 0.064018 0.026553 0.000277
45.450000 235 0.065233 0.025574 0.000267
45.550000 272 0.060634 0.029601 0.000309
45.650000 254 0.062746 0.027642 0.000288
45.750000 258 0.062257 0.028077 0.000293
45.850000 275 0.060302 0.029927 0.000312
45.950000 245 0.063888 0.026662 0.000278
46.050000 254 0.062746 0.027642 0.000288
46.150000 243 0.064150 0.026445 0.000276
46.250000 230 0.065938 0.025030 0.000261
46.350000 220 0.067420 0.023942 0.000250
46.450000 225 0.066667 0.024486 0.000256
46.550000 269 0.060971 0.029274 0.000305
46.650000 261 0.061898 0.028404 0.000296
46.750000 264 0.061546 0.028730 0.000300
46.850000 239 0.064685 0.026009 0.000271
46.950000 226 0.066519 0.024595 0.000257
47.050000 240 0.064550 0.026118 0.000273
47.150000 241 0.064416 0.026227 0.000274
47.250000 227 0.066372 0.024703 0.000258
47.350000 243 0.064150 0.026445 0.000276
47.450000 237 0.064957 0.025792 0.000269
47.550000 227 0.066372 0.024703 0.000258
47.650000 244 0.064018 0.026553 0.000277
47.750000 250 0.063246 0.027206 0.000284
47.850000 229 0.066082 0.024921 0.000260
47.950000 220 0.067420 0.023942 0.000250
48.050000 233 0.065512 0.025356 0.000265
48.150000 226 0.066519 0.024595 0.000257
48.250000 223 0.066965 0.024268 0.000253
48.350000 227 0.066372 0.024703 0.000258
48.450000 211 0.068843 0.022962 0.000240
48.550000 250 0.063246 0.027206 0.000284
48.650000 266 0.061314 0.028948 0.000302
48.750000 245 0.063888 0.026662 0.000278
48.850000 211 0.068843 0.022962 0.000240
48.950000 227 0.066372 0.024703 0.000258
49.050000 233 0.065512 0.025356 0.000265
49.150000 227 0.066372 0.024703 0.000258
49.250000 222 0.067116 0.024159 0.000252
49.350000 242 0.064282 0.026336 0.000275
49.450000 233 0.065512 0.025356 0.000265
49.550000 220 0.067420 0.023942 0.000250
49.650000 210 0.069007 0.022853 0.000239
49.750000 231 0.065795 0.025139 0.000262
49.850000 219 0.067574 0.023833 0.000249
49.950000 213 0.068519 0.023180 0.000242
50.050000 211 0.068843 0.022962 0.000240
50.150000 207 0.069505 0.022527 0.000235
50.250000 226 0.066519 0.024595 0.000257
50.350000 232 0.065653 0.025248 0.000263
50.450000 227 0.066372 0.024703 0.000258
50.550000 230 0.065938 0.025030 0.000261
50.650000 208 0.069338 0.022636 0.000236
50.750000 210 0.069007 0.022853 0.000239
50.850000 212 0.068680 0.023071 0.000241
50.950000 212 0.068680 0.023071 0.000241
51.050000 218 0.067729 0.023724 0.000248
51.150000 218 0.067729 0.023724 0.000248
51.250000 228 0.066227 0.024812 0.000259
51.350000 215 0.068199 0.023398 0.000244
51.450000 226 0.066519 0.024595 0.000257
51.550000 212 0.068680 0.023071 0.000241
51.650000 216 0.068041 0.023506 0.000245
51.750000 244 0.064018 0.026553 0.000277
51.850000 207 0.069505 0.022527 0.000235
51.950000 211 0.068843 0.022962 0.000240
52.050000 223 0.066965 0.024268 0.000253
52.150000 243 0.064150 0.026445 0.000276
52.250000 240 0.064550 0.026118 0.000273
52.350000 214 0.068359 0.023289 0.000243
52.450000 202 0.070360 0.021983 0.000229
52.550000 212 0.068680 0.023071 0.000241
52.650000 223 0.066965 0.024268 0.000253
52.750000 229 0.066082 0.024921 0.000260
52.850000 204 0.070014 0.022200 0.000232
52.950000 200 0.070711 0.021765 0.000227
53.050000 207 0.069505 0.022527 0.000235
53.150000 204 0.070014 0.022200 0.000232
53.250000 199 0.070888 0.021656 0.000226
53.350000 190 0.072548 0.020677 0.000216
53.450000 193 0.071982 0.021003 0.000219
53.550000 189 0.072739 0.020568 0.000215
53.650000 195 0.071611 0.021221 0.000222
53.750000 192 0.072169 0.020895 0.000218
53.850000 207 0.069505 0.022527 0.000235
53.950000 194 0.071796 0.021112 0.000220
54.050000 197 0.071247 0.021439 0.000224
54.150000 204 0.070014 0.022200 0.000232
54.250000 195 0.071611 0.021221 0.000222
54.350000 204 0.070014 0.022200 0.000232
54.450000 219 0.067574 0.023833 0.000249
54.550000 217 0.067884 0.023615 0.000246
54.650000 193 0.071982 0.021003 0.000219
54.750000 185 0.073521 0.020133 0.000210
54.850000 188 0.072932 0.020459 0.000214
54.950000 176 0.075378 0.019153 0.000200
55.050000 190 0.072548 0.020677 0.000216
55.150000 185 0.073521 0.020133 0.000210
55.250000 181 0.074329 0.019697 0.000206
55.350000 220 0.067420 0.023942 0.000250
55.450000 183 0.073922 0.019915 0.000208
55.550000 194 0.071796 0.021112 0.000220
55.650000 194 0.071796 0.021112 0.000220
55.750000 218 0.067729 0.023724 0.000248
55.850000 187 0.073127 0.020350 0.000212
55.950000 179 0.074744 0.019480 0.000203
56.050000 189 0.072739 0.020568 0.000215
56.150000 194 0.071796 0.021112 0.000220
56.250000 184 0.073721 0.020024 0.000209
56.350000 176 0.075378 0.019153 0.000200
56.450000 175 0.075593 0.019045 0.000199
56.550000 167 0.077382 0.018174 0.000190
56.650000 165 0.077850 0.017956 0.000188
56.750000 182 0.074125 0.019806 0.000207
56.850000 134 0.086387 0.014583 0.000152
56.950000 146 0.082761 0.015889 0.000166
57.050000 167 0.077382 0.018174 0.000190
57.150000 179 0.074744 0.019480 0.000203
57.250000 148 0.082199 0.016106 0.000168
57.350000 184 0.073721 0.020024 0.000209
57.450000 164 0.078087 0.017847 0.000186
57.550000 160 0.079057 0.017412 0.000182
57.650000 167 0.077382 0.018174 0.000190
57.750000 142 0.083918 0.015453 0.000161
57.850000 165 0.077850 0.017956 0.000188
57.950000 139 0.084819 0.015127 0.000158
58.050000 143 0.083624 0.015562 0.000163
58.150000 154 0.080582 0.016759 0.000175
58.250000 145 0.083045 0.015780 0.000165
58.350000 137 0.085436 0.014909 0.000156
58.450000 168 0.077152 0.018283 0.000191
58.550000 187 0.073127 0.020350 0.000212
58.650000 128 0.088388 0.013930 0.000146
58.750000 146 0.082761 0.015889 0.000166
58.850000 146 0.082761 0.015889 0.000166
58.950000 138 0.085126 0.015018 0.000157
59.050000 134 0.086387 0.014583 0.000152
59.150000 150 0.081650 0.016324 0.000171
59.250000 127 0.088736 0.013821 0.000145
59.350000 121 0.090909 0.013168 0.000138
59.450000 126 0.089087 0.013712 0.000143
59.550000 119 0.091670 0.012950 0.000135
59.650000 122 0.090536 0.013277 0.000139
59.750000 119 0.091670 0.012950 0.000135
59.850000 129 0.088045 0.014039 0.000147
59.950000 127 0.088736 0.013821 0.000145
60.050000 135 0.086066 0.014691 0.000154
60.150000 127 0.088736 0.013821 0.000145
60.250000 112 0.094491 0.012188 0.000128
60.350000 104 0.098058 0.011318 0.000119
60.450000 120 0.091287 0.013059 0.000137
60.550000 121 0.090909 0.013168 0.000138
60.650000 130 0.087706 0.014147 0.000148
60.750000 104 0.098058 0.011318 0.000119
60.850000 117 0.092450 0.012733 0.000133
60.950000 107 0.096674 0.011644 0.000122
61.050000 112 0.094491 0.012188 0.000128
61.150000 115 0.093250 0.012515 0.000131
61.250000 124 0.089803 0.013494 0.000141
61.350000 112 0.094491 0.012188 0.000128
61.450000 105 0.097590 0.011427 0.000120
61.550000 110 0.095346 0.011971 0.000125
61.650000 122 0.090536 0.013277 0.000139
61.750000 115 0.093250 0.012515 0.000131
61.850000 109 0.095783 0.011862 0.000124
61.950000 93 0.103695 0.010121 0.000106
62.050000 89 0.106000 0.009685 0.000102
62.150000 126 0.089087 0.013712 0.000143
62.250000 133 0.086711 0.014474 0.000151
62.350000 106 0.097129 0.011536 0.000121
62.450000 97 0.101535 0.010556 0.000111
62.550000 120 0.091287 0.013059 0.000137
62.650000 111 0.094916 0.012080 0.000126
62.750000 98 0.101015 0.010665 0.000112
62.850000 100 0.100000 0.010883 0.000114
62.950000 110 0.095346 0.011971 0.000125
63.050000 124 0.089803 0.013494 0.000141
63.150000 109 0.095783 0.011862 0.000124
63.250000 100 0.100000 0.010883 0.000114
63.350000 102 0.099015 0.011100 0.000116
63.450000 89 0.106000 0.009685 0.000102
63.550000 94 0.103142 0.010230 0.000107
63.650000 101 0.099504 0.010991 0.000115
63.750000 107 0.096674 0.011644 0.000122
63.850000 98 0.101015 0.010665 0.000112
63.950000 112 0.094491 0.012188 0.000128
64.050000 100 0.100000 0.010883 0.000114
64.150000 96 0.102062 0.010447 0.000110
64.250000 90 0.105409 0.009794 0.000103
64.350000 101 0.099504 0.010991 0.000115
64.450000 95 0.102598 0.010338 0.000108
64.550000 92 0.104257 0.010012 0.000105
64.650000 106 0.097129 0.011536 0.000121
64.750000 85 0.108465 0.009250 0.000097
64.850000 95 0.102598 0.010338 0.000108
64.950000 86 0.107833 0.009359 0.000098
65.050000 91 0.104828 0.009903 0.000104
65.150000 94 0.103142 0.010230 0.000107
65.250000 100 0.100000 0.010883 0.000114
65.350000 104 0.098058 0.011318 0.000119
65.450000 90 0.105409 0.009794 0.000103
65.550000 102 0.099015 0.011100 0.000116
65.650000 96 0.102062 0.010447 0.000110
65.750000 114 0.093659 0.012406 0.000130
65.850000 95 0.102598 0.010338 0.000108
65.950000 79 0.112509 0.008597 0.000091
66.050000 105 0.097590 0.011427 0.000120
66.150000 99 0.100504 0.010774 0.000113
66.250000 81 0.111111 0.008815 0.000093
66.350000 102 0.099015 0.011100 0.000116
66.450000 84 0.109109 0.009141 0.000096
66.550000 90 0.105409 0.009794 0.000103
66.650000 89 0.106000 0.009685 0.000102
66.750000 88 0.106600 0.009577 0.000101
66.850000 78 0.113228 0.008488 0.000089
66.950000 92 0.104257 0.010012 0.000105
67.050000 101 0.099504 0.010991 0.000115
67.150000 77 0.113961 0.008380 0.000088
67.250000 102 0.099015 0.011100 0.000116
67.350000 74 0.116248 0.008053 0.000085
67.450000 83 0.109764 0.009033 0.000095
67.550000 86 0.107833 0.009359 0.000098
67.650000 90 0.105409 0.009794 0.000103
67.750000 85 0.108465 0.009250 0.000097
67.850000 86 0.107833 0.009359 0.000098
67.950000 94 0.103142 0.010230 0.000107
68.050000 86 0.107833 0.009359 0.000098
68.150000 92 0.104257 0.010012 0.000105
68.250000 88 0.106600 0.009577 0.000101
68.350000 81 0.111111 0.008815 0.000093
68.450000 81 0.111111 0.008815 0.000093
68.550000 101 0.099504 0.010991 0.000115
68.650000 99 0.100504 0.010774 0.000113
68.750000 76 0.114708 0.008271 0.000087
68.850000 87 0.107211 0.009468 0.000099
68.950000 76 0.114708 0.008271 0.000087
69.050000 77 0.113961 0.008380 0.000088
69.150000 84 0.109109 0.009141 0.000096
69.250000 84 0.109109 0.009141 0.000096
69.350000 97 0.101535 0.010556 0.000111
69.450000 84 0.109109 0.009141 0.000096
69.550000 68 0.121268 0.007400 0.000078
69.650000 88 0.106600 0.009577 0.000101
69.750000 73 0.117041 0.007944 0.000084
69.850000 81 0.111111 0.008815 0.000093
69.950000 83 0.109764 0.009033 0.000095
70.050000 69 0.120386 0.007509 0.000079
70.150000 81 0.111111 0.008815 0.000093
70.250000 70 0.119523 0.007618 0.000081
70.350000 82 0.110432 0.008924 0.000094
70.450000 83 0.109764 0.009033 0.000095
70.550000 69 0.120386 0.007509 0.000079
70.650000 64 0.125000 0.006965 0.000074
70.750000 71 0.118678 0.007727 0.000082
70.850000 67 0.122169 0.007291 0.000077
70.950000 105 0.097590 0.011427 0.000120
71.050000 67 0.122169 0.007291 0.000077
71.150000 75 0.115470 0.008162 0.000086
71.250000 80 0.111803 0.008706 0.000092
71.350000 84 0.109109 0.009141 0.000096
71.450000 72 0.117851 0.007835 0.000083
71.550000 85 0.108465 0.009250 0.000097
71.650000 59 0.130189 0.006421 0.000068
71.750000 57 0.132453 0.006203 0.000066
71.850000 81 0.111111 0.008815 0.000093
71.950000 71 0.118678 0.007727 0.000082
72.050000 87 0.107211 0.009468 0.000099
72.150000 68 0.121268 0.007400 0.000078
72.250000 69 0.120386 0.007509 0.000079
72.350000 69 0.120386 0.007509 0.000079
72.450000 63 0.125988 0.006856 0.000073
72.550000 61 0.128037 0.006638 0.000071
72.650000 82 0.110432 0.008924 0.000094
72.750000 71 0.118678 0.007727 0.000082
72.850000 79 0.112509 0.008597 0.000091
72.950000 57 0.132453 0.006203 0.000066
73.050000 56 0.133631 0.006094 0.000065
73.150000 50 0.141421 0.005441 0.000059
73.250000 65 0.124035 0.007074 0.000075
73.350000 46 0.147442 0.005006 0.000055
73.450000 57 0.132453 0.006203 0.000066
73.550000 50 0.141421 0.005441 0.000059
73.650000 70 0.119523 0.007618 0.000081
73.750000 59 0.130189 0.006421 0.000068
73.850000 65 0.124035 0.007074 0.000075
73.950000 67 0.122169 0.007291 0.000077
74.050000 51 0.140028 0.005550 0.000060
74.150000 59 0.130189 0.006421 0.000068
74.250000 54 0.136083 0.005877 0.000063
74.350000 54 0.136083 0.005877 0.000063
74.450000 48 0.144338 0.005224 0.000057
74.550000 50 0.141421 0.005441 0.000059
74.650000 63 0.125988 0.006856 0.000073
74.750000 55 0.134840 0.005985 0.000064
74.850000 45 0.149071 0.004897 0.000054
74.950000 47 0.145865 0.005115 0.000056
75.050000 42 0.154303 0.004571 0.000051
75.150000 48 0.144338 0.005224 0.000057
75.250000 43 0.152499 0.004680 0.000052
75.350000 51 0.140028 0.005550 0.000060
75.450000 54 0.136083 0.005877 0.000063
75.550000 42 0.154303 0.004571 0.000051
75.650000 45 0.149071 0.004897 0.000054
75.750000 48 0.144338 0.005224 0.000057
75.850000 45 0.149071 0.004897 0.000054
75.950000 52 0.138675 0.005659 0.000061
76.050000 46 0.147442 0.005006 0.000055
76.150000 37 0.164399 0.004027 0.000046
76.250000 43 0.152499 0.004680 0.000052
76.350000 51 0.140028 0.005550 0.000060
76.450000 33 0.174078 0.003591 0.000042
76.550000 39 0.160128 0.004244 0.000048
76.650000 34 0.171499 0.003700 0.000043
76.750000 41 0.156174 0.004462 0.000050
76.850000 43 0.152499 0.004680 0.000052
76.950000 41 0.156174 0.004462 0.000050
77.050000 38 0.162221 0.004135 0.000047
77.150000 39 0.160128 0.004244 0.000048
77.250000 40 0.158114 0.004353 0.000049
77.350000 35 0.169031 0.003809 0.000044
77.450000 32 0.176777 0.003482 0.000041
77.550000 41 0.156174 0.004462 0.000050
77.650000 40 0.158114 0.004353 0.000049
77.750000 43 0.152499 0.004680 0.000052
77.850000 33 0.174078 0.003591 0.000042
77.950000 31 0.179605 0.003374 0.000040
78.050000 33 0.174078 0.003591 0.000042
78.150000 28 0.188982 0.003047 0.000038
78.250000 32 0.176777 0.003482 0.000041
78.350000 41 0.156174 0.004462 0.000050
78.450000 37 0.164399 0.004027 0.000046
78.550000 24 0.204124 0.002612 0.000035
78.650000 33 0.174078 0.003591 0.000042
78.750000 29 0.185695 0.003156 0.000039
78.850000 28 0.188982 0.003047 0.000038
78.950000 32 0.176777 0.003482 0.000041
79.050000 29 0.185695 0.003156 0.000039
79.150000 33 0.174078 0.003591 0.000042
79.250000 28 0.188982 0.003047 0.000038
79.350000 32 0.176777 0.003482 0.000041
79.450000 25 0.200000 0.002721 0.000036
79.550000 36 0.166667 0.003918 0.000045
79.650000 29 0.185695 0.003156 0.000039
79.750000 28 0.188982 0.003047 0.000038
79.850000 35 0.169031 0.003809 0.000044
79.950000 36 0.166667 0.003918 0.000045
80.050000 41 0.156174 0.004462 0.000050
80.150000 31 0.179605 0.003374 0.000040
80.250000 34 0.171499 0.003700 0.000043
80.350000 37 0.164399 0.004027 0.000046
80.450000 39 0.160128 0.004244 0.000048
80.550000 32 0.176777 0.003482 0.000041
80.650000 40 0.158114 0.004353 0.000049
80.750000 30 0.182574 0.003265 0.000039
80.850000 26 0.196116 0.002829 0.000036
80.950000 38 0.162221 0.004135 0.000047
81.050000 31 0.179605 0.003374 0.000040
81.150000 41 0.156174 0.004462 0.000050
81.250000 35 0.169031 0.003809 0.000044
81.350000 30 0.182574 0.003265 0.000039
81.450000 41 0.156174 0.004462 0.000050
81.550000 37 0.164399 0.004027 0.000046
81.650000 40 0.158114 0.004353 0.000049
81.750000 45 0.149071 0.004897 0.000054
81.850000 30 0.182574 0.003265 0.000039
81.950000 41 0.156174 0.004462 0.000050
82.050000 43 0.152499 0.004680 0.000052
82.150000 38 0.162221 0.004135 0.000047
82.250000 39 0.160128 0.004244 0.000048
82.350000 46 0.147442 0.005006 0.000055
82.450000 45 0.149071 0.004897 0.000054
82.550000 56 0.133631 0.006094 0.000065
82.650000 30 0.182574 0.003265 0.000039
82.750000 49 0.142857 0.005332 0.000058
82.850000 46 0.147442 0.005006 0.000055
82.950000 51 0.140028 0.005550 0.000060
83.050000 48 0.144338 0.005224 0.000057
83.150000 40 0.158114 0.004353 0.000049
83.250000 39 0.160128 0.004244 0.000048
83.350000 55 0.134840 0.005985 0.000064
83.450000 52 0.138675 0.005659 0.000061
83.550000 37 0.164399 0.004027 0.000046
83.650000 44 0.150756 0.004788 0.000053
83.750000 53 0.137361 0.005768 0.000062
83.850000 53 0.137361 0.005768 0.000062
83.950000 51 0.140028 0.005550 0.000060
84.050000 50 0.141421 0.005441 0.000059
84.150000 54 0.136083 0.005877 0.000063
84.250000 53 0.137361 0.005768 0.000062
84.350000 45 0.149071 0.004897 0.000054
84.450000 48 0.144338 0.005224 0.000057
84.550000 50 0.141421 0.005441 0.000059
84.650000 57 0.132453 0.006203 0.000066
84.750000 52 0.138675 0.005659 0.000061
84.850000 57 0.132453 0.006203 0.000066
84.950000 68 0.121268 0.007400 0.000078
85.050000 59 0.130189 0.006421 0.000068
85.150000 72 0.117851 0.007835 0.000083
85.250000 73 0.117041 0.007944 0.000084
85.350000 51 0.140028 0.005550 0.000060
85.450000 52 0.138675 0.005659 0.000061
85.550000 54 0.136083 0.005877 0.000063
85.650000 67 0.122169 0.007291 0.000077
85.750000 59 0.130189 0.006421 0.000068
85.850000 59 0.130189 0.006421 0.000068
85.950000 51 0.140028 0.005550 0.000060
86.050000 53 0.137361 0.005768 0.000062
86.150000 61 0.128037 0.006638 0.000071
86.250000 63 0.125988 0.006856 0.000073
86.350000 66 0.123091 0.007183 0.000076
86.450000 56 0.133631 0.006094 0.000065
86.550000 65 0.124035 0.007074 0.000075
86.650000 51 0.140028 0.005550 0.000060
86.750000 58 0.131306 0.006312 0.000067
86.850000 53 0.137361 0.005768 0.000062
86.950000 53 0.137361 0.005768 0.000062
87.050000 53 0.137361 0.005768 0.000062
87.150000 42 0.154303 0.004571 0.000051
87.250000 50 0.141421 0.005441 0.000059
87.350000 39 0.160128 0.004244 0.000048
87.450000 48 0.144338 0.005224 0.000057
87.550000 48 0.144338 0.005224 0.000057
87.650000 47 0.145865 0.005115 0.000056
87.750000 45 0.149071 0.004897 0.000054
87.850000 48 0.144338 0.005224 0.000057
87.950000 55 0.134840 0.005985 0.000064
88.050000 32 0.176777 0.003482 0.000041
88.150000 46 0.147442 0.005006 0.000055
88.250000 50 0.141421 0.005441 0.000059
88.350000 45 0.149071 0.004897 0.000054
88.450000 39 0.160128 0.004244 0.000048
88.550000 39 0.160128 0.004244 0.000048
88.650000 35 0.169031 0.003809 0.000044
88.750000 36 0.166667 0.003918 0.000045
88.850000 31 0.179605 0.003374 0.000040
88.950000 30 0.182574 0.003265 0.000039
89.050000 39 0.160128 0.004244 0.000048
89.150000 28 0.188982 0.003047 0.000038
89.250000 29 0.185695 0.003156 0.000039
89.350000 29 0.185695 0.003156 0.000039
89.450000 32 0.176777 0.003482 0.000041
89.550000 33 0.174078 0.003591 0.000042
89.650000 30 0.182574 0.003265 0.000039
89.750000 35 0.169031 0.003809 0.000044
89.850000 31 0.179605 0.003374 0.000040
89.950000 24 0.204124 0.002612 0.000035
90.050000 23 0.208514 0.002503 0.000035
90.150000 24 0.204124 0.002612 0.000035
90.250000 24 0.204124 0.002612 0.000035
90.350000 15 0.258199 0.001632 0.000033
90.450000 25 0.200000 0.002721 0.000036
90.550000 26 0.196116 0.002829 0.000036
90.650000 20 0.223607 0.002177 0.000033
90.750000 25 0.200000 0.002721 0.000036
90.850000 22 0.213201 0.002394 0.000034
90.950000 18 0.235702 0.001959 0.000033
91.050000 25 0.200000 0.002721 0.000036
91.150000 20 0.223607 0.002177 0.000033
91.250000 20 0.223607 0.002177 0.000033
91.350000 15 0.258199 0.001632 0.000033
91.450000 22 0.213201 0.002394 0.000034
91.550000 17 0.242536 0.001850 0.000033
91.650000 9 0.333333 0.000979 0.000038
91.750000 19 0.229416 0.002068 0.000033
91.850000 21 0.218218 0.002285 0.000034
91.950000 16 0.250000 0.001741 0.000033
92.050000 19 0.229416 0.002068 0.000033
92.150000 17 0.242536 0.001850 0.000033
92.250000 27 0.192450 0.002938 0.000037
92.350000 24 0.204124 0.002612 0.000035
92.450000 13 0.277350 0.001415 0.000034
92.550000 10 0.316228 0.001088 0.000036
92.650000 11 0.301511 0.001197 0.000035
92.750000 22 0.213201 0.002394 0.000034
92.850000 16 0.250000 0.001741 0.000033
92.950000 12 0.288675 0.001306 0.000034
93.050000 18 0.235702 0.001959 0.000033
93.150000 23 0.208514 0.002503 0.000035
93.250000 17 0.242536 0.001850 0.000033
93.350000 20 0.223607 0.002177 0.000033
93.450000 7 0.377964 0.000762 0.000042
93.550000 21 0.218218 0.002285 0.000034
93.650000 21 0.218218 0.002285 0.000034
93.750000 19 0.229416 0.002068 0.000033
93.850000 9 0.333333 0.000979 0.000038
93.950000 16 0.250000 0.001741 0.000033
94.050000 15 0.258199 0.001632 0.000033
94.150000 11 0.301511 0.001197 0.000035
94.250000 15 0.258199 0.001632 0.000033
94.350000 13 0.277350 0.001415 0.000034
94.450000 17 0.242536 0.001850 0.000033
94.550000 21 0.218218 0.002285 0.000034
94.650000 20 0.223607 0.002177 0.000033
94.750000 17 0.242536 0.001850 0.000033
94.850000 11 0.301511 0.001197 0.000035
94.950000 18 0.235702 0.001959 0.000033
95.050000 16 0.250000 0.001741 0.000033
95.150000 8 0.353553 0.000871 0.000040
95.250000 22 0.213201 0.002394 0.000034
95.350000 13 0.277350 0.001415 0.000034
95.450000 12 0.288675 0.001306 0.000034
95.550000 11 0.301511 0.001197 0.000035
95.650000 9 0.333333 0.000979 0.000038
95.750000 18 0.235702 0.001959 0.000033
95.850000 14 0.267261 0.001524 0.000033
95.950000 11 0.301511 0.001197 0.000035
96.050000 11 0.301511 0.001197 0.000035
96.150000 12 0.288675 0.001306 0.000034
96.250000 22 0.213201 0.002394 0.000034
96.350000 9 0.333333 0.000979 0.000038
96.450000 11 0.301511 0.001197 0.000035
96.550000 13 0.277350 0.001415 0.000034
96.650000 13 0.277350 0.001415 0.000034
96.750000 13 0.277350 0.001415 0.000034
96.850000 14 0.267261 0.001524 0.000033
96.950000 10 0.316228 0.001088 0.000036
97.050000 10 0.316228 0.001088 0.000036
97.150000 17 0.242536 0.001850 0.000033
97.250000 17 0.242536 0.001850 0.000033
97.350000 12 0.288675 0.001306 0.000034
97.450000 8 0.353553 0.000871 0.000040
97.550000 16 0.250000 0.001741 0.000033
97.650000 19 0.229416 0.002068 0.000033
97.750000 15 0.258199 0.001632 0.000033
97.850000 6 0.408248 0.000653 0.000045
97.950000 9 0.333333 0.000979 0.000038
98.050000 3 0.577350 0.000326 0.000063
98.150000 8 0.353553 0.000871 0.000040
98.250000 17 0.242536 0.001850 0.000033
98.350000 16 0.250000 0.001741 0.000033
98.450000 11 0.301511 0.001197 0.000035
98.550000 12 0.288675 0.001306 0.000034
98.650000 12 0.288675 0.001306 0.000034
98.750000 7 0.377964 0.000762 0.000042
98.850000 8 0.353553 0.000871 0.000040
98.950000 11 0.301511 0.001197 0.000035
99.050000 14 0.267261 0.001524 0.000033
99.150000 8 0.353553 0.000871 0.000040
99.250000 9 0.333333 0.000979 0.000038
99.350000 10 0.316228 0.001088 0.000036
99.450000 6 0.408248 0.000653 0.000045
99.550000 9 0.333333 0.000979 0.000038
99.650000 9 0.333333 0.000979 0.000038
99.750000 8 0.353553 0.000871 0.000040
99.850000 10 0.316228 0.001088 0.000036
99.950000 8 0.353553 0.000871 0.000040
