#
# Sample name: Sample title.                                                   
# Sample id:   
# Sample type: 
# User name:   
# Sample description: 
#
# Start time:    2024-05-24, 14:35:11
# Real time (s): 1264.240
# Live time (s): 1200.000
#
# Total counts:  18613471
#
# Left marker:  511 (433.371 keV)
# Right marker: 513 (435.065 keV)
# Counts:  16368
#
# Energy calibration coefficients ( E = sum(Ai * n**i) )
#     A0: 0.669355
#     A1: 0.846774
#     A2: 0.000000
#     A3: 0.000000
# Energy unit: keV
#
# Channel data
# n	energy(keV)	counts	rate(1/s)
#-----------------------------------------------------------------------
1	1.516	80	0.0666667
2	2.363	90	0.075
3	3.210	125	0.104167
4	4.056	412	0.343333
5	4.903	1295	1.07917
6	5.750	1968	1.64
7	6.597	2609	2.17417
8	7.444	3810	3.175
9	8.290	15924	13.27
10	9.137	31418	26.1817
11	9.984	42076	35.0633
12	10.831	56626	47.1883
13	11.677	54084	45.07
14	12.524	52723	43.9358
15	13.371	52945	44.1208
16	14.218	52999	44.1658
17	15.065	53220	44.35
18	15.911	53421	44.5175
19	16.758	53240	44.3667
20	17.605	53330	44.4417
21	18.452	53536	44.6133
22	19.298	53350	44.4583
23	20.145	53808	44.84
24	20.992	53185	44.3208
25	21.839	53763	44.8025
26	22.685	53333	44.4442
27	23.532	54215	45.1792
28	24.379	53971	44.9758
29	25.226	53600	44.6667
30	26.073	54377	45.3142
31	26.919	54081	45.0675
32	27.766	54653	45.5442
33	28.613	55014	45.845
34	29.460	54767	45.6392
35	30.306	55305	46.0875
36	31.153	55704	46.42
37	32.000	56256	46.88
38	32.847	56189	46.8242
39	33.694	56938	47.4483
40	34.540	56859	47.3825
41	35.387	57735	48.1125
42	36.234	57998	48.3317
43	37.081	58345	48.6208
44	37.927	58843	49.0358
45	38.774	58894	49.0783
46	39.621	59173	49.3108
47	40.468	59834	49.8617
48	41.315	59695	49.7458
49	42.161	60843	50.7025
50	43.008	60724	50.6033
51	43.855	61447	51.2058
52	44.702	62172	51.81
53	45.548	63182	52.6517
54	46.395	63705	53.0875
55	47.242	63966	53.305
56	48.089	64757	53.9642
57	48.935	65499	54.5825
58	49.782	66778	55.6483
59	50.629	67101	55.9175
60	51.476	67678	56.3983
61	52.323	68003	56.6692
62	53.169	69573	57.9775
63	54.016	69808	58.1733
64	54.863	70515	58.7625
65	55.710	71341	59.4508
66	56.556	72126	60.105
67	57.403	72094	60.0783
68	58.250	72789	60.6575
69	59.097	73493	61.2442
70	59.944	74183	61.8192
71	60.790	74212	61.8433
72	61.637	74011	61.6758
73	62.484	74644	62.2033
74	63.331	74746	62.2883
75	64.177	74794	62.3283
76	65.024	74892	62.41
77	65.871	74530	62.1083
78	66.718	74596	62.1633
79	67.565	74741	62.2842
80	68.411	74147	61.7892
81	69.258	73683	61.4025
82	70.105	74206	61.8383
83	70.952	73787	61.4892
84	71.798	73431	61.1925
85	72.645	72539	60.4492
86	73.492	71942	59.9517
87	74.339	72192	60.16
88	75.185	71297	59.4142
89	76.032	70579	58.8158
90	76.879	69790	58.1583
91	77.726	69716	58.0967
92	78.573	69114	57.595
93	79.419	68293	56.9108
94	80.266	67684	56.4033
95	81.113	66992	55.8267
96	81.960	66703	55.5858
97	82.806	66109	55.0908
98	83.653	65626	54.6883
99	84.500	64696	53.9133
100	85.347	64507	53.7558
101	86.194	63615	53.0125
102	87.040	63505	52.9208
103	87.887	62436	52.03
104	88.734	62769	52.3075
105	89.581	61729	51.4408
106	90.427	61755	51.4625
107	91.274	61400	51.1667
108	92.121	60191	50.1592
109	92.968	60392	50.3267
110	93.815	59400	49.5
111	94.661	59079	49.2325
112	95.508	58863	49.0525
113	96.355	58305	48.5875
114	97.202	58033	48.3608
115	98.048	57153	47.6275
116	98.895	57400	47.8333
117	99.742	57176	47.6467
118	100.589	56452	47.0433
119	101.435	56442	47.035
120	102.282	56336	46.9467
121	103.129	55922	46.6017
122	103.976	55478	46.2317
123	104.823	55394	46.1617
124	105.669	54702	45.585
125	106.516	54624	45.52
126	107.363	54039	45.0325
127	108.210	54061	45.0508
128	109.056	53711	44.7592
129	109.903	53069	44.2242
130	110.750	52814	44.0117
131	111.597	52109	43.4242
132	112.444	51920	43.2667
133	113.290	51390	42.825
134	114.137	51215	42.6792
135	114.984	50835	42.3625
136	115.831	50316	41.93
137	116.677	49702	41.4183
138	117.524	49000	40.8333
139	118.371	48796	40.6633
140	119.218	48557	40.4642
141	120.065	47764	39.8033
142	120.911	47486	39.5717
143	121.758	46746	38.955
144	122.605	46005	38.3375
145	123.452	45140	37.6167
146	124.298	45194	37.6617
147	125.145	44042	36.7017
148	125.992	43593	36.3275
149	126.839	42973	35.8108
150	127.685	42004	35.0033
151	128.532	41630	34.6917
152	129.379	40760	33.9667
153	130.226	40180	33.4833
154	131.073	39662	33.0517
155	131.919	38417	32.0142
156	132.766	37851	31.5425
157	133.613	37366	31.1383
158	134.460	36427	30.3558
159	135.306	36179	30.1492
160	136.153	35559	29.6325
161	137.000	34844	29.0367
162	137.847	34094	28.4117
163	138.694	33629	28.0242
164	139.540	33371	27.8092
165	140.387	32751	27.2925
166	141.234	32603	27.1692
167	142.081	31844	26.5367
168	142.927	31476	26.23
169	143.774	30954	25.795
170	144.621	30745	25.6208
171	145.468	30642	25.535
172	146.315	30346	25.2883
173	147.161	30133	25.1108
174	148.008	29916	24.93
175	148.855	29582	24.6517
176	149.702	29988	24.99
177	150.548	29955	24.9625
178	151.395	29570	24.6417
179	152.242	29913	24.9275
180	153.089	30113	25.0942
181	153.935	30390	25.325
182	154.782	30143	25.1192
183	155.629	30957	25.7975
184	156.476	31046	25.8717
185	157.323	31487	26.2392
186	158.169	32162	26.8017
187	159.016	32637	27.1975
188	159.863	33279	27.7325
189	160.710	34233	28.5275
190	161.556	34970	29.1417
191	162.403	35616	29.68
192	163.250	36135	30.1125
193	164.097	37539	31.2825
194	164.944	38547	32.1225
195	165.790	39222	32.685
196	166.637	41092	34.2433
197	167.484	41935	34.9458
198	168.331	43271	36.0592
199	169.177	44708	37.2567
200	170.024	46227	38.5225
201	170.871	47200	39.3333
202	171.718	49284	41.07
203	172.565	50710	42.2583
204	173.411	52122	43.435
205	174.258	53933	44.9442
206	175.105	55488	46.24
207	175.952	57370	47.8083
208	176.798	58610	48.8417
209	177.645	60312	50.26
210	178.492	62171	51.8092
211	179.339	63550	52.9583
212	180.185	65635	54.6958
213	181.032	66732	55.61
214	181.879	68382	56.985
215	182.726	69937	58.2808
216	183.573	71326	59.4383
217	184.419	71860	59.8833
218	185.266	73273	61.0608
219	186.113	74719	62.2658
220	186.960	75909	63.2575
221	187.806	76293	63.5775
222	188.653	77040	64.2
223	189.500	77152	64.2933
224	190.347	77384	64.4867
225	191.194	77431	64.5258
226	192.040	77954	64.9617
227	192.887	77646	64.705
228	193.734	78214	65.1783
229	194.581	77562	64.635
230	195.427	76757	63.9642
231	196.274	76400	63.6667
232	197.121	75902	63.2517
233	197.968	74539	62.1158
234	198.815	73876	61.5633
235	199.661	72759	60.6325
236	200.508	71815	59.8458
237	201.355	70762	58.9683
238	202.202	69493	57.9108
239	203.048	67796	56.4967
240	203.895	66848	55.7067
241	204.742	65744	54.7867
242	205.589	64676	53.8967
243	206.435	62535	52.1125
244	207.282	60866	50.7217
245	208.129	59729	49.7742
246	208.976	58321	48.6008
247	209.823	56950	47.4583
248	210.669	55478	46.2317
249	211.516	54161	45.1342
250	212.363	52573	43.8108
251	213.210	51261	42.7175
252	214.056	49945	41.6208
253	214.903	49066	40.8883
254	215.750	47529	39.6075
255	216.597	45916	38.2633
256	217.444	45002	37.5017
257	218.290	43729	36.4408
258	219.137	42604	35.5033
259	219.984	41823	34.8525
260	220.831	40386	33.655
261	221.677	39653	33.0442
262	222.524	38259	31.8825
263	223.371	37221	31.0175
264	224.218	36759	30.6325
265	225.065	35507	29.5892
266	225.911	34779	28.9825
267	226.758	34314	28.595
268	227.605	32866	27.3883
269	228.452	32354	26.9617
270	229.298	31543	26.2858
271	230.145	31071	25.8925
272	230.992	30015	25.0125
273	231.839	28987	24.1558
274	232.685	28873	24.0608
275	233.532	27875	23.2292
276	234.379	27180	22.65
277	235.226	26698	22.2483
278	236.073	26323	21.9358
279	236.919	25743	21.4525
280	237.766	24851	20.7092
281	238.613	24045	20.0375
282	239.460	23689	19.7408
283	240.306	23244	19.37
284	241.153	22595	18.8292
285	242.000	22236	18.53
286	242.847	21968	18.3067
287	243.694	20940	17.45
288	244.540	20664	17.22
289	245.387	20504	17.0867
290	246.234	19878	16.565
291	247.081	19597	16.3308
292	247.927	19282	16.0683
293	248.774	18770	15.6417
294	249.621	18354	15.295
295	250.468	17997	14.9975
296	251.315	17820	14.85
297	252.161	17363	14.4692
298	253.008	17227	14.3558
299	253.855	16948	14.1233
300	254.702	16575	13.8125
301	255.548	16264	13.5533
302	256.395	16032	13.36
303	257.242	15841	13.2008
304	258.089	15769	13.1408
305	258.935	15430	12.8583
306	259.782	15210	12.675
307	260.629	14898	12.415
308	261.476	14687	12.2392
309	262.323	14617	12.1808
310	263.169	14528	12.1067
311	264.016	14381	11.9842
312	264.863	14189	11.8242
313	265.710	14185	11.8208
314	266.556	14098	11.7483
315	267.403	14021	11.6842
316	268.250	13826	11.5217
317	269.097	13726	11.4383
318	269.944	13641	11.3675
319	270.790	13548	11.29
320	271.637	13346	11.1217
321	272.484	13317	11.0975
322	273.331	13501	11.2508
323	274.177	13122	10.935
324	275.024	13188	10.99
325	275.871	13121	10.9342
326	276.718	12921	10.7675
327	277.565	12901	10.7508
328	278.411	12910	10.7583
329	279.258	12931	10.7758
330	280.105	12661	10.5508
331	280.952	12727	10.6058
332	281.798	12779	10.6492
333	282.645	12655	10.5458
334	283.492	12469	10.3908
335	284.339	12777	10.6475
336	285.185	12671	10.5592
337	286.032	12463	10.3858
338	286.879	12358	10.2983
339	287.726	12473	10.3942
340	288.573	12417	10.3475
341	289.419	12497	10.4142
342	290.266	12371	10.3092
343	291.113	12068	10.0567
344	291.960	12189	10.1575
345	292.806	12057	10.0475
346	293.653	12171	10.1425
347	294.500	12098	10.0817
348	295.347	12124	10.1033
349	296.194	12095	10.0792
350	297.040	12102	10.085
351	297.887	11947	9.95583
352	298.734	12033	10.0275
353	299.581	11858	9.88167
354	300.427	12018	10.015
355	301.274	11881	9.90083
356	302.121	11795	9.82917
357	302.968	11762	9.80167
358	303.815	11996	9.99667
359	304.661	11676	9.73
360	305.508	11809	9.84083
361	306.355	11839	9.86583
362	307.202	11720	9.76667
363	308.048	11624	9.68667
364	308.895	11558	9.63167
365	309.742	11505	9.5875
366	310.589	11715	9.7625
367	311.435	11767	9.80583
368	312.282	11660	9.71667
369	313.129	11534	9.61167
370	313.976	11544	9.62
371	314.823	11683	9.73583
372	315.669	11678	9.73167
373	316.516	11402	9.50167
374	317.363	11445	9.5375
375	318.210	11624	9.68667
376	319.056	11461	9.55083
377	319.903	11515	9.59583
378	320.750	11501	9.58417
379	321.597	11514	9.595
380	322.444	11386	9.48833
381	323.290	11256	9.38
382	324.137	11418	9.515
383	324.984	11467	9.55583
384	325.831	11416	9.51333
385	326.677	11208	9.34
386	327.524	11200	9.33333
387	328.371	11434	9.52833
388	329.218	11404	9.50333
389	330.065	11311	9.42583
390	330.911	11207	9.33917
391	331.758	11363	9.46917
392	332.605	11200	9.33333
393	333.452	11109	9.2575
394	334.298	11300	9.41667
395	335.145	11249	9.37417
396	335.992	11015	9.17917
397	336.839	11249	9.37417
398	337.685	11050	9.20833
399	338.532	11204	9.33667
400	339.379	11145	9.2875
401	340.226	11327	9.43917
402	341.073	10962	9.135
403	341.919	10873	9.06083
404	342.766	11028	9.19
405	343.613	10922	9.10167
406	344.460	11076	9.23
407	345.306	11041	9.20083
408	346.153	11115	9.2625
409	347.000	10864	9.05333
410	347.847	10946	9.12167
411	348.694	10979	9.14917
412	349.540	10863	9.0525
413	350.387	11183	9.31917
414	351.234	11262	9.385
415	352.081	10963	9.13583
416	352.927	11078	9.23167
417	353.774	10966	9.13833
418	354.621	10906	9.08833
419	355.468	11205	9.3375
420	356.315	10996	9.16333
421	357.161	10814	9.01167
422	358.008	10786	8.98833
423	358.855	10993	9.16083
424	359.702	10645	8.87083
425	360.548	10873	9.06083
426	361.395	10820	9.01667
427	362.242	10925	9.10417
428	363.089	10669	8.89083
429	363.935	10824	9.02
430	364.782	10752	8.96
431	365.629	10725	8.9375
432	366.476	10688	8.90667
433	367.323	10722	8.935
434	368.169	10617	8.8475
435	369.016	10541	8.78417
436	369.863	10776	8.98
437	370.710	10719	8.9325
438	371.556	10402	8.66833
439	372.403	10462	8.71833
440	373.250	10672	8.89333
441	374.097	10610	8.84167
442	374.944	10548	8.79
443	375.790	10480	8.73333
444	376.637	10525	8.77083
445	377.484	10609	8.84083
446	378.331	10453	8.71083
447	379.177	10455	8.7125
448	380.024	10523	8.76917
449	380.871	10477	8.73083
450	381.718	10335	8.6125
451	382.565	10437	8.6975
452	383.411	10252	8.54333
453	384.258	10201	8.50083
454	385.105	10207	8.50583
455	385.952	10095	8.4125
456	386.798	10256	8.54667
457	387.645	10349	8.62417
458	388.492	9861	8.2175
459	389.339	9964	8.30333
460	390.185	10071	8.3925
461	391.032	9819	8.1825
462	391.879	9893	8.24417
463	392.726	9703	8.08583
464	393.573	9738	8.115
465	394.419	9948	8.29
466	395.266	9529	7.94083
467	396.113	9499	7.91583
468	396.960	9567	7.9725
469	397.806	9673	8.06083
470	398.653	9461	7.88417
471	399.500	9285	7.7375
472	400.347	9361	7.80083
473	401.194	9308	7.75667
474	402.040	9262	7.71833
475	402.887	9291	7.7425
476	403.734	9184	7.65333
477	404.581	9107	7.58917
478	405.427	9137	7.61417
479	406.274	9046	7.53833
480	407.121	9011	7.50917
481	407.968	8981	7.48417
482	408.815	8969	7.47417
483	409.661	8846	7.37167
484	410.508	8742	7.285
485	411.355	8739	7.2825
486	412.202	8553	7.1275
487	413.048	8744	7.28667
488	413.895	8513	7.09417
489	414.742	8594	7.16167
490	415.589	8497	7.08083
491	416.435	8468	7.05667
492	417.282	8482	7.06833
493	418.129	8361	6.9675
494	418.976	8634	7.195
495	419.823	8430	7.025
496	420.669	8381	6.98417
497	421.516	8424	7.02
498	422.363	8368	6.97333
499	423.210	8294	6.91167
500	424.056	8380	6.98333
501	424.903	8207	6.83917
502	425.750	8305	6.92083
503	426.597	8395	6.99583
504	427.444	8227	6.85583
505	428.290	8165	6.80417
506	429.137	8195	6.82917
507	429.984	8062	6.71833
508	430.831	8083	6.73583
509	431.677	8143	6.78583
510	432.524	8204	6.83667
511	433.371	8245	6.87083
512	434.218	8217	6.8475
513	435.065	8151	6.7925
514	435.911	8191	6.82583
515	436.758	8314	6.92833
516	437.605	8309	6.92417
517	438.452	8247	6.8725
518	439.298	8456	7.04667
519	440.145	8385	6.9875
520	440.992	8395	6.99583
521	441.839	8342	6.95167
522	442.685	8303	6.91917
523	443.532	8380	6.98333
524	444.379	8457	7.0475
525	445.226	8419	7.01583
526	446.073	8350	6.95833
527	446.919	8409	7.0075
528	447.766	8390	6.99167
529	448.613	8640	7.2
530	449.460	8466	7.055
531	450.306	8568	7.14
532	451.153	8677	7.23083
533	452.000	8559	7.1325
534	452.847	8457	7.0475
535	453.694	8389	6.99083
536	454.540	8648	7.20667
537	455.387	8386	6.98833
538	456.234	8433	7.0275
539	457.081	8519	7.09917
540	457.927	8520	7.1
541	458.774	8593	7.16083
542	459.621	8514	7.095
543	460.468	8522	7.10167
544	461.315	8449	7.04083
545	462.161	8493	7.0775
546	463.008	8345	6.95417
547	463.855	8642	7.20167
548	464.702	8372	6.97667
549	465.548	8644	7.20333
550	466.395	8350	6.95833
551	467.242	8388	6.99
552	468.089	8297	6.91417
553	468.935	8318	6.93167
554	469.782	8125	6.77083
555	470.629	8197	6.83083
556	471.476	8036	6.69667
557	472.323	7980	6.65
558	473.169	8054	6.71167
559	474.016	7926	6.605
560	474.863	7775	6.47917
561	475.710	7858	6.54833
562	476.556	7630	6.35833
563	477.403	7604	6.33667
564	478.250	7607	6.33917
565	479.097	7709	6.42417
566	479.944	7514	6.26167
567	480.790	7450	6.20833
568	481.637	7395	6.1625
569	482.484	7337	6.11417
570	483.331	7178	5.98167
571	484.177	6937	5.78083
572	485.024	7065	5.8875
573	485.871	6993	5.8275
574	486.718	6782	5.65167
575	487.565	6813	5.6775
576	488.411	6919	5.76583
577	489.258	6580	5.48333
578	490.105	6600	5.5
579	490.952	6540	5.45
580	491.798	6431	5.35917
581	492.645	6301	5.25083
582	493.492	6218	5.18167
583	494.339	6142	5.11833
584	495.185	6022	5.01833
585	496.032	6074	5.06167
586	496.879	5843	4.86917
587	497.726	5696	4.74667
588	498.573	5688	4.74
589	499.419	5781	4.8175
590	500.266	5544	4.62
591	501.113	5583	4.6525
592	501.960	5440	4.53333
593	502.806	5345	4.45417
594	503.653	5279	4.39917
595	504.500	5235	4.3625
596	505.347	5114	4.26167
597	506.194	5132	4.27667
598	507.040	5086	4.23833
599	507.887	4999	4.16583
600	508.734	4930	4.10833
601	509.581	4940	4.11667
602	510.427	4881	4.0675
603	511.274	4624	3.85333
604	512.121	4696	3.91333
605	512.968	4783	3.98583
606	513.815	4623	3.8525
607	514.661	4606	3.83833
608	515.508	4467	3.7225
609	516.355	4449	3.7075
610	517.202	4356	3.63
611	518.048	4425	3.6875
612	518.895	4232	3.52667
613	519.742	4202	3.50167
614	520.589	4181	3.48417
615	521.436	4082	3.40167
616	522.282	4050	3.375
617	523.129	4065	3.3875
618	523.976	4017	3.3475
619	524.823	3957	3.2975
620	525.669	3882	3.235
621	526.516	3951	3.2925
622	527.363	3868	3.22333
623	528.210	3835	3.19583
624	529.056	3696	3.08
625	529.903	3754	3.12833
626	530.750	3646	3.03833
627	531.597	3686	3.07167
628	532.444	3632	3.02667
629	533.290	3617	3.01417
630	534.137	3604	3.00333
631	534.984	3519	2.9325
632	535.831	3576	2.98
633	536.677	3465	2.8875
634	537.524	3442	2.86833
635	538.371	3357	2.7975
636	539.218	3448	2.87333
637	540.065	3305	2.75417
638	540.911	3156	2.63
639	541.758	3243	2.7025
640	542.605	3185	2.65417
641	543.452	3222	2.685
642	544.298	3195	2.6625
643	545.145	3213	2.6775
644	545.992	3126	2.605
645	546.839	3113	2.59417
646	547.686	3003	2.5025
647	548.532	3090	2.575
648	549.379	2984	2.48667
649	550.226	3031	2.52583
650	551.073	2921	2.43417
651	551.919	2916	2.43
652	552.766	2879	2.39917
653	553.613	2887	2.40583
654	554.460	2813	2.34417
655	555.306	2803	2.33583
656	556.153	2750	2.29167
657	557.000	2692	2.24333
658	557.847	2673	2.2275
659	558.694	2777	2.31417
660	559.540	2779	2.31583
661	560.387	2686	2.23833
662	561.234	2567	2.13917
663	562.081	2605	2.17083
664	562.927	2526	2.105
665	563.774	2561	2.13417
666	564.621	2428	2.02333
667	565.468	2511	2.0925
668	566.315	2427	2.0225
669	567.161	2401	2.00083
670	568.008	2359	1.96583
671	568.855	2377	1.98083
672	569.702	2348	1.95667
673	570.548	2331	1.9425
674	571.395	2247	1.8725
675	572.242	2238	1.865
676	573.089	2257	1.88083
677	573.936	2157	1.7975
678	574.782	2229	1.8575
679	575.629	2253	1.8775
680	576.476	2133	1.7775
681	577.323	2106	1.755
682	578.169	2072	1.72667
683	579.016	2023	1.68583
684	579.863	2060	1.71667
685	580.710	2020	1.68333
686	581.556	2138	1.78167
687	582.403	2012	1.67667
688	583.250	1962	1.635
689	584.097	1891	1.57583
690	584.944	1974	1.645
691	585.790	1877	1.56417
692	586.637	1981	1.65083
693	587.484	1837	1.53083
694	588.331	1891	1.57583
695	589.177	1863	1.5525
696	590.024	1797	1.4975
697	590.871	1778	1.48167
698	591.718	1805	1.50417
699	592.565	1723	1.43583
700	593.411	1681	1.40083
701	594.258	1721	1.43417
702	595.105	1665	1.3875
703	595.952	1712	1.42667
704	596.798	1705	1.42083
705	597.645	1676	1.39667
706	598.492	1630	1.35833
707	599.339	1573	1.31083
708	600.186	1623	1.3525
709	601.032	1579	1.31583
710	601.879	1597	1.33083
711	602.726	1623	1.3525
712	603.573	1617	1.3475
713	604.419	1657	1.38083
714	605.266	1548	1.29
715	606.113	1614	1.345
716	606.960	1582	1.31833
717	607.806	1467	1.2225
718	608.653	1553	1.29417
719	609.500	1468	1.22333
720	610.347	1487	1.23917
721	611.194	1480	1.23333
722	612.040	1463	1.21917
723	612.887	1474	1.22833
724	613.734	1497	1.2475
725	614.581	1403	1.16917
726	615.427	1461	1.2175
727	616.274	1413	1.1775
728	617.121	1384	1.15333
729	617.968	1380	1.15
730	618.815	1526	1.27167
731	619.661	1432	1.19333
732	620.508	1430	1.19167
733	621.355	1389	1.1575
734	622.202	1426	1.18833
735	623.048	1377	1.1475
736	623.895	1430	1.19167
737	624.742	1353	1.1275
738	625.589	1272	1.06
739	626.436	1367	1.13917
740	627.282	1303	1.08583
741	628.129	1377	1.1475
742	628.976	1321	1.10083
743	629.823	1304	1.08667
744	630.669	1308	1.09
745	631.516	1316	1.09667
746	632.363	1260	1.05
747	633.210	1314	1.095
748	634.056	1269	1.0575
749	634.903	1266	1.055
750	635.750	1205	1.00417
751	636.597	1299	1.0825
752	637.444	1243	1.03583
753	638.290	1261	1.05083
754	639.137	1207	1.00583
755	639.984	1191	0.9925
756	640.831	1179	0.9825
757	641.677	1238	1.03167
758	642.524	1199	0.999167
759	643.371	1199	0.999167
760	644.218	1194	0.995
761	645.065	1181	0.984167
762	645.911	1178	0.981667
763	646.758	1184	0.986667
764	647.605	1198	0.998333
765	648.452	1142	0.951667
766	649.298	1143	0.9525
767	650.145	1126	0.938333
768	650.992	1115	0.929167
769	651.839	1129	0.940833
770	652.686	1149	0.9575
771	653.532	1127	0.939167
772	654.379	1109	0.924167
773	655.226	1097	0.914167
774	656.073	1100	0.916667
775	656.919	1095	0.9125
776	657.766	1037	0.864167
777	658.613	1096	0.913333
778	659.460	1101	0.9175
779	660.306	1051	0.875833
780	661.153	1005	0.8375
781	662.000	1081	0.900833
782	662.847	1063	0.885833
783	663.694	1070	0.891667
784	664.540	1051	0.875833
785	665.387	1006	0.838333
786	666.234	1036	0.863333
787	667.081	1026	0.855
788	667.927	1041	0.8675
789	668.774	1001	0.834167
790	669.621	980	0.816667
791	670.468	1022	0.851667
792	671.315	985	0.820833
793	672.161	986	0.821667
794	673.008	976	0.813333
795	673.855	1004	0.836667
796	674.702	977	0.814167
797	675.548	997	0.830833
798	676.395	946	0.788333
799	677.242	968	0.806667
800	678.089	966	0.805
801	678.936	939	0.7825
802	679.782	985	0.820833
803	680.629	957	0.7975
804	681.476	931	0.775833
805	682.323	947	0.789167
806	683.169	1001	0.834167
807	684.016	983	0.819167
808	684.863	938	0.781667
809	685.710	913	0.760833
810	686.556	943	0.785833
811	687.403	948	0.79
812	688.250	965	0.804167
813	689.097	892	0.743333
814	689.944	923	0.769167
815	690.790	918	0.765
816	691.637	913	0.760833
817	692.484	929	0.774167
818	693.331	917	0.764167
819	694.177	903	0.7525
820	695.024	870	0.725
821	695.871	895	0.745833
822	696.718	921	0.7675
823	697.565	933	0.7775
824	698.411	882	0.735
825	699.258	871	0.725833
826	700.105	886	0.738333
827	700.952	932	0.776667
828	701.798	882	0.735
829	702.645	854	0.711667
830	703.492	934	0.778333
831	704.339	926	0.771667
832	705.186	943	0.785833
833	706.032	881	0.734167
834	706.879	863	0.719167
835	707.726	911	0.759167
836	708.573	846	0.705
837	709.419	875	0.729167
838	710.266	935	0.779167
839	711.113	888	0.74
840	711.960	898	0.748333
841	712.806	843	0.7025
842	713.653	815	0.679167
843	714.500	841	0.700833
844	715.347	840	0.7
845	716.194	861	0.7175
846	717.040	810	0.675
847	717.887	828	0.69
848	718.734	858	0.715
849	719.581	821	0.684167
850	720.427	887	0.739167
851	721.274	887	0.739167
852	722.121	805	0.670833
853	722.968	889	0.740833
854	723.815	826	0.688333
855	724.661	852	0.71
856	725.508	798	0.665
857	726.355	869	0.724167
858	727.202	873	0.7275
859	728.048	838	0.698333
860	728.895	830	0.691667
861	729.742	792	0.66
862	730.589	813	0.6775
863	731.436	839	0.699167
864	732.282	828	0.69
865	733.129	800	0.666667
866	733.976	789	0.6575
867	734.823	790	0.658333
868	735.669	857	0.714167
869	736.516	892	0.743333
870	737.363	788	0.656667
871	738.210	792	0.66
872	739.056	816	0.68
873	739.903	826	0.688333
874	740.750	781	0.650833
875	741.597	814	0.678333
876	742.444	878	0.731667
877	743.290	773	0.644167
878	744.137	840	0.7
879	744.984	779	0.649167
880	745.831	780	0.65
881	746.677	830	0.691667
882	747.524	794	0.661667
883	748.371	820	0.683333
884	749.218	794	0.661667
885	750.065	826	0.688333
886	750.911	791	0.659167
887	751.758	802	0.668333
888	752.605	788	0.656667
889	753.452	830	0.691667
890	754.298	786	0.655
891	755.145	797	0.664167
892	755.992	776	0.646667
893	756.839	778	0.648333
894	757.686	788	0.656667
895	758.532	771	0.6425
896	759.379	747	0.6225
897	760.226	779	0.649167
898	761.073	741	0.6175
899	761.919	727	0.605833
900	762.766	779	0.649167
901	763.613	722	0.601667
902	764.460	748	0.623333
903	765.306	750	0.625
904	766.153	805	0.670833
905	767.000	767	0.639167
906	767.847	777	0.6475
907	768.694	724	0.603333
908	769.540	769	0.640833
909	770.387	756	0.63
910	771.234	749	0.624167
911	772.081	760	0.633333
912	772.927	752	0.626667
913	773.774	671	0.559167
914	774.621	771	0.6425
915	775.468	752	0.626667
916	776.315	782	0.651667
917	777.161	809	0.674167
918	778.008	742	0.618333
919	778.855	711	0.5925
920	779.702	743	0.619167
921	780.548	737	0.614167
922	781.395	701	0.584167
923	782.242	717	0.5975
924	783.089	730	0.608333
925	783.936	701	0.584167
926	784.782	684	0.57
927	785.629	718	0.598333
928	786.476	733	0.610833
929	787.323	692	0.576667
930	788.169	751	0.625833
931	789.016	721	0.600833
932	789.863	695	0.579167
933	790.710	745	0.620833
934	791.556	712	0.593333
935	792.403	741	0.6175
936	793.250	761	0.634167
937	794.097	660	0.55
938	794.944	652	0.543333
939	795.790	732	0.61
940	796.637	690	0.575
941	797.484	682	0.568333
942	798.331	696	0.58
943	799.177	742	0.618333
944	800.024	685	0.570833
945	800.871	658	0.548333
946	801.718	674	0.561667
947	802.565	700	0.583333
948	803.411	630	0.525
949	804.258	667	0.555833
950	805.105	676	0.563333
951	805.952	664	0.553333
952	806.798	639	0.5325
953	807.645	697	0.580833
954	808.492	667	0.555833
955	809.339	672	0.56
956	810.186	676	0.563333
957	811.032	654	0.545
958	811.879	698	0.581667
959	812.726	652	0.543333
960	813.573	695	0.579167
961	814.419	637	0.530833
962	815.266	679	0.565833
963	816.113	635	0.529167
964	816.960	689	0.574167
965	817.806	672	0.56
966	818.653	671	0.559167
967	819.500	607	0.505833
968	820.347	647	0.539167
969	821.194	618	0.515
970	822.040	640	0.533333
971	822.887	624	0.52
972	823.734	657	0.5475
973	824.581	640	0.533333
974	825.427	605	0.504167
975	826.274	592	0.493333
976	827.121	599	0.499167
977	827.968	594	0.495
978	828.815	591	0.4925
979	829.661	610	0.508333
980	830.508	571	0.475833
981	831.355	629	0.524167
982	832.202	636	0.53
983	833.048	594	0.495
984	833.895	588	0.49
985	834.742	592	0.493333
986	835.589	590	0.491667
987	836.436	574	0.478333
988	837.282	569	0.474167
989	838.129	567	0.4725
990	838.976	601	0.500833
991	839.823	591	0.4925
992	840.669	569	0.474167
993	841.516	563	0.469167
994	842.363	590	0.491667
995	843.210	562	0.468333
996	844.056	572	0.476667
997	844.903	525	0.4375
998	845.750	543	0.4525
999	846.597	562	0.468333
1000	847.444	562	0.468333
1001	848.290	575	0.479167
1002	849.137	554	0.461667
1003	849.984	524	0.436667
1004	850.831	544	0.453333
1005	851.677	560	0.466667
1006	852.524	512	0.426667
1007	853.371	568	0.473333
1008	854.218	530	0.441667
1009	855.065	525	0.4375
1010	855.911	491	0.409167
1011	856.758	590	0.491667
1012	857.605	552	0.46
1013	858.452	540	0.45
1014	859.298	535	0.445833
1015	860.145	517	0.430833
1016	860.992	545	0.454167
1017	861.839	476	0.396667
1018	862.686	573	0.4775
1019	863.532	545	0.454167
1020	864.379	507	0.4225
1021	865.226	535	0.445833
1022	866.073	498	0.415
1023	866.919	537	0.4475
1024	867.766	532	0.443333
