#
# Sample name: Sample title.                                                   
# Sample id:   
# Sample type: 
# User name:   
# Sample description: 
#
# Start time:    2024-05-24, 15:20:30
# Real time (s): 1229.190
# Live time (s): 1200.000
#
# Total counts:  1371511
#
# Left marker:  511 (433.371 keV)
# Right marker: 513 (435.065 keV)
# Counts:  1699
#
# Energy calibration coefficients ( E = sum(Ai * n**i) )
#     A0: 0.669355
#     A1: 0.846774
#     A2: 0.000000
#     A3: 0.000000
# Energy unit: keV
#
# Channel data
# n	energy(keV)	counts	rate(1/s)
#-----------------------------------------------------------------------
1	1.516	1	0.000833333
2	2.363	0	0
3	3.210	1	0.000833333
4	4.056	6	0.005
5	4.903	26	0.0216667
6	5.750	55	0.0458333
7	6.597	71	0.0591667
8	7.444	152	0.126667
9	8.290	916	0.763333
10	9.137	1678	1.39833
11	9.984	2325	1.9375
12	10.831	3108	2.59
13	11.677	2997	2.4975
14	12.524	2820	2.35
15	13.371	2827	2.35583
16	14.218	2795	2.32917
17	15.065	2746	2.28833
18	15.911	2862	2.385
19	16.758	2907	2.4225
20	17.605	2843	2.36917
21	18.452	2855	2.37917
22	19.298	2818	2.34833
23	20.145	2831	2.35917
24	20.992	2771	2.30917
25	21.839	2972	2.47667
26	22.685	2861	2.38417
27	23.532	2848	2.37333
28	24.379	2770	2.30833
29	25.226	2842	2.36833
30	26.073	2866	2.38833
31	26.919	2877	2.3975
32	27.766	2992	2.49333
33	28.613	2880	2.4
34	29.460	2884	2.40333
35	30.306	2878	2.39833
36	31.153	2885	2.40417
37	32.000	2966	2.47167
38	32.847	2962	2.46833
39	33.694	2926	2.43833
40	34.540	2874	2.395
41	35.387	2943	2.4525
42	36.234	2910	2.425
43	37.081	3013	2.51083
44	37.927	2900	2.41667
45	38.774	2897	2.41417
46	39.621	2914	2.42833
47	40.468	3024	2.52
48	41.315	2967	2.4725
49	42.161	2996	2.49667
50	43.008	3093	2.5775
51	43.855	2936	2.44667
52	44.702	2959	2.46583
53	45.548	3045	2.5375
54	46.395	3005	2.50417
55	47.242	2961	2.4675
56	48.089	2952	2.46
57	48.935	3196	2.66333
58	49.782	3074	2.56167
59	50.629	3063	2.5525
60	51.476	3068	2.55667
61	52.323	3040	2.53333
62	53.169	3128	2.60667
63	54.016	3116	2.59667
64	54.863	3051	2.5425
65	55.710	3124	2.60333
66	56.556	3252	2.71
67	57.403	3160	2.63333
68	58.250	3195	2.6625
69	59.097	3229	2.69083
70	59.944	3235	2.69583
71	60.790	3210	2.675
72	61.637	3192	2.66
73	62.484	3238	2.69833
74	63.331	3380	2.81667
75	64.177	3310	2.75833
76	65.024	3321	2.7675
77	65.871	3313	2.76083
78	66.718	3450	2.875
79	67.565	3414	2.845
80	68.411	3445	2.87083
81	69.258	3415	2.84583
82	70.105	3500	2.91667
83	70.952	3565	2.97083
84	71.798	3610	3.00833
85	72.645	3420	2.85
86	73.492	3471	2.8925
87	74.339	3578	2.98167
88	75.185	3510	2.925
89	76.032	3520	2.93333
90	76.879	3508	2.92333
91	77.726	3537	2.9475
92	78.573	3429	2.8575
93	79.419	3593	2.99417
94	80.266	3513	2.9275
95	81.113	3653	3.04417
96	81.960	3553	2.96083
97	82.806	3544	2.95333
98	83.653	3506	2.92167
99	84.500	3589	2.99083
100	85.347	3498	2.915
101	86.194	3525	2.9375
102	87.040	3585	2.9875
103	87.887	3439	2.86583
104	88.734	3468	2.89
105	89.581	3426	2.855
106	90.427	3347	2.78917
107	91.274	3463	2.88583
108	92.121	3389	2.82417
109	92.968	3607	3.00583
110	93.815	3431	2.85917
111	94.661	3410	2.84167
112	95.508	3373	2.81083
113	96.355	3304	2.75333
114	97.202	3377	2.81417
115	98.048	3398	2.83167
116	98.895	3256	2.71333
117	99.742	3203	2.66917
118	100.589	3234	2.695
119	101.435	3276	2.73
120	102.282	3174	2.645
121	103.129	3237	2.6975
122	103.976	3207	2.6725
123	104.823	3149	2.62417
124	105.669	3140	2.61667
125	106.516	3069	2.5575
126	107.363	3076	2.56333
127	108.210	3137	2.61417
128	109.056	3114	2.595
129	109.903	2975	2.47917
130	110.750	2992	2.49333
131	111.597	2954	2.46167
132	112.444	2972	2.47667
133	113.290	3004	2.50333
134	114.137	3092	2.57667
135	114.984	2878	2.39833
136	115.831	2923	2.43583
137	116.677	2891	2.40917
138	117.524	2890	2.40833
139	118.371	2900	2.41667
140	119.218	2909	2.42417
141	120.065	2782	2.31833
142	120.911	2813	2.34417
143	121.758	2852	2.37667
144	122.605	2849	2.37417
145	123.452	2871	2.3925
146	124.298	2802	2.335
147	125.145	2728	2.27333
148	125.992	2772	2.31
149	126.839	2670	2.225
150	127.685	2825	2.35417
151	128.532	2717	2.26417
152	129.379	2712	2.26
153	130.226	2795	2.32917
154	131.073	2737	2.28083
155	131.919	2681	2.23417
156	132.766	2728	2.27333
157	133.613	2645	2.20417
158	134.460	2618	2.18167
159	135.306	2672	2.22667
160	136.153	2641	2.20083
161	137.000	2732	2.27667
162	137.847	2691	2.2425
163	138.694	2678	2.23167
164	139.540	2647	2.20583
165	140.387	2562	2.135
166	141.234	2666	2.22167
167	142.081	2586	2.155
168	142.927	2599	2.16583
169	143.774	2588	2.15667
170	144.621	2506	2.08833
171	145.468	2590	2.15833
172	146.315	2497	2.08083
173	147.161	2554	2.12833
174	148.008	2554	2.12833
175	148.855	2609	2.17417
176	149.702	2524	2.10333
177	150.548	2491	2.07583
178	151.395	2559	2.1325
179	152.242	2526	2.105
180	153.089	2482	2.06833
181	153.935	2423	2.01917
182	154.782	2520	2.1
183	155.629	2538	2.115
184	156.476	2496	2.08
185	157.323	2478	2.065
186	158.169	2444	2.03667
187	159.016	2359	1.96583
188	159.863	2416	2.01333
189	160.710	2478	2.065
190	161.556	2553	2.1275
191	162.403	2353	1.96083
192	163.250	2419	2.01583
193	164.097	2399	1.99917
194	164.944	2454	2.045
195	165.790	2348	1.95667
196	166.637	2455	2.04583
197	167.484	2436	2.03
198	168.331	2533	2.11083
199	169.177	2416	2.01333
200	170.024	2365	1.97083
201	170.871	2503	2.08583
202	171.718	2401	2.00083
203	172.565	2405	2.00417
204	173.411	2412	2.01
205	174.258	2357	1.96417
206	175.105	2294	1.91167
207	175.952	2344	1.95333
208	176.798	2273	1.89417
209	177.645	2424	2.02
210	178.492	2384	1.98667
211	179.339	2423	2.01917
212	180.185	2366	1.97167
213	181.032	2360	1.96667
214	181.879	2412	2.01
215	182.726	2330	1.94167
216	183.573	2407	2.00583
217	184.419	2358	1.965
218	185.266	2313	1.9275
219	186.113	2239	1.86583
220	186.960	2287	1.90583
221	187.806	2372	1.97667
222	188.653	2239	1.86583
223	189.500	2290	1.90833
224	190.347	2351	1.95917
225	191.194	2257	1.88083
226	192.040	2305	1.92083
227	192.887	2312	1.92667
228	193.734	2398	1.99833
229	194.581	2286	1.905
230	195.427	2377	1.98083
231	196.274	2301	1.9175
232	197.121	2225	1.85417
233	197.968	2356	1.96333
234	198.815	2321	1.93417
235	199.661	2171	1.80917
236	200.508	2324	1.93667
237	201.355	2305	1.92083
238	202.202	2338	1.94833
239	203.048	2357	1.96417
240	203.895	2279	1.89917
241	204.742	2280	1.9
242	205.589	2294	1.91167
243	206.435	2290	1.90833
244	207.282	2370	1.975
245	208.129	2299	1.91583
246	208.976	2215	1.84583
247	209.823	2408	2.00667
248	210.669	2315	1.92917
249	211.516	2287	1.90583
250	212.363	2214	1.845
251	213.210	2327	1.93917
252	214.056	2341	1.95083
253	214.903	2357	1.96417
254	215.750	2264	1.88667
255	216.597	2383	1.98583
256	217.444	2263	1.88583
257	218.290	2347	1.95583
258	219.137	2240	1.86667
259	219.984	2208	1.84
260	220.831	2380	1.98333
261	221.677	2323	1.93583
262	222.524	2154	1.795
263	223.371	2289	1.9075
264	224.218	2298	1.915
265	225.065	2260	1.88333
266	225.911	2234	1.86167
267	226.758	2163	1.8025
268	227.605	2282	1.90167
269	228.452	2191	1.82583
270	229.298	2268	1.89
271	230.145	2164	1.80333
272	230.992	2361	1.9675
273	231.839	2186	1.82167
274	232.685	2241	1.8675
275	233.532	2230	1.85833
276	234.379	2242	1.86833
277	235.226	2258	1.88167
278	236.073	2220	1.85
279	236.919	2212	1.84333
280	237.766	2218	1.84833
281	238.613	2170	1.80833
282	239.460	2235	1.8625
283	240.306	2124	1.77
284	241.153	2091	1.7425
285	242.000	2253	1.8775
286	242.847	2185	1.82083
287	243.694	2222	1.85167
288	244.540	2215	1.84583
289	245.387	2219	1.84917
290	246.234	2206	1.83833
291	247.081	2154	1.795
292	247.927	2092	1.74333
293	248.774	2190	1.825
294	249.621	2133	1.7775
295	250.468	2138	1.78167
296	251.315	2137	1.78083
297	252.161	2082	1.735
298	253.008	2091	1.7425
299	253.855	2140	1.78333
300	254.702	2106	1.755
301	255.548	2119	1.76583
302	256.395	2100	1.75
303	257.242	2040	1.7
304	258.089	2058	1.715
305	258.935	1994	1.66167
306	259.782	2024	1.68667
307	260.629	1961	1.63417
308	261.476	1920	1.6
309	262.323	1976	1.64667
310	263.169	1904	1.58667
311	264.016	1953	1.6275
312	264.863	1827	1.5225
313	265.710	1938	1.615
314	266.556	1861	1.55083
315	267.403	1866	1.555
316	268.250	1912	1.59333
317	269.097	1889	1.57417
318	269.944	1819	1.51583
319	270.790	1863	1.5525
320	271.637	1789	1.49083
321	272.484	1754	1.46167
322	273.331	1837	1.53083
323	274.177	1667	1.38917
324	275.024	1763	1.46917
325	275.871	1771	1.47583
326	276.718	1697	1.41417
327	277.565	1700	1.41667
328	278.411	1745	1.45417
329	279.258	1642	1.36833
330	280.105	1715	1.42917
331	280.952	1695	1.4125
332	281.798	1647	1.3725
333	282.645	1605	1.3375
334	283.492	1687	1.40583
335	284.339	1680	1.4
336	285.185	1664	1.38667
337	286.032	1615	1.34583
338	286.879	1604	1.33667
339	287.726	1610	1.34167
340	288.573	1614	1.345
341	289.419	1612	1.34333
342	290.266	1582	1.31833
343	291.113	1655	1.37917
344	291.960	1604	1.33667
345	292.806	1688	1.40667
346	293.653	1601	1.33417
347	294.500	1576	1.31333
348	295.347	1667	1.38917
349	296.194	1626	1.355
350	297.040	1551	1.2925
351	297.887	1556	1.29667
352	298.734	1627	1.35583
353	299.581	1617	1.3475
354	300.427	1576	1.31333
355	301.274	1668	1.39
356	302.121	1691	1.40917
357	302.968	1690	1.40833
358	303.815	1635	1.3625
359	304.661	1682	1.40167
360	305.508	1664	1.38667
361	306.355	1719	1.4325
362	307.202	1723	1.43583
363	308.048	1675	1.39583
364	308.895	1769	1.47417
365	309.742	1661	1.38417
366	310.589	1692	1.41
367	311.435	1725	1.4375
368	312.282	1827	1.5225
369	313.129	1787	1.48917
370	313.976	1813	1.51083
371	314.823	1781	1.48417
372	315.669	1728	1.44
373	316.516	1772	1.47667
374	317.363	1823	1.51917
375	318.210	1819	1.51583
376	319.056	1884	1.57
377	319.903	1915	1.59583
378	320.750	1886	1.57167
379	321.597	1934	1.61167
380	322.444	1898	1.58167
381	323.290	1981	1.65083
382	324.137	1980	1.65
383	324.984	1996	1.66333
384	325.831	2074	1.72833
385	326.677	1977	1.6475
386	327.524	1927	1.60583
387	328.371	1996	1.66333
388	329.218	2096	1.74667
389	330.065	2030	1.69167
390	330.911	2021	1.68417
391	331.758	2076	1.73
392	332.605	2064	1.72
393	333.452	1983	1.6525
394	334.298	2084	1.73667
395	335.145	2077	1.73083
396	335.992	2104	1.75333
397	336.839	2008	1.67333
398	337.685	2071	1.72583
399	338.532	2029	1.69083
400	339.379	2047	1.70583
401	340.226	2153	1.79417
402	341.073	2025	1.6875
403	341.919	2074	1.72833
404	342.766	1975	1.64583
405	343.613	2035	1.69583
406	344.460	2003	1.66917
407	345.306	1903	1.58583
408	346.153	2021	1.68417
409	347.000	2009	1.67417
410	347.847	2027	1.68917
411	348.694	1953	1.6275
412	349.540	1903	1.58583
413	350.387	1882	1.56833
414	351.234	1911	1.5925
415	352.081	1785	1.4875
416	352.927	1817	1.51417
417	353.774	1871	1.55917
418	354.621	1804	1.50333
419	355.468	1797	1.4975
420	356.315	1718	1.43167
421	357.161	1830	1.525
422	358.008	1786	1.48833
423	358.855	1713	1.4275
424	359.702	1687	1.40583
425	360.548	1702	1.41833
426	361.395	1659	1.3825
427	362.242	1647	1.3725
428	363.089	1693	1.41083
429	363.935	1563	1.3025
430	364.782	1586	1.32167
431	365.629	1545	1.2875
432	366.476	1545	1.2875
433	367.323	1540	1.28333
434	368.169	1522	1.26833
435	369.016	1500	1.25
436	369.863	1502	1.25167
437	370.710	1444	1.20333
438	371.556	1378	1.14833
439	372.403	1391	1.15917
440	373.250	1435	1.19583
441	374.097	1410	1.175
442	374.944	1377	1.1475
443	375.790	1466	1.22167
444	376.637	1375	1.14583
445	377.484	1365	1.1375
446	378.331	1314	1.095
447	379.177	1358	1.13167
448	380.024	1293	1.0775
449	380.871	1320	1.1
450	381.718	1309	1.09083
451	382.565	1246	1.03833
452	383.411	1267	1.05583
453	384.258	1280	1.06667
454	385.105	1251	1.0425
455	385.952	1287	1.0725
456	386.798	1199	0.999167
457	387.645	1210	1.00833
458	388.492	1188	0.99
459	389.339	1163	0.969167
460	390.185	1136	0.946667
461	391.032	1164	0.97
462	391.879	1180	0.983333
463	392.726	1168	0.973333
464	393.573	1146	0.955
465	394.419	1142	0.951667
466	395.266	1144	0.953333
467	396.113	1193	0.994167
468	396.960	1155	0.9625
469	397.806	1134	0.945
470	398.653	1105	0.920833
471	399.500	1103	0.919167
472	400.347	1126	0.938333
473	401.194	1090	0.908333
474	402.040	1057	0.880833
475	402.887	1125	0.9375
476	403.734	1015	0.845833
477	404.581	1047	0.8725
478	405.427	1088	0.906667
479	406.274	1008	0.84
480	407.121	1003	0.835833
481	407.968	1044	0.87
482	408.815	994	0.828333
483	409.661	1034	0.861667
484	410.508	1010	0.841667
485	411.355	1020	0.85
486	412.202	1008	0.84
487	413.048	953	0.794167
488	413.895	998	0.831667
489	414.742	937	0.780833
490	415.589	973	0.810833
491	416.435	1017	0.8475
492	417.282	957	0.7975
493	418.129	920	0.766667
494	418.976	982	0.818333
495	419.823	965	0.804167
496	420.669	898	0.748333
497	421.516	899	0.749167
498	422.363	895	0.745833
499	423.210	964	0.803333
500	424.056	869	0.724167
501	424.903	916	0.763333
502	425.750	903	0.7525
503	426.597	910	0.758333
504	427.444	886	0.738333
505	428.290	919	0.765833
506	429.137	864	0.72
507	429.984	885	0.7375
508	430.831	847	0.705833
509	431.677	880	0.733333
510	432.524	832	0.693333
511	433.371	869	0.724167
512	434.218	823	0.685833
513	435.065	876	0.73
514	435.911	812	0.676667
515	436.758	830	0.691667
516	437.605	838	0.698333
517	438.452	827	0.689167
518	439.298	856	0.713333
519	440.145	867	0.7225
520	440.992	807	0.6725
521	441.839	797	0.664167
522	442.685	800	0.666667
523	443.532	833	0.694167
524	444.379	842	0.701667
525	445.226	836	0.696667
526	446.073	815	0.679167
527	446.919	823	0.685833
528	447.766	794	0.661667
529	448.613	791	0.659167
530	449.460	816	0.68
531	450.306	825	0.6875
532	451.153	769	0.640833
533	452.000	764	0.636667
534	452.847	845	0.704167
535	453.694	773	0.644167
536	454.540	794	0.661667
537	455.387	817	0.680833
538	456.234	822	0.685
539	457.081	797	0.664167
540	457.927	824	0.686667
541	458.774	827	0.689167
542	459.621	818	0.681667
543	460.468	814	0.678333
544	461.315	740	0.616667
545	462.161	768	0.64
546	463.008	788	0.656667
547	463.855	758	0.631667
548	464.702	783	0.6525
549	465.548	770	0.641667
550	466.395	747	0.6225
551	467.242	765	0.6375
552	468.089	834	0.695
553	468.935	762	0.635
554	469.782	779	0.649167
555	470.629	783	0.6525
556	471.476	822	0.685
557	472.323	809	0.674167
558	473.169	764	0.636667
559	474.016	812	0.676667
560	474.863	772	0.643333
561	475.710	769	0.640833
562	476.556	784	0.653333
563	477.403	780	0.65
564	478.250	785	0.654167
565	479.097	806	0.671667
566	479.944	794	0.661667
567	480.790	768	0.64
568	481.637	810	0.675
569	482.484	819	0.6825
570	483.331	817	0.680833
571	484.177	767	0.639167
572	485.024	776	0.646667
573	485.871	813	0.6775
574	486.718	772	0.643333
575	487.565	789	0.6575
576	488.411	809	0.674167
577	489.258	801	0.6675
578	490.105	816	0.68
579	490.952	771	0.6425
580	491.798	796	0.663333
581	492.645	812	0.676667
582	493.492	793	0.660833
583	494.339	773	0.644167
584	495.185	725	0.604167
585	496.032	768	0.64
586	496.879	807	0.6725
587	497.726	781	0.650833
588	498.573	802	0.668333
589	499.419	807	0.6725
590	500.266	799	0.665833
591	501.113	787	0.655833
592	501.960	769	0.640833
593	502.806	820	0.683333
594	503.653	779	0.649167
595	504.500	782	0.651667
596	505.347	805	0.670833
597	506.194	786	0.655
598	507.040	784	0.653333
599	507.887	824	0.686667
600	508.734	770	0.641667
601	509.581	810	0.675
602	510.427	795	0.6625
603	511.274	771	0.6425
604	512.121	791	0.659167
605	512.968	766	0.638333
606	513.815	751	0.625833
607	514.661	764	0.636667
608	515.508	768	0.64
609	516.355	819	0.6825
610	517.202	781	0.650833
611	518.048	726	0.605
612	518.895	779	0.649167
613	519.742	787	0.655833
614	520.589	782	0.651667
615	521.436	762	0.635
616	522.282	782	0.651667
617	523.129	772	0.643333
618	523.976	817	0.680833
619	524.823	819	0.6825
620	525.669	759	0.6325
621	526.516	771	0.6425
622	527.363	812	0.676667
623	528.210	794	0.661667
624	529.056	731	0.609167
625	529.903	780	0.65
626	530.750	826	0.688333
627	531.597	831	0.6925
628	532.444	774	0.645
629	533.290	760	0.633333
630	534.137	753	0.6275
631	534.984	764	0.636667
632	535.831	758	0.631667
633	536.677	726	0.605
634	537.524	738	0.615
635	538.371	799	0.665833
636	539.218	762	0.635
637	540.065	785	0.654167
638	540.911	761	0.634167
639	541.758	782	0.651667
640	542.605	731	0.609167
641	543.452	826	0.688333
642	544.298	771	0.6425
643	545.145	769	0.640833
644	545.992	824	0.686667
645	546.839	788	0.656667
646	547.686	816	0.68
647	548.532	772	0.643333
648	549.379	810	0.675
649	550.226	824	0.686667
650	551.073	804	0.67
651	551.919	721	0.600833
652	552.766	761	0.634167
653	553.613	805	0.670833
654	554.460	733	0.610833
655	555.306	763	0.635833
656	556.153	717	0.5975
657	557.000	756	0.63
658	557.847	759	0.6325
659	558.694	747	0.6225
660	559.540	759	0.6325
661	560.387	769	0.640833
662	561.234	758	0.631667
663	562.081	727	0.605833
664	562.927	753	0.6275
665	563.774	748	0.623333
666	564.621	708	0.59
667	565.468	729	0.6075
668	566.315	742	0.618333
669	567.161	723	0.6025
670	568.008	744	0.62
671	568.855	686	0.571667
672	569.702	710	0.591667
673	570.548	712	0.593333
674	571.395	672	0.56
675	572.242	703	0.585833
676	573.089	682	0.568333
677	573.936	688	0.573333
678	574.782	644	0.536667
679	575.629	699	0.5825
680	576.476	662	0.551667
681	577.323	696	0.58
682	578.169	637	0.530833
683	579.016	635	0.529167
684	579.863	725	0.604167
685	580.710	665	0.554167
686	581.556	682	0.568333
687	582.403	680	0.566667
688	583.250	677	0.564167
689	584.097	664	0.553333
690	584.944	611	0.509167
691	585.790	627	0.5225
692	586.637	628	0.523333
693	587.484	644	0.536667
694	588.331	635	0.529167
695	589.177	645	0.5375
696	590.024	620	0.516667
697	590.871	622	0.518333
698	591.718	581	0.484167
699	592.565	620	0.516667
700	593.411	629	0.524167
701	594.258	587	0.489167
702	595.105	612	0.51
703	595.952	545	0.454167
704	596.798	583	0.485833
705	597.645	603	0.5025
706	598.492	616	0.513333
707	599.339	573	0.4775
708	600.186	585	0.4875
709	601.032	546	0.455
710	601.879	593	0.494167
711	602.726	527	0.439167
712	603.573	553	0.460833
713	604.419	577	0.480833
714	605.266	547	0.455833
715	606.113	599	0.499167
716	606.960	589	0.490833
717	607.806	584	0.486667
718	608.653	530	0.441667
719	609.500	560	0.466667
720	610.347	570	0.475
721	611.194	517	0.430833
722	612.040	534	0.445
723	612.887	491	0.409167
724	613.734	552	0.46
725	614.581	541	0.450833
726	615.427	535	0.445833
727	616.274	538	0.448333
728	617.121	490	0.408333
729	617.968	549	0.4575
730	618.815	557	0.464167
731	619.661	576	0.48
732	620.508	518	0.431667
733	621.355	554	0.461667
734	622.202	545	0.454167
735	623.048	523	0.435833
736	623.895	574	0.478333
737	624.742	518	0.431667
738	625.589	547	0.455833
739	626.436	568	0.473333
740	627.282	500	0.416667
741	628.129	568	0.473333
742	628.976	578	0.481667
743	629.823	503	0.419167
744	630.669	588	0.49
745	631.516	539	0.449167
746	632.363	561	0.4675
747	633.210	559	0.465833
748	634.056	558	0.465
749	634.903	538	0.448333
750	635.750	529	0.440833
751	636.597	541	0.450833
752	637.444	525	0.4375
753	638.290	523	0.435833
754	639.137	499	0.415833
755	639.984	537	0.4475
756	640.831	540	0.45
757	641.677	562	0.468333
758	642.524	539	0.449167
759	643.371	491	0.409167
760	644.218	546	0.455
761	645.065	555	0.4625
762	645.911	525	0.4375
763	646.758	484	0.403333
764	647.605	555	0.4625
765	648.452	517	0.430833
766	649.298	529	0.440833
767	650.145	528	0.44
768	650.992	497	0.414167
769	651.839	531	0.4425
770	652.686	548	0.456667
771	653.532	526	0.438333
772	654.379	488	0.406667
773	655.226	521	0.434167
774	656.073	479	0.399167
775	656.919	533	0.444167
776	657.766	438	0.365
777	658.613	471	0.3925
778	659.460	478	0.398333
779	660.306	500	0.416667
780	661.153	466	0.388333
781	662.000	495	0.4125
782	662.847	448	0.373333
783	663.694	505	0.420833
784	664.540	472	0.393333
785	665.387	448	0.373333
786	666.234	477	0.3975
787	667.081	487	0.405833
788	667.927	464	0.386667
789	668.774	436	0.363333
790	669.621	475	0.395833
791	670.468	463	0.385833
792	671.315	426	0.355
793	672.161	401	0.334167
794	673.008	438	0.365
795	673.855	418	0.348333
796	674.702	418	0.348333
797	675.548	407	0.339167
798	676.395	412	0.343333
799	677.242	413	0.344167
800	678.089	428	0.356667
801	678.936	422	0.351667
802	679.782	430	0.358333
803	680.629	454	0.378333
804	681.476	402	0.335
805	682.323	404	0.336667
806	683.169	389	0.324167
807	684.016	408	0.34
808	684.863	356	0.296667
809	685.710	406	0.338333
810	686.556	384	0.32
811	687.403	435	0.3625
812	688.250	393	0.3275
813	689.097	423	0.3525
814	689.944	391	0.325833
815	690.790	368	0.306667
816	691.637	368	0.306667
817	692.484	347	0.289167
818	693.331	377	0.314167
819	694.177	369	0.3075
820	695.024	393	0.3275
821	695.871	333	0.2775
822	696.718	352	0.293333
823	697.565	368	0.306667
824	698.411	342	0.285
825	699.258	358	0.298333
826	700.105	357	0.2975
827	700.952	312	0.26
828	701.798	339	0.2825
829	702.645	321	0.2675
830	703.492	336	0.28
831	704.339	352	0.293333
832	705.186	313	0.260833
833	706.032	325	0.270833
834	706.879	352	0.293333
835	707.726	308	0.256667
836	708.573	353	0.294167
837	709.419	320	0.266667
838	710.266	351	0.2925
839	711.113	312	0.26
840	711.960	332	0.276667
841	712.806	346	0.288333
842	713.653	288	0.24
843	714.500	293	0.244167
844	715.347	336	0.28
845	716.194	282	0.235
846	717.040	312	0.26
847	717.887	325	0.270833
848	718.734	316	0.263333
849	719.581	286	0.238333
850	720.427	288	0.24
851	721.274	300	0.25
852	722.121	314	0.261667
853	722.968	295	0.245833
854	723.815	283	0.235833
855	724.661	302	0.251667
856	725.508	276	0.23
857	726.355	291	0.2425
858	727.202	300	0.25
859	728.048	279	0.2325
860	728.895	285	0.2375
861	729.742	322	0.268333
862	730.589	272	0.226667
863	731.436	319	0.265833
864	732.282	287	0.239167
865	733.129	272	0.226667
866	733.976	274	0.228333
867	734.823	296	0.246667
868	735.669	256	0.213333
869	736.516	263	0.219167
870	737.363	267	0.2225
871	738.210	298	0.248333
872	739.056	292	0.243333
873	739.903	246	0.205
874	740.750	274	0.228333
875	741.597	285	0.2375
876	742.444	292	0.243333
877	743.290	280	0.233333
878	744.137	254	0.211667
879	744.984	285	0.2375
880	745.831	285	0.2375
881	746.677	236	0.196667
882	747.524	270	0.225
883	748.371	252	0.21
884	749.218	243	0.2025
885	750.065	277	0.230833
886	750.911	234	0.195
887	751.758	248	0.206667
888	752.605	232	0.193333
889	753.452	247	0.205833
890	754.298	224	0.186667
891	755.145	241	0.200833
892	755.992	216	0.18
893	756.839	232	0.193333
894	757.686	229	0.190833
895	758.532	235	0.195833
896	759.379	229	0.190833
897	760.226	217	0.180833
898	761.073	231	0.1925
899	761.919	251	0.209167
900	762.766	245	0.204167
901	763.613	198	0.165
902	764.460	230	0.191667
903	765.306	221	0.184167
904	766.153	245	0.204167
905	767.000	237	0.1975
906	767.847	220	0.183333
907	768.694	225	0.1875
908	769.540	218	0.181667
909	770.387	223	0.185833
910	771.234	233	0.194167
911	772.081	216	0.18
912	772.927	214	0.178333
913	773.774	219	0.1825
914	774.621	187	0.155833
915	775.468	194	0.161667
916	776.315	229	0.190833
917	777.161	182	0.151667
918	778.008	202	0.168333
919	778.855	202	0.168333
920	779.702	221	0.184167
921	780.548	204	0.17
922	781.395	184	0.153333
923	782.242	205	0.170833
924	783.089	189	0.1575
925	783.936	208	0.173333
926	784.782	189	0.1575
927	785.629	171	0.1425
928	786.476	181	0.150833
929	787.323	208	0.173333
930	788.169	172	0.143333
931	789.016	195	0.1625
932	789.863	168	0.14
933	790.710	218	0.181667
934	791.556	183	0.1525
935	792.403	201	0.1675
936	793.250	165	0.1375
937	794.097	188	0.156667
938	794.944	178	0.148333
939	795.790	163	0.135833
940	796.637	159	0.1325
941	797.484	173	0.144167
942	798.331	170	0.141667
943	799.177	153	0.1275
944	800.024	156	0.13
945	800.871	138	0.115
946	801.718	164	0.136667
947	802.565	158	0.131667
948	803.411	160	0.133333
949	804.258	185	0.154167
950	805.105	163	0.135833
951	805.952	159	0.1325
952	806.798	131	0.109167
953	807.645	167	0.139167
954	808.492	129	0.1075
955	809.339	163	0.135833
956	810.186	152	0.126667
957	811.032	162	0.135
958	811.879	171	0.1425
959	812.726	169	0.140833
960	813.573	155	0.129167
961	814.419	148	0.123333
962	815.266	147	0.1225
963	816.113	146	0.121667
964	816.960	155	0.129167
965	817.806	127	0.105833
966	818.653	134	0.111667
967	819.500	148	0.123333
968	820.347	126	0.105
969	821.194	136	0.113333
970	822.040	127	0.105833
971	822.887	157	0.130833
972	823.734	143	0.119167
973	824.581	151	0.125833
974	825.427	151	0.125833
975	826.274	136	0.113333
976	827.121	142	0.118333
977	827.968	121	0.100833
978	828.815	141	0.1175
979	829.661	145	0.120833
980	830.508	149	0.124167
981	831.355	140	0.116667
982	832.202	122	0.101667
983	833.048	151	0.125833
984	833.895	148	0.123333
985	834.742	135	0.1125
986	835.589	158	0.131667
987	836.436	119	0.0991667
988	837.282	131	0.109167
989	838.129	131	0.109167
990	838.976	116	0.0966667
991	839.823	119	0.0991667
992	840.669	131	0.109167
993	841.516	137	0.114167
994	842.363	138	0.115
995	843.210	129	0.1075
996	844.056	120	0.1
997	844.903	107	0.0891667
998	845.750	126	0.105
999	846.597	113	0.0941667
1000	847.444	128	0.106667
1001	848.290	132	0.11
1002	849.137	134	0.111667
1003	849.984	114	0.095
1004	850.831	128	0.106667
1005	851.677	109	0.0908333
1006	852.524	127	0.105833
1007	853.371	124	0.103333
1008	854.218	143	0.119167
1009	855.065	107	0.0891667
1010	855.911	123	0.1025
1011	856.758	129	0.1075
1012	857.605	95	0.0791667
1013	858.452	119	0.0991667
1014	859.298	133	0.110833
1015	860.145	110	0.0916667
1016	860.992	111	0.0925
1017	861.839	107	0.0891667
1018	862.686	122	0.101667
1019	863.532	116	0.0966667
1020	864.379	114	0.095
1021	865.226	112	0.0933333
1022	866.073	121	0.100833
1023	866.919	117	0.0975
1024	867.766	131	0.109167
