#
# Sample name: Sample title.                                                   
# Sample id:   
# Sample type: 
# User name:   
# Sample description: 
#
# Start time:    2024-05-24, 14:57:48
# Real time (s): 1234.220
# Live time (s): 1200.000
#
# Total counts:  2339394
#
# Left marker:  511 (433.371 keV)
# Right marker: 513 (435.065 keV)
# Counts:  1411
#
# Energy calibration coefficients ( E = sum(Ai * n**i) )
#     A0: 0.669355
#     A1: 0.846774
#     A2: 0.000000
#     A3: 0.000000
# Energy unit: keV
#
# Channel data
# n	energy(keV)	counts	rate(1/s)
#-----------------------------------------------------------------------
1	1.516	0	0
2	2.363	0	0
3	3.210	3	0.0025
4	4.056	11	0.00916667
5	4.903	75	0.0625
6	5.750	123	0.1025
7	6.597	145	0.120833
8	7.444	336	0.28
9	8.290	1759	1.46583
10	9.137	3373	2.81083
11	9.984	4601	3.83417
12	10.831	6043	5.03583
13	11.677	5789	4.82417
14	12.524	5704	4.75333
15	13.371	5699	4.74917
16	14.218	5582	4.65167
17	15.065	5749	4.79083
18	15.911	5639	4.69917
19	16.758	5551	4.62583
20	17.605	5648	4.70667
21	18.452	5637	4.6975
22	19.298	5740	4.78333
23	20.145	5765	4.80417
24	20.992	5753	4.79417
25	21.839	5642	4.70167
26	22.685	5695	4.74583
27	23.532	5661	4.7175
28	24.379	5668	4.72333
29	25.226	5535	4.6125
30	26.073	5580	4.65
31	26.919	5746	4.78833
32	27.766	5741	4.78417
33	28.613	5684	4.73667
34	29.460	5688	4.74
35	30.306	5690	4.74167
36	31.153	5744	4.78667
37	32.000	5782	4.81833
38	32.847	5677	4.73083
39	33.694	5931	4.9425
40	34.540	5811	4.8425
41	35.387	5845	4.87083
42	36.234	5832	4.86
43	37.081	5989	4.99083
44	37.927	5836	4.86333
45	38.774	5817	4.8475
46	39.621	6022	5.01833
47	40.468	6122	5.10167
48	41.315	6199	5.16583
49	42.161	6189	5.1575
50	43.008	6128	5.10667
51	43.855	6212	5.17667
52	44.702	6201	5.1675
53	45.548	6121	5.10083
54	46.395	6183	5.1525
55	47.242	6191	5.15917
56	48.089	6466	5.38833
57	48.935	6434	5.36167
58	49.782	6410	5.34167
59	50.629	6427	5.35583
60	51.476	6436	5.36333
61	52.323	6721	5.60083
62	53.169	6542	5.45167
63	54.016	6660	5.55
64	54.863	6649	5.54083
65	55.710	6679	5.56583
66	56.556	6786	5.655
67	57.403	6838	5.69833
68	58.250	7004	5.83667
69	59.097	6859	5.71583
70	59.944	7196	5.99667
71	60.790	7257	6.0475
72	61.637	7210	6.00833
73	62.484	7289	6.07417
74	63.331	7247	6.03917
75	64.177	7432	6.19333
76	65.024	7546	6.28833
77	65.871	7483	6.23583
78	66.718	7627	6.35583
79	67.565	7768	6.47333
80	68.411	7672	6.39333
81	69.258	7851	6.5425
82	70.105	7740	6.45
83	70.952	7887	6.5725
84	71.798	7784	6.48667
85	72.645	7835	6.52917
86	73.492	7850	6.54167
87	74.339	8027	6.68917
88	75.185	7832	6.52667
89	76.032	7933	6.61083
90	76.879	8126	6.77167
91	77.726	7973	6.64417
92	78.573	7916	6.59667
93	79.419	7715	6.42917
94	80.266	7881	6.5675
95	81.113	7752	6.46
96	81.960	7781	6.48417
97	82.806	7466	6.22167
98	83.653	7660	6.38333
99	84.500	7507	6.25583
100	85.347	7590	6.325
101	86.194	7574	6.31167
102	87.040	7612	6.34333
103	87.887	7214	6.01167
104	88.734	7305	6.0875
105	89.581	7099	5.91583
106	90.427	7232	6.02667
107	91.274	7146	5.955
108	92.121	7027	5.85583
109	92.968	7006	5.83833
110	93.815	6934	5.77833
111	94.661	6914	5.76167
112	95.508	6814	5.67833
113	96.355	6767	5.63917
114	97.202	6835	5.69583
115	98.048	6704	5.58667
116	98.895	6777	5.6475
117	99.742	6420	5.35
118	100.589	6461	5.38417
119	101.435	6515	5.42917
120	102.282	6500	5.41667
121	103.129	6407	5.33917
122	103.976	6339	5.2825
123	104.823	6319	5.26583
124	105.669	6273	5.2275
125	106.516	6258	5.215
126	107.363	6082	5.06833
127	108.210	6076	5.06333
128	109.056	5998	4.99833
129	109.903	6004	5.00333
130	110.750	6084	5.07
131	111.597	6051	5.0425
132	112.444	5804	4.83667
133	113.290	6058	5.04833
134	114.137	5751	4.7925
135	114.984	5836	4.86333
136	115.831	5723	4.76917
137	116.677	5798	4.83167
138	117.524	5664	4.72
139	118.371	5556	4.63
140	119.218	5734	4.77833
141	120.065	5722	4.76833
142	120.911	5522	4.60167
143	121.758	5706	4.755
144	122.605	5475	4.5625
145	123.452	5569	4.64083
146	124.298	5506	4.58833
147	125.145	5493	4.5775
148	125.992	5408	4.50667
149	126.839	5359	4.46583
150	127.685	5435	4.52917
151	128.532	5276	4.39667
152	129.379	5435	4.52917
153	130.226	5317	4.43083
154	131.073	5390	4.49167
155	131.919	5395	4.49583
156	132.766	5189	4.32417
157	133.613	5292	4.41
158	134.460	5271	4.3925
159	135.306	5245	4.37083
160	136.153	5259	4.3825
161	137.000	5261	4.38417
162	137.847	5344	4.45333
163	138.694	5187	4.3225
164	139.540	5326	4.43833
165	140.387	5185	4.32083
166	141.234	5138	4.28167
167	142.081	5312	4.42667
168	142.927	5217	4.3475
169	143.774	5122	4.26833
170	144.621	5132	4.27667
171	145.468	5115	4.2625
172	146.315	5249	4.37417
173	147.161	5086	4.23833
174	148.008	4991	4.15917
175	148.855	4984	4.15333
176	149.702	5021	4.18417
177	150.548	4958	4.13167
178	151.395	5083	4.23583
179	152.242	5068	4.22333
180	153.089	4996	4.16333
181	153.935	5004	4.17
182	154.782	4991	4.15917
183	155.629	4910	4.09167
184	156.476	4943	4.11917
185	157.323	4881	4.0675
186	158.169	4924	4.10333
187	159.016	5098	4.24833
188	159.863	5011	4.17583
189	160.710	4810	4.00833
190	161.556	4894	4.07833
191	162.403	4985	4.15417
192	163.250	4886	4.07167
193	164.097	4866	4.055
194	164.944	4825	4.02083
195	165.790	4912	4.09333
196	166.637	4777	3.98083
197	167.484	4931	4.10917
198	168.331	4908	4.09
199	169.177	5000	4.16667
200	170.024	4968	4.14
201	170.871	5025	4.1875
202	171.718	4817	4.01417
203	172.565	4901	4.08417
204	173.411	4922	4.10167
205	174.258	4897	4.08083
206	175.105	4879	4.06583
207	175.952	4798	3.99833
208	176.798	4828	4.02333
209	177.645	4766	3.97167
210	178.492	4944	4.12
211	179.339	4855	4.04583
212	180.185	4932	4.11
213	181.032	4804	4.00333
214	181.879	4824	4.02
215	182.726	4924	4.10333
216	183.573	4862	4.05167
217	184.419	4977	4.1475
218	185.266	4884	4.07
219	186.113	4882	4.06833
220	186.960	4876	4.06333
221	187.806	4806	4.005
222	188.653	4852	4.04333
223	189.500	4821	4.0175
224	190.347	4808	4.00667
225	191.194	4838	4.03167
226	192.040	5000	4.16667
227	192.887	4878	4.065
228	193.734	4958	4.13167
229	194.581	4985	4.15417
230	195.427	4924	4.10333
231	196.274	4872	4.06
232	197.121	4833	4.0275
233	197.968	4953	4.1275
234	198.815	4856	4.04667
235	199.661	4852	4.04333
236	200.508	4916	4.09667
237	201.355	5000	4.16667
238	202.202	4783	3.98583
239	203.048	4933	4.11083
240	203.895	4804	4.00333
241	204.742	4839	4.0325
242	205.589	4960	4.13333
243	206.435	4916	4.09667
244	207.282	4921	4.10083
245	208.129	4929	4.1075
246	208.976	4943	4.11917
247	209.823	4907	4.08917
248	210.669	5013	4.1775
249	211.516	4814	4.01167
250	212.363	4903	4.08583
251	213.210	4962	4.135
252	214.056	4820	4.01667
253	214.903	4840	4.03333
254	215.750	4858	4.04833
255	216.597	4921	4.10083
256	217.444	4889	4.07417
257	218.290	4861	4.05083
258	219.137	4974	4.145
259	219.984	4894	4.07833
260	220.831	4721	3.93417
261	221.677	4880	4.06667
262	222.524	4822	4.01833
263	223.371	4780	3.98333
264	224.218	4868	4.05667
265	225.065	4695	3.9125
266	225.911	4832	4.02667
267	226.758	4763	3.96917
268	227.605	4812	4.01
269	228.452	4700	3.91667
270	229.298	4666	3.88833
271	230.145	4631	3.85917
272	230.992	4725	3.9375
273	231.839	4465	3.72083
274	232.685	4627	3.85583
275	233.532	4397	3.66417
276	234.379	4549	3.79083
277	235.226	4486	3.73833
278	236.073	4494	3.745
279	236.919	4237	3.53083
280	237.766	4199	3.49917
281	238.613	4199	3.49917
282	239.460	4123	3.43583
283	240.306	4161	3.4675
284	241.153	4188	3.49
285	242.000	3915	3.2625
286	242.847	4009	3.34083
287	243.694	3951	3.2925
288	244.540	3929	3.27417
289	245.387	3851	3.20917
290	246.234	3697	3.08083
291	247.081	3760	3.13333
292	247.927	3717	3.0975
293	248.774	3546	2.955
294	249.621	3529	2.94083
295	250.468	3465	2.8875
296	251.315	3451	2.87583
297	252.161	3498	2.915
298	253.008	3427	2.85583
299	253.855	3296	2.74667
300	254.702	3256	2.71333
301	255.548	3291	2.7425
302	256.395	3262	2.71833
303	257.242	3181	2.65083
304	258.089	3138	2.615
305	258.935	3085	2.57083
306	259.782	3073	2.56083
307	260.629	2954	2.46167
308	261.476	3056	2.54667
309	262.323	3013	2.51083
310	263.169	2912	2.42667
311	264.016	2885	2.40417
312	264.863	2816	2.34667
313	265.710	2827	2.35583
314	266.556	2910	2.425
315	267.403	2724	2.27
316	268.250	2808	2.34
317	269.097	2806	2.33833
318	269.944	2810	2.34167
319	270.790	2765	2.30417
320	271.637	2752	2.29333
321	272.484	2755	2.29583
322	273.331	2852	2.37667
323	274.177	2755	2.29583
324	275.024	2747	2.28917
325	275.871	2869	2.39083
326	276.718	2841	2.3675
327	277.565	2854	2.37833
328	278.411	2873	2.39417
329	279.258	2903	2.41917
330	280.105	2924	2.43667
331	280.952	2986	2.48833
332	281.798	2972	2.47667
333	282.645	3054	2.545
334	283.492	3033	2.5275
335	284.339	3162	2.635
336	285.185	3091	2.57583
337	286.032	3152	2.62667
338	286.879	3271	2.72583
339	287.726	3237	2.6975
340	288.573	3442	2.86833
341	289.419	3439	2.86583
342	290.266	3485	2.90417
343	291.113	3624	3.02
344	291.960	3599	2.99917
345	292.806	3742	3.11833
346	293.653	3770	3.14167
347	294.500	3845	3.20417
348	295.347	3884	3.23667
349	296.194	3907	3.25583
350	297.040	4094	3.41167
351	297.887	4059	3.3825
352	298.734	4191	3.4925
353	299.581	4221	3.5175
354	300.427	4263	3.5525
355	301.274	4436	3.69667
356	302.121	4409	3.67417
357	302.968	4470	3.725
358	303.815	4500	3.75
359	304.661	4665	3.8875
360	305.508	4546	3.78833
361	306.355	4654	3.87833
362	307.202	4722	3.935
363	308.048	4815	4.0125
364	308.895	4794	3.995
365	309.742	4902	4.085
366	310.589	4730	3.94167
367	311.435	4915	4.09583
368	312.282	4983	4.1525
369	313.129	4845	4.0375
370	313.976	4832	4.02667
371	314.823	4991	4.15917
372	315.669	4720	3.93333
373	316.516	4841	4.03417
374	317.363	4912	4.09333
375	318.210	4815	4.0125
376	319.056	4913	4.09417
377	319.903	4821	4.0175
378	320.750	4706	3.92167
379	321.597	4657	3.88083
380	322.444	4628	3.85667
381	323.290	4517	3.76417
382	324.137	4594	3.82833
383	324.984	4674	3.895
384	325.831	4420	3.68333
385	326.677	4382	3.65167
386	327.524	4296	3.58
387	328.371	4325	3.60417
388	329.218	4188	3.49
389	330.065	4316	3.59667
390	330.911	4102	3.41833
391	331.758	4064	3.38667
392	332.605	3899	3.24917
393	333.452	3944	3.28667
394	334.298	3938	3.28167
395	335.145	3836	3.19667
396	335.992	3848	3.20667
397	336.839	3717	3.0975
398	337.685	3616	3.01333
399	338.532	3434	2.86167
400	339.379	3400	2.83333
401	340.226	3538	2.94833
402	341.073	3249	2.7075
403	341.919	3349	2.79083
404	342.766	3200	2.66667
405	343.613	3189	2.6575
406	344.460	3137	2.61417
407	345.306	3057	2.5475
408	346.153	2957	2.46417
409	347.000	2950	2.45833
410	347.847	2772	2.31
411	348.694	2853	2.3775
412	349.540	2748	2.29
413	350.387	2771	2.30917
414	351.234	2755	2.29583
415	352.081	2617	2.18083
416	352.927	2672	2.22667
417	353.774	2625	2.1875
418	354.621	2503	2.08583
419	355.468	2421	2.0175
420	356.315	2493	2.0775
421	357.161	2328	1.94
422	358.008	2436	2.03
423	358.855	2296	1.91333
424	359.702	2430	2.025
425	360.548	2313	1.9275
426	361.395	2252	1.87667
427	362.242	2141	1.78417
428	363.089	2229	1.8575
429	363.935	2195	1.82917
430	364.782	2074	1.72833
431	365.629	2046	1.705
432	366.476	2114	1.76167
433	367.323	2005	1.67083
434	368.169	2031	1.6925
435	369.016	2025	1.6875
436	369.863	1880	1.56667
437	370.710	1882	1.56833
438	371.556	1776	1.48
439	372.403	1835	1.52917
440	373.250	1848	1.54
441	374.097	1780	1.48333
442	374.944	1761	1.4675
443	375.790	1690	1.40833
444	376.637	1684	1.40333
445	377.484	1666	1.38833
446	378.331	1716	1.43
447	379.177	1649	1.37417
448	380.024	1633	1.36083
449	380.871	1533	1.2775
450	381.718	1581	1.3175
451	382.565	1552	1.29333
452	383.411	1467	1.2225
453	384.258	1459	1.21583
454	385.105	1470	1.225
455	385.952	1399	1.16583
456	386.798	1356	1.13
457	387.645	1311	1.0925
458	388.492	1339	1.11583
459	389.339	1316	1.09667
460	390.185	1267	1.05583
461	391.032	1243	1.03583
462	391.879	1223	1.01917
463	392.726	1234	1.02833
464	393.573	1204	1.00333
465	394.419	1147	0.955833
466	395.266	1178	0.981667
467	396.113	1123	0.935833
468	396.960	1162	0.968333
469	397.806	1068	0.89
470	398.653	1084	0.903333
471	399.500	1066	0.888333
472	400.347	1105	0.920833
473	401.194	978	0.815
474	402.040	1001	0.834167
475	402.887	963	0.8025
476	403.734	958	0.798333
477	404.581	943	0.785833
478	405.427	1013	0.844167
479	406.274	970	0.808333
480	407.121	961	0.800833
481	407.968	864	0.72
482	408.815	949	0.790833
483	409.661	893	0.744167
484	410.508	948	0.79
485	411.355	877	0.730833
486	412.202	841	0.700833
487	413.048	800	0.666667
488	413.895	854	0.711667
489	414.742	870	0.725
490	415.589	843	0.7025
491	416.435	763	0.635833
492	417.282	782	0.651667
493	418.129	794	0.661667
494	418.976	805	0.670833
495	419.823	780	0.65
496	420.669	781	0.650833
497	421.516	775	0.645833
498	422.363	815	0.679167
499	423.210	735	0.6125
500	424.056	768	0.64
501	424.903	723	0.6025
502	425.750	771	0.6425
503	426.597	733	0.610833
504	427.444	746	0.621667
505	428.290	756	0.63
506	429.137	730	0.608333
507	429.984	729	0.6075
508	430.831	732	0.61
509	431.677	693	0.5775
510	432.524	732	0.61
511	433.371	666	0.555
512	434.218	733	0.610833
513	435.065	678	0.565
514	435.911	679	0.565833
515	436.758	749	0.624167
516	437.605	639	0.5325
517	438.452	682	0.568333
518	439.298	682	0.568333
519	440.145	683	0.569167
520	440.992	693	0.5775
521	441.839	695	0.579167
522	442.685	667	0.555833
523	443.532	672	0.56
524	444.379	688	0.573333
525	445.226	658	0.548333
526	446.073	679	0.565833
527	446.919	649	0.540833
528	447.766	712	0.593333
529	448.613	668	0.556667
530	449.460	651	0.5425
531	450.306	667	0.555833
532	451.153	616	0.513333
533	452.000	616	0.513333
534	452.847	638	0.531667
535	453.694	668	0.556667
536	454.540	616	0.513333
537	455.387	633	0.5275
538	456.234	644	0.536667
539	457.081	635	0.529167
540	457.927	615	0.5125
541	458.774	583	0.485833
542	459.621	602	0.501667
543	460.468	619	0.515833
544	461.315	635	0.529167
545	462.161	645	0.5375
546	463.008	615	0.5125
547	463.855	568	0.473333
548	464.702	627	0.5225
549	465.548	613	0.510833
550	466.395	609	0.5075
551	467.242	612	0.51
552	468.089	616	0.513333
553	468.935	618	0.515
554	469.782	638	0.531667
555	470.629	644	0.536667
556	471.476	615	0.5125
557	472.323	604	0.503333
558	473.169	591	0.4925
559	474.016	612	0.51
560	474.863	581	0.484167
561	475.710	523	0.435833
562	476.556	594	0.495
563	477.403	583	0.485833
564	478.250	553	0.460833
565	479.097	584	0.486667
566	479.944	616	0.513333
567	480.790	575	0.479167
568	481.637	552	0.46
569	482.484	572	0.476667
570	483.331	598	0.498333
571	484.177	558	0.465
572	485.024	584	0.486667
573	485.871	568	0.473333
574	486.718	538	0.448333
575	487.565	571	0.475833
576	488.411	540	0.45
577	489.258	543	0.4525
578	490.105	519	0.4325
579	490.952	542	0.451667
580	491.798	583	0.485833
581	492.645	565	0.470833
582	493.492	583	0.485833
583	494.339	565	0.470833
584	495.185	547	0.455833
585	496.032	537	0.4475
586	496.879	551	0.459167
587	497.726	594	0.495
588	498.573	553	0.460833
589	499.419	555	0.4625
590	500.266	560	0.466667
591	501.113	549	0.4575
592	501.960	537	0.4475
593	502.806	540	0.45
594	503.653	501	0.4175
595	504.500	513	0.4275
596	505.347	531	0.4425
597	506.194	546	0.455
598	507.040	495	0.4125
599	507.887	526	0.438333
600	508.734	536	0.446667
601	509.581	511	0.425833
602	510.427	521	0.434167
603	511.274	530	0.441667
604	512.121	505	0.420833
605	512.968	520	0.433333
606	513.815	481	0.400833
607	514.661	475	0.395833
608	515.508	485	0.404167
609	516.355	497	0.414167
610	517.202	503	0.419167
611	518.048	487	0.405833
612	518.895	479	0.399167
613	519.742	510	0.425
614	520.589	460	0.383333
615	521.436	535	0.445833
616	522.282	482	0.401667
617	523.129	482	0.401667
618	523.976	510	0.425
619	524.823	459	0.3825
620	525.669	479	0.399167
621	526.516	472	0.393333
622	527.363	485	0.404167
623	528.210	474	0.395
624	529.056	494	0.411667
625	529.903	487	0.405833
626	530.750	444	0.37
627	531.597	477	0.3975
628	532.444	447	0.3725
629	533.290	440	0.366667
630	534.137	479	0.399167
631	534.984	453	0.3775
632	535.831	462	0.385
633	536.677	444	0.37
634	537.524	463	0.385833
635	538.371	442	0.368333
636	539.218	472	0.393333
637	540.065	402	0.335
638	540.911	467	0.389167
639	541.758	435	0.3625
640	542.605	448	0.373333
641	543.452	439	0.365833
642	544.298	426	0.355
643	545.145	405	0.3375
644	545.992	405	0.3375
645	546.839	415	0.345833
646	547.686	402	0.335
647	548.532	446	0.371667
648	549.379	417	0.3475
649	550.226	421	0.350833
650	551.073	407	0.339167
651	551.919	394	0.328333
652	552.766	406	0.338333
653	553.613	397	0.330833
654	554.460	403	0.335833
655	555.306	418	0.348333
656	556.153	422	0.351667
657	557.000	407	0.339167
658	557.847	371	0.309167
659	558.694	408	0.34
660	559.540	369	0.3075
661	560.387	405	0.3375
662	561.234	367	0.305833
663	562.081	384	0.32
664	562.927	376	0.313333
665	563.774	375	0.3125
666	564.621	374	0.311667
667	565.468	386	0.321667
668	566.315	358	0.298333
669	567.161	379	0.315833
670	568.008	371	0.309167
671	568.855	366	0.305
672	569.702	410	0.341667
673	570.548	342	0.285
674	571.395	388	0.323333
675	572.242	365	0.304167
676	573.089	361	0.300833
677	573.936	348	0.29
678	574.782	386	0.321667
679	575.629	354	0.295
680	576.476	344	0.286667
681	577.323	331	0.275833
682	578.169	370	0.308333
683	579.016	321	0.2675
684	579.863	379	0.315833
685	580.710	371	0.309167
686	581.556	320	0.266667
687	582.403	344	0.286667
688	583.250	342	0.285
689	584.097	329	0.274167
690	584.944	342	0.285
691	585.790	334	0.278333
692	586.637	317	0.264167
693	587.484	332	0.276667
694	588.331	378	0.315
695	589.177	310	0.258333
696	590.024	332	0.276667
697	590.871	352	0.293333
698	591.718	358	0.298333
699	592.565	323	0.269167
700	593.411	371	0.309167
701	594.258	335	0.279167
702	595.105	338	0.281667
703	595.952	337	0.280833
704	596.798	304	0.253333
705	597.645	334	0.278333
706	598.492	322	0.268333
707	599.339	283	0.235833
708	600.186	324	0.27
709	601.032	331	0.275833
710	601.879	278	0.231667
711	602.726	309	0.2575
712	603.573	296	0.246667
713	604.419	317	0.264167
714	605.266	320	0.266667
715	606.113	335	0.279167
716	606.960	334	0.278333
717	607.806	325	0.270833
718	608.653	307	0.255833
719	609.500	319	0.265833
720	610.347	319	0.265833
721	611.194	304	0.253333
722	612.040	325	0.270833
723	612.887	335	0.279167
724	613.734	329	0.274167
725	614.581	343	0.285833
726	615.427	307	0.255833
727	616.274	283	0.235833
728	617.121	291	0.2425
729	617.968	349	0.290833
730	618.815	353	0.294167
731	619.661	306	0.255
732	620.508	290	0.241667
733	621.355	300	0.25
734	622.202	279	0.2325
735	623.048	293	0.244167
736	623.895	311	0.259167
737	624.742	347	0.289167
738	625.589	323	0.269167
739	626.436	332	0.276667
740	627.282	293	0.244167
741	628.129	276	0.23
742	628.976	253	0.210833
743	629.823	306	0.255
744	630.669	296	0.246667
745	631.516	304	0.253333
746	632.363	315	0.2625
747	633.210	307	0.255833
748	634.056	310	0.258333
749	634.903	297	0.2475
750	635.750	296	0.246667
751	636.597	304	0.253333
752	637.444	305	0.254167
753	638.290	320	0.266667
754	639.137	301	0.250833
755	639.984	295	0.245833
756	640.831	306	0.255
757	641.677	295	0.245833
758	642.524	305	0.254167
759	643.371	308	0.256667
760	644.218	318	0.265
761	645.065	302	0.251667
762	645.911	302	0.251667
763	646.758	296	0.246667
764	647.605	315	0.2625
765	648.452	347	0.289167
766	649.298	256	0.213333
767	650.145	291	0.2425
768	650.992	306	0.255
769	651.839	272	0.226667
770	652.686	304	0.253333
771	653.532	295	0.245833
772	654.379	335	0.279167
773	655.226	302	0.251667
774	656.073	302	0.251667
775	656.919	343	0.285833
776	657.766	282	0.235
777	658.613	307	0.255833
778	659.460	329	0.274167
779	660.306	302	0.251667
780	661.153	328	0.273333
781	662.000	319	0.265833
782	662.847	301	0.250833
783	663.694	318	0.265
784	664.540	270	0.225
785	665.387	259	0.215833
786	666.234	305	0.254167
787	667.081	286	0.238333
788	667.927	261	0.2175
789	668.774	275	0.229167
790	669.621	322	0.268333
791	670.468	293	0.244167
792	671.315	293	0.244167
793	672.161	300	0.25
794	673.008	287	0.239167
795	673.855	341	0.284167
796	674.702	309	0.2575
797	675.548	305	0.254167
798	676.395	289	0.240833
799	677.242	321	0.2675
800	678.089	315	0.2625
801	678.936	270	0.225
802	679.782	297	0.2475
803	680.629	309	0.2575
804	681.476	301	0.250833
805	682.323	293	0.244167
806	683.169	289	0.240833
807	684.016	287	0.239167
808	684.863	298	0.248333
809	685.710	313	0.260833
810	686.556	304	0.253333
811	687.403	314	0.261667
812	688.250	278	0.231667
813	689.097	308	0.256667
814	689.944	290	0.241667
815	690.790	261	0.2175
816	691.637	265	0.220833
817	692.484	294	0.245
818	693.331	296	0.246667
819	694.177	294	0.245
820	695.024	281	0.234167
821	695.871	287	0.239167
822	696.718	280	0.233333
823	697.565	282	0.235
824	698.411	301	0.250833
825	699.258	289	0.240833
826	700.105	292	0.243333
827	700.952	267	0.2225
828	701.798	274	0.228333
829	702.645	287	0.239167
830	703.492	262	0.218333
831	704.339	258	0.215
832	705.186	261	0.2175
833	706.032	283	0.235833
834	706.879	236	0.196667
835	707.726	241	0.200833
836	708.573	235	0.195833
837	709.419	292	0.243333
838	710.266	264	0.22
839	711.113	220	0.183333
840	711.960	293	0.244167
841	712.806	280	0.233333
842	713.653	276	0.23
843	714.500	300	0.25
844	715.347	261	0.2175
845	716.194	245	0.204167
846	717.040	240	0.2
847	717.887	230	0.191667
848	718.734	239	0.199167
849	719.581	239	0.199167
850	720.427	254	0.211667
851	721.274	215	0.179167
852	722.121	233	0.194167
853	722.968	201	0.1675
854	723.815	221	0.184167
855	724.661	218	0.181667
856	725.508	225	0.1875
857	726.355	234	0.195
858	727.202	198	0.165
859	728.048	219	0.1825
860	728.895	235	0.195833
861	729.742	207	0.1725
862	730.589	204	0.17
863	731.436	201	0.1675
864	732.282	218	0.181667
865	733.129	192	0.16
866	733.976	208	0.173333
867	734.823	188	0.156667
868	735.669	189	0.1575
869	736.516	187	0.155833
870	737.363	190	0.158333
871	738.210	204	0.17
872	739.056	189	0.1575
873	739.903	178	0.148333
874	740.750	187	0.155833
875	741.597	171	0.1425
876	742.444	196	0.163333
877	743.290	174	0.145
878	744.137	175	0.145833
879	744.984	197	0.164167
880	745.831	152	0.126667
881	746.677	176	0.146667
882	747.524	142	0.118333
883	748.371	156	0.13
884	749.218	157	0.130833
885	750.065	171	0.1425
886	750.911	186	0.155
887	751.758	151	0.125833
888	752.605	153	0.1275
889	753.452	165	0.1375
890	754.298	138	0.115
891	755.145	149	0.124167
892	755.992	159	0.1325
893	756.839	134	0.111667
894	757.686	156	0.13
895	758.532	158	0.131667
896	759.379	134	0.111667
897	760.226	155	0.129167
898	761.073	137	0.114167
899	761.919	130	0.108333
900	762.766	131	0.109167
901	763.613	162	0.135
902	764.460	155	0.129167
903	765.306	118	0.0983333
904	766.153	119	0.0991667
905	767.000	116	0.0966667
906	767.847	133	0.110833
907	768.694	126	0.105
908	769.540	117	0.0975
909	770.387	107	0.0891667
910	771.234	126	0.105
911	772.081	120	0.1
912	772.927	133	0.110833
913	773.774	115	0.0958333
914	774.621	114	0.095
915	775.468	109	0.0908333
916	776.315	128	0.106667
917	777.161	103	0.0858333
918	778.008	109	0.0908333
919	778.855	116	0.0966667
920	779.702	124	0.103333
921	780.548	91	0.0758333
922	781.395	93	0.0775
923	782.242	113	0.0941667
924	783.089	132	0.11
925	783.936	111	0.0925
926	784.782	110	0.0916667
927	785.629	110	0.0916667
928	786.476	92	0.0766667
929	787.323	94	0.0783333
930	788.169	90	0.075
931	789.016	97	0.0808333
932	789.863	114	0.095
933	790.710	91	0.0758333
934	791.556	109	0.0908333
935	792.403	80	0.0666667
936	793.250	90	0.075
937	794.097	111	0.0925
938	794.944	83	0.0691667
939	795.790	98	0.0816667
940	796.637	93	0.0775
941	797.484	92	0.0766667
942	798.331	68	0.0566667
943	799.177	85	0.0708333
944	800.024	84	0.07
945	800.871	93	0.0775
946	801.718	84	0.07
947	802.565	65	0.0541667
948	803.411	93	0.0775
949	804.258	84	0.07
950	805.105	86	0.0716667
951	805.952	81	0.0675
952	806.798	76	0.0633333
953	807.645	81	0.0675
954	808.492	84	0.07
955	809.339	70	0.0583333
956	810.186	85	0.0708333
957	811.032	70	0.0583333
958	811.879	81	0.0675
959	812.726	54	0.045
960	813.573	78	0.065
961	814.419	71	0.0591667
962	815.266	78	0.065
963	816.113	74	0.0616667
964	816.960	50	0.0416667
965	817.806	62	0.0516667
966	818.653	78	0.065
967	819.500	68	0.0566667
968	820.347	51	0.0425
969	821.194	62	0.0516667
970	822.040	74	0.0616667
971	822.887	73	0.0608333
972	823.734	73	0.0608333
973	824.581	50	0.0416667
974	825.427	61	0.0508333
975	826.274	54	0.045
976	827.121	64	0.0533333
977	827.968	71	0.0591667
978	828.815	77	0.0641667
979	829.661	51	0.0425
980	830.508	59	0.0491667
981	831.355	58	0.0483333
982	832.202	50	0.0416667
983	833.048	70	0.0583333
984	833.895	54	0.045
985	834.742	57	0.0475
986	835.589	47	0.0391667
987	836.436	46	0.0383333
988	837.282	59	0.0491667
989	838.129	32	0.0266667
990	838.976	57	0.0475
991	839.823	52	0.0433333
992	840.669	38	0.0316667
993	841.516	45	0.0375
994	842.363	59	0.0491667
995	843.210	45	0.0375
996	844.056	41	0.0341667
997	844.903	64	0.0533333
998	845.750	37	0.0308333
999	846.597	53	0.0441667
1000	847.444	49	0.0408333
1001	848.290	50	0.0416667
1002	849.137	40	0.0333333
1003	849.984	53	0.0441667
1004	850.831	54	0.045
1005	851.677	45	0.0375
1006	852.524	43	0.0358333
1007	853.371	30	0.025
1008	854.218	47	0.0391667
1009	855.065	29	0.0241667
1010	855.911	56	0.0466667
1011	856.758	44	0.0366667
1012	857.605	51	0.0425
1013	858.452	47	0.0391667
1014	859.298	38	0.0316667
1015	860.145	31	0.0258333
1016	860.992	36	0.03
1017	861.839	51	0.0425
1018	862.686	48	0.04
1019	863.532	43	0.0358333
1020	864.379	41	0.0341667
1021	865.226	35	0.0291667
1022	866.073	31	0.0258333
1023	866.919	40	0.0333333
1024	867.766	28	0.0233333
