# V
2.806324139237403870e-02
2.806324139237403870e-02
2.806324139237403870e-02
2.806324139237403870e-02
2.806324139237403870e-02
2.806324139237403870e-02
2.608695626258850098e-02
2.608695626258850098e-02
2.608695626258850098e-02
2.608695626258850098e-02
2.806324139237403870e-02
2.806324139237403870e-02
2.608695626258850098e-02
2.608695626258850098e-02
2.608695626258850098e-02
2.608695626258850098e-02
2.608695626258850098e-02
2.608695626258850098e-02
2.608695626258850098e-02
2.608695626258850098e-02
2.608695626258850098e-02
2.806324139237403870e-02
2.608695626258850098e-02
2.806324139237403870e-02
2.806324139237403870e-02
2.806324139237403870e-02
2.806324139237403870e-02
2.806324139237403870e-02
2.806324139237403870e-02
2.806324139237403870e-02
2.806324139237403870e-02
2.806324139237403870e-02
2.608695626258850098e-02
2.411067113280296326e-02
2.608695626258850098e-02
2.411067113280296326e-02
2.411067113280296326e-02
2.411067113280296326e-02
2.608695626258850098e-02
2.608695626258850098e-02
2.608695626258850098e-02
2.806324139237403870e-02
2.806324139237403870e-02
2.806324139237403870e-02
2.806324139237403870e-02
2.608695626258850098e-02
2.608695626258850098e-02
2.411067113280296326e-02
2.411067113280296326e-02
2.608695626258850098e-02
2.411067113280296326e-02
2.411067113280296326e-02
2.608695626258850098e-02
2.608695626258850098e-02
2.213438786566257477e-02
2.411067113280296326e-02
2.411067113280296326e-02
2.411067113280296326e-02
2.608695626258850098e-02
2.411067113280296326e-02
2.411067113280296326e-02
2.411067113280296326e-02
2.806324139237403870e-02
3.201581165194511414e-02
3.201581165194511414e-02
3.003952652215957642e-02
3.003952652215957642e-02
2.806324139237403870e-02
2.806324139237403870e-02
2.608695626258850098e-02
2.411067113280296326e-02
2.411067113280296326e-02
2.608695626258850098e-02
2.411067113280296326e-02
2.411067113280296326e-02
2.411067113280296326e-02
2.608695626258850098e-02
2.806324139237403870e-02
3.003952652215957642e-02
3.003952652215957642e-02
3.003952652215957642e-02
3.003952652215957642e-02
2.806324139237403870e-02
2.608695626258850098e-02
2.608695626258850098e-02
2.411067113280296326e-02
2.608695626258850098e-02
2.608695626258850098e-02
2.608695626258850098e-02
2.806324139237403870e-02
2.806324139237403870e-02
2.608695626258850098e-02
2.806324139237403870e-02
3.003952652215957642e-02
3.003952652215957642e-02
2.806324139237403870e-02
2.806324139237403870e-02
2.806324139237403870e-02
2.608695626258850098e-02
2.608695626258850098e-02
2.411067113280296326e-02
2.411067113280296326e-02
2.608695626258850098e-02
2.806324139237403870e-02
2.608695626258850098e-02
2.608695626258850098e-02
2.806324139237403870e-02
2.806324139237403870e-02
2.806324139237403870e-02
3.003952652215957642e-02
2.806324139237403870e-02
2.806324139237403870e-02
2.806324139237403870e-02
2.806324139237403870e-02
2.608695626258850098e-02
2.608695626258850098e-02
2.806324139237403870e-02
2.608695626258850098e-02
2.806324139237403870e-02
2.608695626258850098e-02
2.608695626258850098e-02
2.806324139237403870e-02
2.806324139237403870e-02
2.608695626258850098e-02
2.608695626258850098e-02
2.806324139237403870e-02
2.806324139237403870e-02
2.806324139237403870e-02
2.608695626258850098e-02
2.608695626258850098e-02
2.806324139237403870e-02
2.608695626258850098e-02
2.608695626258850098e-02
2.608695626258850098e-02
2.608695626258850098e-02
2.806324139237403870e-02
2.806324139237403870e-02
2.806324139237403870e-02
2.608695626258850098e-02
2.806324139237403870e-02
2.806324139237403870e-02
2.608695626258850098e-02
2.806324139237403870e-02
2.806324139237403870e-02
2.608695626258850098e-02
2.608695626258850098e-02
2.608695626258850098e-02
2.608695626258850098e-02
2.608695626258850098e-02
2.806324139237403870e-02
2.608695626258850098e-02
2.608695626258850098e-02
2.608695626258850098e-02
2.806324139237403870e-02
2.608695626258850098e-02
2.608695626258850098e-02
2.608695626258850098e-02
2.608695626258850098e-02
2.806324139237403870e-02
2.608695626258850098e-02
2.608695626258850098e-02
2.806324139237403870e-02
2.411067113280296326e-02
2.608695626258850098e-02
2.608695626258850098e-02
2.806324139237403870e-02
2.806324139237403870e-02
2.608695626258850098e-02
2.608695626258850098e-02
2.806324139237403870e-02
2.806324139237403870e-02
2.806324139237403870e-02
2.806324139237403870e-02
2.806324139237403870e-02
2.608695626258850098e-02
2.608695626258850098e-02
2.806324139237403870e-02
2.806324139237403870e-02
2.806324139237403870e-02
2.806324139237403870e-02
2.806324139237403870e-02
2.608695626258850098e-02
2.806324139237403870e-02
3.003952652215957642e-02
2.806324139237403870e-02
2.806324139237403870e-02
2.806324139237403870e-02
2.608695626258850098e-02
2.806324139237403870e-02
2.806324139237403870e-02
2.608695626258850098e-02
2.608695626258850098e-02
2.806324139237403870e-02
2.608695626258850098e-02
2.608695626258850098e-02
2.608695626258850098e-02
2.806324139237403870e-02
2.806324139237403870e-02
2.806324139237403870e-02
2.806324139237403870e-02
2.608695626258850098e-02
2.608695626258850098e-02
2.806324139237403870e-02
2.806324139237403870e-02
2.806324139237403870e-02
2.806324139237403870e-02
2.806324139237403870e-02
2.806324139237403870e-02
2.608695626258850098e-02
2.806324139237403870e-02
2.806324139237403870e-02
2.806324139237403870e-02
2.806324139237403870e-02
2.806324139237403870e-02
2.806324139237403870e-02
2.806324139237403870e-02
2.806324139237403870e-02
2.806324139237403870e-02
2.608695626258850098e-02
2.608695626258850098e-02
2.806324139237403870e-02
2.806324139237403870e-02
2.608695626258850098e-02
2.608695626258850098e-02
2.806324139237403870e-02
2.608695626258850098e-02
2.806324139237403870e-02
2.806324139237403870e-02
2.608695626258850098e-02
2.608695626258850098e-02
2.806324139237403870e-02
2.806324139237403870e-02
2.806324139237403870e-02
2.608695626258850098e-02
2.608695626258850098e-02
2.608695626258850098e-02
2.608695626258850098e-02
2.806324139237403870e-02
2.806324139237403870e-02
2.806324139237403870e-02
2.806324139237403870e-02
2.806324139237403870e-02
2.806324139237403870e-02
2.608695626258850098e-02
2.608695626258850098e-02
2.806324139237403870e-02
2.806324139237403870e-02
2.806324139237403870e-02
2.608695626258850098e-02
2.806324139237403870e-02
2.806324139237403870e-02
2.608695626258850098e-02
2.806324139237403870e-02
2.806324139237403870e-02
2.806324139237403870e-02
2.608695626258850098e-02
2.411067113280296326e-02
2.806324139237403870e-02
2.806324139237403870e-02
2.608695626258850098e-02
2.806324139237403870e-02
2.608695626258850098e-02
2.806324139237403870e-02
2.806324139237403870e-02
2.806324139237403870e-02
2.608695626258850098e-02
2.608695626258850098e-02
2.806324139237403870e-02
2.806324139237403870e-02
2.608695626258850098e-02
2.608695626258850098e-02
2.806324139237403870e-02
2.608695626258850098e-02
2.806324139237403870e-02
2.806324139237403870e-02
2.806324139237403870e-02
2.806324139237403870e-02
2.608695626258850098e-02
2.806324139237403870e-02
3.003952652215957642e-02
2.806324139237403870e-02
2.806324139237403870e-02
2.806324139237403870e-02
2.608695626258850098e-02
2.806324139237403870e-02
2.806324139237403870e-02
2.608695626258850098e-02
2.806324139237403870e-02
2.608695626258850098e-02
2.608695626258850098e-02
2.608695626258850098e-02
2.608695626258850098e-02
2.806324139237403870e-02
2.806324139237403870e-02
2.806324139237403870e-02
2.806324139237403870e-02
2.608695626258850098e-02
2.608695626258850098e-02
2.806324139237403870e-02
2.806324139237403870e-02
2.608695626258850098e-02
2.608695626258850098e-02
2.806324139237403870e-02
2.806324139237403870e-02
2.806324139237403870e-02
2.806324139237403870e-02
2.806324139237403870e-02
2.608695626258850098e-02
2.806324139237403870e-02
2.806324139237403870e-02
2.806324139237403870e-02
2.806324139237403870e-02
2.806324139237403870e-02
2.806324139237403870e-02
2.806324139237403870e-02
2.608695626258850098e-02
2.806324139237403870e-02
2.806324139237403870e-02
2.806324139237403870e-02
2.806324139237403870e-02
2.806324139237403870e-02
2.608695626258850098e-02
2.806324139237403870e-02
2.806324139237403870e-02
2.806324139237403870e-02
2.806324139237403870e-02
2.806324139237403870e-02
2.806324139237403870e-02
2.806324139237403870e-02
2.806324139237403870e-02
2.608695626258850098e-02
2.608695626258850098e-02
2.806324139237403870e-02
2.806324139237403870e-02
2.608695626258850098e-02
2.608695626258850098e-02
2.806324139237403870e-02
2.806324139237403870e-02
2.608695626258850098e-02
2.806324139237403870e-02
2.608695626258850098e-02
2.608695626258850098e-02
2.806324139237403870e-02
2.608695626258850098e-02
2.608695626258850098e-02
2.608695626258850098e-02
2.806324139237403870e-02
2.806324139237403870e-02
2.806324139237403870e-02
2.806324139237403870e-02
2.806324139237403870e-02
2.806324139237403870e-02
2.806324139237403870e-02
2.806324139237403870e-02
2.806324139237403870e-02
2.806324139237403870e-02
2.806324139237403870e-02
2.806324139237403870e-02
2.806324139237403870e-02
2.608695626258850098e-02
2.608695626258850098e-02
3.003952652215957642e-02
3.003952652215957642e-02
2.806324139237403870e-02
2.608695626258850098e-02
2.806324139237403870e-02
2.608695626258850098e-02
2.608695626258850098e-02
3.003952652215957642e-02
2.806324139237403870e-02
2.806324139237403870e-02
2.806324139237403870e-02
2.806324139237403870e-02
2.806324139237403870e-02
2.806324139237403870e-02
2.806324139237403870e-02
2.806324139237403870e-02
2.806324139237403870e-02
2.806324139237403870e-02
2.806324139237403870e-02
2.608695626258850098e-02
2.608695626258850098e-02
2.806324139237403870e-02
2.806324139237403870e-02
3.003952652215957642e-02
2.806324139237403870e-02
2.806324139237403870e-02
3.003952652215957642e-02
2.806324139237403870e-02
2.806324139237403870e-02
3.003952652215957642e-02
2.806324139237403870e-02
2.806324139237403870e-02
3.003952652215957642e-02
2.608695626258850098e-02
2.806324139237403870e-02
2.806324139237403870e-02
2.806324139237403870e-02
2.806324139237403870e-02
2.806324139237403870e-02
2.806324139237403870e-02
2.806324139237403870e-02
2.806324139237403870e-02
2.806324139237403870e-02
2.806324139237403870e-02
2.806324139237403870e-02
2.806324139237403870e-02
2.806324139237403870e-02
2.806324139237403870e-02
2.806324139237403870e-02
2.806324139237403870e-02
2.608695626258850098e-02
2.806324139237403870e-02
2.608695626258850098e-02
2.608695626258850098e-02
2.806324139237403870e-02
2.806324139237403870e-02
2.806324139237403870e-02
3.003952652215957642e-02
2.806324139237403870e-02
2.806324139237403870e-02
2.806324139237403870e-02
2.608695626258850098e-02
2.806324139237403870e-02
2.806324139237403870e-02
2.806324139237403870e-02
2.806324139237403870e-02
2.608695626258850098e-02
2.806324139237403870e-02
2.806324139237403870e-02
2.806324139237403870e-02
3.003952652215957642e-02
3.003952652215957642e-02
2.806324139237403870e-02
2.608695626258850098e-02
2.806324139237403870e-02
2.608695626258850098e-02
2.806324139237403870e-02
2.806324139237403870e-02
2.608695626258850098e-02
2.806324139237403870e-02
2.806324139237403870e-02
2.806324139237403870e-02
2.806324139237403870e-02
2.806324139237403870e-02
2.806324139237403870e-02
2.806324139237403870e-02
2.806324139237403870e-02
2.806324139237403870e-02
2.806324139237403870e-02
2.806324139237403870e-02
2.806324139237403870e-02
2.608695626258850098e-02
2.806324139237403870e-02
2.806324139237403870e-02
2.806324139237403870e-02
2.806324139237403870e-02
2.806324139237403870e-02
2.806324139237403870e-02
2.806324139237403870e-02
2.806324139237403870e-02
2.806324139237403870e-02
2.806324139237403870e-02
3.003952652215957642e-02
3.003952652215957642e-02
3.003952652215957642e-02
3.003952652215957642e-02
3.003952652215957642e-02
3.003952652215957642e-02
3.201581165194511414e-02
3.201581165194511414e-02
3.003952652215957642e-02
3.201581165194511414e-02
3.399209305644035339e-02
3.201581165194511414e-02
3.003952652215957642e-02
3.201581165194511414e-02
3.201581165194511414e-02
3.201581165194511414e-02
3.201581165194511414e-02
3.399209305644035339e-02
3.596837818622589111e-02
3.399209305644035339e-02
3.201581165194511414e-02
3.399209305644035339e-02
3.399209305644035339e-02
3.596837818622589111e-02
3.399209305644035339e-02
3.596837818622589111e-02
3.794466331601142883e-02
3.596837818622589111e-02
3.596837818622589111e-02
3.794466331601142883e-02
3.794466331601142883e-02
3.794466331601142883e-02
3.794466331601142883e-02
3.794466331601142883e-02
3.794466331601142883e-02
3.794466331601142883e-02
3.794466331601142883e-02
4.189723357558250427e-02
4.189723357558250427e-02
4.189723357558250427e-02
4.189723357558250427e-02
4.189723357558250427e-02
4.387351870536804199e-02
4.387351870536804199e-02
4.189723357558250427e-02
4.387351870536804199e-02
4.387351870536804199e-02
4.387351870536804199e-02
4.387351870536804199e-02
4.387351870536804199e-02
4.387351870536804199e-02
4.387351870536804199e-02
4.387351870536804199e-02
4.387351870536804199e-02
4.584980383515357971e-02
4.782608523964881897e-02
4.782608523964881897e-02
4.584980383515357971e-02
4.782608523964881897e-02
4.584980383515357971e-02
4.584980383515357971e-02
4.980237036943435669e-02
4.980237036943435669e-02
4.980237036943435669e-02
4.980237036943435669e-02
4.782608523964881897e-02
4.782608523964881897e-02
4.782608523964881897e-02
4.980237036943435669e-02
4.980237036943435669e-02
5.177865549921989441e-02
5.177865549921989441e-02
5.177865549921989441e-02
5.177865549921989441e-02
5.177865549921989441e-02
5.177865549921989441e-02
5.375494062900543213e-02
5.375494062900543213e-02
5.177865549921989441e-02
5.375494062900543213e-02
5.375494062900543213e-02
5.177865549921989441e-02
5.375494062900543213e-02
5.375494062900543213e-02
5.573122575879096985e-02
5.573122575879096985e-02
5.375494062900543213e-02
5.573122575879096985e-02
5.573122575879096985e-02
5.573122575879096985e-02
5.573122575879096985e-02
5.573122575879096985e-02
5.770751088857650757e-02
5.968379601836204529e-02
5.968379601836204529e-02
5.770751088857650757e-02
5.968379601836204529e-02
5.968379601836204529e-02
5.770751088857650757e-02
5.770751088857650757e-02
5.968379601836204529e-02
5.770751088857650757e-02
5.770751088857650757e-02
5.968379601836204529e-02
5.968379601836204529e-02
5.968379601836204529e-02
5.968379601836204529e-02
5.968379601836204529e-02
6.166007742285728455e-02
6.166007742285728455e-02
6.166007742285728455e-02
6.166007742285728455e-02
6.166007742285728455e-02
6.166007742285728455e-02
6.166007742285728455e-02
5.968379601836204529e-02
6.166007742285728455e-02
6.166007742285728455e-02
6.363636255264282227e-02
6.166007742285728455e-02
6.363636255264282227e-02
6.561265140771865845e-02
6.363636255264282227e-02
6.363636255264282227e-02
6.363636255264282227e-02
6.363636255264282227e-02
6.363636255264282227e-02
6.363636255264282227e-02
6.363636255264282227e-02
6.561265140771865845e-02
6.758893281221389771e-02
6.561265140771865845e-02
6.561265140771865845e-02
6.561265140771865845e-02
6.561265140771865845e-02
6.561265140771865845e-02
6.561265140771865845e-02
6.758893281221389771e-02
6.561265140771865845e-02
6.561265140771865845e-02
6.758893281221389771e-02
6.758893281221389771e-02
6.758893281221389771e-02
6.758893281221389771e-02
6.561265140771865845e-02
6.758893281221389771e-02
6.561265140771865845e-02
6.561265140771865845e-02
6.758893281221389771e-02
6.561265140771865845e-02
6.758893281221389771e-02
6.758893281221389771e-02
6.758893281221389771e-02
6.956521421670913696e-02
6.758893281221389771e-02
6.758893281221389771e-02
6.758893281221389771e-02
6.561265140771865845e-02
6.956521421670913696e-02
6.758893281221389771e-02
6.956521421670913696e-02
6.956521421670913696e-02
6.758893281221389771e-02
6.956521421670913696e-02
6.956521421670913696e-02
6.956521421670913696e-02
7.154150307178497314e-02
6.956521421670913696e-02
6.956521421670913696e-02
6.956521421670913696e-02
6.956521421670913696e-02
7.154150307178497314e-02
6.956521421670913696e-02
6.956521421670913696e-02
7.154150307178497314e-02
7.154150307178497314e-02
7.154150307178497314e-02
6.956521421670913696e-02
7.154150307178497314e-02
7.351778447628021240e-02
7.154150307178497314e-02
7.154150307178497314e-02
7.351778447628021240e-02
7.154150307178497314e-02
7.154150307178497314e-02
7.351778447628021240e-02
7.351778447628021240e-02
7.549407333135604858e-02
7.154150307178497314e-02
7.351778447628021240e-02
7.351778447628021240e-02
7.154150307178497314e-02
7.154150307178497314e-02
7.351778447628021240e-02
7.549407333135604858e-02
7.549407333135604858e-02
7.351778447628021240e-02
7.549407333135604858e-02
7.549407333135604858e-02
7.549407333135604858e-02
7.549407333135604858e-02
7.351778447628021240e-02
7.351778447628021240e-02
7.351778447628021240e-02
7.747035473585128784e-02
7.747035473585128784e-02
7.747035473585128784e-02
7.549407333135604858e-02
7.549407333135604858e-02
7.747035473585128784e-02
7.747035473585128784e-02
7.549407333135604858e-02
7.747035473585128784e-02
7.549407333135604858e-02
7.747035473585128784e-02
7.747035473585128784e-02
7.549407333135604858e-02
7.747035473585128784e-02
7.747035473585128784e-02
7.549407333135604858e-02
7.549407333135604858e-02
7.747035473585128784e-02
7.549407333135604858e-02
7.549407333135604858e-02
7.549407333135604858e-02
7.549407333135604858e-02
7.747035473585128784e-02
7.747035473585128784e-02
7.747035473585128784e-02
7.747035473585128784e-02
7.747035473585128784e-02
7.747035473585128784e-02
7.747035473585128784e-02
7.944664359092712402e-02
7.747035473585128784e-02
7.747035473585128784e-02
7.944664359092712402e-02
7.747035473585128784e-02
7.747035473585128784e-02
7.944664359092712402e-02
7.747035473585128784e-02
7.944664359092712402e-02
7.944664359092712402e-02
7.944664359092712402e-02
7.944664359092712402e-02
7.944664359092712402e-02
8.142292499542236328e-02
7.944664359092712402e-02
7.944664359092712402e-02
7.944664359092712402e-02
7.944664359092712402e-02
7.747035473585128784e-02
7.747035473585128784e-02
7.944664359092712402e-02
7.747035473585128784e-02
7.944664359092712402e-02
7.944664359092712402e-02
7.944664359092712402e-02
7.944664359092712402e-02
7.944664359092712402e-02
7.944664359092712402e-02
7.944664359092712402e-02
8.142292499542236328e-02
7.944664359092712402e-02
7.747035473585128784e-02
7.944664359092712402e-02
7.747035473585128784e-02
7.944664359092712402e-02
8.142292499542236328e-02
7.944664359092712402e-02
8.142292499542236328e-02
8.142292499542236328e-02
7.944664359092712402e-02
8.142292499542236328e-02
8.142292499542236328e-02
8.142292499542236328e-02
8.339920639991760254e-02
8.142292499542236328e-02
7.944664359092712402e-02
8.142292499542236328e-02
8.142292499542236328e-02
7.944664359092712402e-02
7.944664359092712402e-02
7.944664359092712402e-02
8.142292499542236328e-02
8.142292499542236328e-02
7.944664359092712402e-02
7.944664359092712402e-02
7.944664359092712402e-02
8.142292499542236328e-02
8.142292499542236328e-02
7.944664359092712402e-02
8.142292499542236328e-02
8.142292499542236328e-02
7.944664359092712402e-02
8.142292499542236328e-02
8.142292499542236328e-02
8.142292499542236328e-02
7.944664359092712402e-02
8.142292499542236328e-02
8.142292499542236328e-02
8.142292499542236328e-02
8.142292499542236328e-02
8.142292499542236328e-02
8.142292499542236328e-02
8.142292499542236328e-02
8.142292499542236328e-02
8.339920639991760254e-02
8.142292499542236328e-02
8.339920639991760254e-02
8.339920639991760254e-02
8.339920639991760254e-02
8.339920639991760254e-02
8.142292499542236328e-02
8.142292499542236328e-02
8.339920639991760254e-02
8.339920639991760254e-02
8.142292499542236328e-02
8.142292499542236328e-02
8.339920639991760254e-02
8.142292499542236328e-02
8.339920639991760254e-02
8.339920639991760254e-02
8.339920639991760254e-02
8.339920639991760254e-02
8.339920639991760254e-02
8.339920639991760254e-02
8.142292499542236328e-02
8.142292499542236328e-02
8.142292499542236328e-02
8.142292499542236328e-02
8.142292499542236328e-02
8.142292499542236328e-02
8.339920639991760254e-02
8.339920639991760254e-02
8.339920639991760254e-02
8.339920639991760254e-02
8.339920639991760254e-02
8.142292499542236328e-02
8.339920639991760254e-02
8.339920639991760254e-02
8.339920639991760254e-02
8.339920639991760254e-02
8.339920639991760254e-02
8.339920639991760254e-02
8.339920639991760254e-02
8.142292499542236328e-02
8.339920639991760254e-02
8.339920639991760254e-02
8.339920639991760254e-02
8.142292499542236328e-02
8.339920639991760254e-02
8.339920639991760254e-02
8.339920639991760254e-02
8.537549525499343872e-02
8.339920639991760254e-02
8.339920639991760254e-02
8.339920639991760254e-02
8.142292499542236328e-02
8.339920639991760254e-02
8.339920639991760254e-02
8.339920639991760254e-02
8.339920639991760254e-02
8.339920639991760254e-02
8.339920639991760254e-02
8.339920639991760254e-02
8.537549525499343872e-02
8.339920639991760254e-02
8.339920639991760254e-02
8.339920639991760254e-02
8.339920639991760254e-02
8.339920639991760254e-02
8.339920639991760254e-02
8.537549525499343872e-02
8.339920639991760254e-02
8.339920639991760254e-02
8.339920639991760254e-02
8.142292499542236328e-02
8.339920639991760254e-02
8.339920639991760254e-02
8.142292499542236328e-02
8.339920639991760254e-02
8.339920639991760254e-02
8.339920639991760254e-02
8.339920639991760254e-02
8.339920639991760254e-02
8.339920639991760254e-02
8.339920639991760254e-02
8.537549525499343872e-02
8.142292499542236328e-02
8.142292499542236328e-02
8.339920639991760254e-02
8.339920639991760254e-02
8.142292499542236328e-02
8.339920639991760254e-02
8.339920639991760254e-02
8.339920639991760254e-02
8.537549525499343872e-02
8.142292499542236328e-02
8.339920639991760254e-02
8.339920639991760254e-02
8.537549525499343872e-02
8.339920639991760254e-02
8.339920639991760254e-02
8.339920639991760254e-02
8.339920639991760254e-02
8.339920639991760254e-02
8.339920639991760254e-02
8.339920639991760254e-02
8.339920639991760254e-02
8.339920639991760254e-02
8.142292499542236328e-02
8.142292499542236328e-02
8.339920639991760254e-02
8.537549525499343872e-02
8.339920639991760254e-02
8.339920639991760254e-02
8.142292499542236328e-02
8.339920639991760254e-02
8.142292499542236328e-02
8.142292499542236328e-02
8.142292499542236328e-02
8.339920639991760254e-02
8.339920639991760254e-02
8.339920639991760254e-02
8.339920639991760254e-02
8.339920639991760254e-02
8.339920639991760254e-02
8.339920639991760254e-02
8.339920639991760254e-02
8.339920639991760254e-02
8.142292499542236328e-02
8.142292499542236328e-02
8.339920639991760254e-02
8.339920639991760254e-02
8.339920639991760254e-02
8.142292499542236328e-02
8.339920639991760254e-02
8.142292499542236328e-02
8.339920639991760254e-02
8.339920639991760254e-02
8.339920639991760254e-02
8.339920639991760254e-02
8.339920639991760254e-02
8.339920639991760254e-02
8.142292499542236328e-02
8.339920639991760254e-02
8.339920639991760254e-02
8.142292499542236328e-02
8.142292499542236328e-02
8.339920639991760254e-02
8.339920639991760254e-02
8.142292499542236328e-02
8.142292499542236328e-02
8.142292499542236328e-02
8.142292499542236328e-02
8.339920639991760254e-02
8.339920639991760254e-02
8.142292499542236328e-02
8.142292499542236328e-02
8.339920639991760254e-02
8.339920639991760254e-02
8.339920639991760254e-02
8.339920639991760254e-02
8.142292499542236328e-02
8.142292499542236328e-02
8.339920639991760254e-02
7.944664359092712402e-02
8.142292499542236328e-02
8.142292499542236328e-02
7.944664359092712402e-02
8.142292499542236328e-02
8.142292499542236328e-02
7.944664359092712402e-02
7.944664359092712402e-02
8.142292499542236328e-02
7.944664359092712402e-02
7.944664359092712402e-02
8.142292499542236328e-02
8.142292499542236328e-02
8.142292499542236328e-02
7.944664359092712402e-02
8.142292499542236328e-02
7.944664359092712402e-02
8.142292499542236328e-02
8.142292499542236328e-02
7.944664359092712402e-02
7.944664359092712402e-02
8.142292499542236328e-02
8.142292499542236328e-02
7.944664359092712402e-02
7.944664359092712402e-02
7.944664359092712402e-02
7.944664359092712402e-02
7.747035473585128784e-02
7.944664359092712402e-02
7.944664359092712402e-02
7.747035473585128784e-02
7.944664359092712402e-02
7.944664359092712402e-02
7.944664359092712402e-02
7.944664359092712402e-02
8.142292499542236328e-02
7.944664359092712402e-02
7.944664359092712402e-02
7.747035473585128784e-02
7.747035473585128784e-02
7.944664359092712402e-02
7.944664359092712402e-02
7.944664359092712402e-02
7.747035473585128784e-02
7.747035473585128784e-02
7.944664359092712402e-02
7.944664359092712402e-02
7.747035473585128784e-02
7.747035473585128784e-02
7.944664359092712402e-02
7.944664359092712402e-02
7.747035473585128784e-02
7.747035473585128784e-02
7.944664359092712402e-02
8.142292499542236328e-02
7.944664359092712402e-02
7.944664359092712402e-02
7.944664359092712402e-02
7.747035473585128784e-02
7.747035473585128784e-02
7.747035473585128784e-02
7.747035473585128784e-02
7.747035473585128784e-02
7.944664359092712402e-02
7.944664359092712402e-02
7.747035473585128784e-02
7.747035473585128784e-02
7.549407333135604858e-02
7.747035473585128784e-02
7.944664359092712402e-02
