# index
95000
95235
95000
95000
95025
95065
95460
95085
95000
95085
95060
95000
95560
95020
95000
95260
95010
95155
95055
95145
95000
95140
95000
95085
95045
95000
95205
95090
95135
95715
95300
95090
95820
95050
95000
95175
95000
95435
95000
95000
95005
95240
95610
95000
99710
95070
95025
95200
95105
95110
95340
95000
95365
95000
95195
95425
95175
95355
95070
95220
95065
95350
95000
95010
95500
95350
95010
95145
95525
95000
95270
95000
95105
95390
95480
95000
95060
95080
95120
96555
95000
95000
95000
95320
95225
95060
95135
95075
95105
95050
95390
95060
95085
95025
95200
95080
95555
95085
97845
95000
95085
95945
95595
95000
95035
95040
96775
95000
95030
95150
95025
95085
95000
95230
95000
95060
95020
95000
96110
95315
95025
95040
95015
95120
95045
95020
95005
95415
95130
95090
95235
95000
95170
95175
95090
95000
95060
95195
95000
95000
95010
95170
95150
95110
95160
95125
95000
99410
95095
95370
96165
95450
95330
95000
95055
95050
95310
95000
95090
95135
95085
95000
95005
95000
95055
95030
95025
95120
95030
95000
95030
95020
95315
95080
95000
95000
95110
95060
95000
95070
95210
95090
95130
95050
95000
95000
95055
95015
95005
95010
95000
95035
95035
95000
95000
95155
95075
95485
95020
95160
95025
95190
95310
95090
95195
95040
95110
99165
95030
95060
95000
95000
95205
95255
95100
95065
95050
95180
95045
95075
95145
95090
95000
95155
95085
95065
95000
95105
95135
95055
95000
95385
95030
95280
95245
95080
95000
95075
95150
95105
95000
95080
95040
97690
99665
95000
97145
95160
95205
95000
95000
95035
95025
95055
95135
95095
95030
95000
95070
95050
95090
99970
95045
95000
95000
95015
95210
95175
95185
95125
95005
95070
95000
95105
95085
95030
98350
95225
96220
95000
95240
95170
95250
95145
95135
95000
95015
95000
95000
95030
96450
95160
95135
95115
95105
95065
95165
95560
95295
97555
95035
95000
95115
95150
95020
95100
95000
95000
95230
95205
95055
95010
95230
95560
95390
95160
95000
98005
95090
95190
95045
95065
95365
95115
95000
95485
95000
95080
95280
95050
95060
95130
95070
97585
95315
95005
95090
95155
95015
95260
95000
95095
95125
95150
95035
95140
97480
95165
95000
95000
95105
95070
95080
95170
95000
95245
95000
95750
95085
95025
95030
95105
95180
95070
95040
95260
95135
95325
95330
95235
95255
95145
95000
95280
95240
95010
95340
95125
97860
95000
95160
95070
95045
95045
95050
95015
95125
95095
95015
95295
95055
95340
95240
95000
95000
95030
95455
95000
95095
95270
95085
98935
95090
97690
95160
95050
95365
95010
95300
95045
95000
95000
95190
95025
95080
95175
95000
95000
95125
95355
95000
95085
95000
95365
95120
95045
95110
95000
95000
95455
95115
95055
95000
95125
95040
95010
95000
95255
95000
95195
95415
95205
95000
95180
95000
95000
95005
95000
95040
95025
95090
95040
95320
95130
95660
95005
95680
95745
95335
95075
95070
95000
95000
95000
95140
95005
95140
95080
95205
95045
95125
95180
95075
96490
95000
95125
95225
95115
95325
95705
99125
95160
95030
95000
95000
95000
95095
95135
95150
95235
95360
95175
95160
95045
95585
95025
95000
95075
95020
95065
95000
99570
95280
95315
95275
95000
95040
95160
95125
95215
95200
95210
95000
95725
95045
95000
95000
95055
95000
95420
95085
95210
95540
95035
95020
95065
95040
95165
95175
95115
95110
95265
95095
95000
95125
95015
95175
95000
95000
95125
95155
95000
95055
95010
95000
95205
95035
95305
95000
95000
95335
95000
95705
95015
95065
95055
95000
95035
95005
95600
95160
95000
95070
95350
95000
95000
95065
95330
95060
95000
95105
95000
95070
95025
95000
95000
95005
95305
95085
95080
95230
95420
95000
95000
95045
95260
95330
95030
95000
95050
96915
95450
95655
95000
95030
95110
95000
95000
95105
95030
95215
98150
95000
95300
95220
95065
95000
95180
95000
95160
95000
95010
95070
95300
95225
95140
95000
95230
95095
95155
95030
95065
95000
95075
99405
95000
95000
95180
95025
95005
95010
95005
95000
95265
95145
95090
95190
95030
95215
95060
96160
95070
95305
96190
95010
95260
95015
95095
95000
95200
99585
95310
95095
95195
95220
95685
95200
95000
95060
95000
95025
95345
95000
95050
95000
95010
95000
95000
95000
95070
95060
95000
95140
95470
95070
95445
95240
95035
95320
95090
95545
95065
95020
95295
95155
96375
95105
95000
95055
95000
95090
96290
95000
95750
95260
96005
95000
95475
95000
95080
95000
95030
95000
95580
95010
95000
95065
95000
95305
95110
95000
95140
95040
95075
95080
95000
95000
95205
95000
95015
95000
95030
95175
95000
95000
95000
95040
95070
96220
95000
95200
95165
95080
95000
95360
95000
95105
95000
95000
95000
95030
95015
95050
95080
95340
95185
95050
95000
95000
95000
99355
95020
95205
95000
95290
95280
95000
95190
95020
95015
95885
95160
95000
95000
96895
95245
95150
95585
95120
95010
95000
95000
95595
95660
95480
95215
95180
95305
95000
95165
95190
95130
98675
95100
95015
95075
95170
95085
95380
95195
95135
95250
95075
95030
95030
95300
95010
95000
95000
95095
95185
95270
95185
95820
95165
97075
95255
95025
95090
95310
95040
95005
95000
95010
95095
95000
95225
95240
95105
95000
95430
95200
95000
95000
97655
95165
95060
95140
95000
95000
95010
95005
95180
95195
95000
95205
95040
95330
95000
98950
95095
95040
95565
95060
95000
95000
95000
95000
95050
95000
95000
95070
95390
95000
95240
95035
95170
95230
95510
95000
95270
95000
95005
95000
95000
95000
95060
95400
95150
95410
95110
95140
95000
95025
95335
95130
95095
95000
95000
95040
98760
95180
95010
95345
95175
95070
95200
95245
95155
95000
95000
96700
95135
95010
95000
95000
95025
95000
95000
95720
98455
95050
95105
95160
95255
95220
95140
95045
95025
95050
95640
95055
95000
95000
95040
95075
95155
95010
95000
95000
95035
95000
95120
95025
95075
95000
95065
95000
95025
95035
95115
95000
95080
95110
95055
95000
95020
99565
95690
96760
95000
95000
95000
95000
95030
95000
95315
95305
95000
95000
95050
99260
95055
95000
95145
95100
95010
95035
95000
95155
95000
95000
95090
95000
95545
95410
95085
95075
96390
95560
95155
95510
95000
95000
95015
95015
95055
96570
95125
95000
95000
95085
99760
95045
95040
95000
95000
95000
95140
95600
95000
95170
95180
95090
95000
95030
95040
95220
95200
95090
99490
95005
95530
95180
95155
95035
95020
95065
95045
95535
95000
95060
95000
95040
95265
95105
95020
95125
95220
95000
95250
95000
95000
95000
95095
95000
95045
95090
98140
95115
95000
95010
95065
95205
95000
95000
95630
95000
95440
95100
95180
95355
95000
95160
95135
95000
95000
95000
95040
95050
95530
95000
95010
95000
95135
95195
95190
95150
99610
95160
95000
95170
95100
95010
95310
95130
95000
95000
95235
95315
95555
95040
95175
95000
95045
95325
95000
95070
95000
95125
95280
95000
96965
95045
95000
95040
95265
95095
95085
99350
95620
95015
95035
95050
95585
95085
95055
95000
95065
95035
95000
95035
95190
95175
95035
95860
95000
97225
96630
95225
95000
95000
95115
95415
95095
95185
95030
95250
95070
95010
95000
95125
95030
95060
95000
95230
95000
95395
95045
95000
95140
95000
95115
95155
95515
95000
95035
95045
99480
95040
95055
95335
95000
95155
95245
95015
95065
95110
95265
95185
95400
95265
95060
95145
95270
95220
95000
95205
95990
95350
95080
95025
95110
95030
95065
96180
95000
95080
95145
95000
95000
95000
95125
95140
95260
95000
95065
95000
95000
95085
95035
95000
95070
95165
95050
95320
95170
95480
95250
95090
95085
95000
95050
99305
95100
95040
95180
95135
95140
95125
95050
95000
95000
98535
95045
95065
95075
95620
95935
95125
95000
95085
95150
95045
95085
95090
95075
95125
95015
95000
95000
95125
95060
95000
95000
95175
95075
95000
95155
95000
95130
95000
95040
95000
95000
95230
95000
95080
95035
95045
95000
95685
95560
95040
95240
95000
95290
95020
95150
95055
95020
95285
95000
95000
99305
95135
95125
95115
95075
95050
95130
95135
95030
95055
95025
95570
95065
95045
97980
95000
95230
95135
95350
95290
95090
95125
95025
95000
95000
95560
95040
95155
95000
95105
95125
95060
95040
95000
95160
95330
95000
95000
95150
95000
95155
95235
95855
95790
95000
95160
95090
95015
96115
95135
95010
95080
95005
97345
95135
95030
95120
95030
95240
95000
95325
95065
96520
95000
95170
95050
95130
98275
95045
95000
95090
95035
95335
95195
95055
95000
95000
95000
95090
95030
95000
95195
95165
95000
95085
95035
95005
95030
95570
95310
95200
95070
95055
95085
95080
95060
95105
95125
95240
95000
95190
95035
98355
95070
95190
95000
95000
95135
95120
95265
95060
95430
95545
95060
95050
95090
95170
95000
95090
95015
95000
99350
95040
95000
96060
95155
95340
95210
95050
95095
95045
95000
95515
95065
95035
95240
95285
95040
95000
95300
95060
95115
95040
95070
95075
95150
96985
95140
95055
95120
95215
95490
95000
95055
95270
95400
95030
95100
95420
95345
95000
95045
95165
95010
95085
95060
95125
95440
95555
95510
95065
95015
95135
95095
95045
95150
95075
95305
95195
95000
95425
95710
95120
95040
95000
95305
95025
95005
95305
95315
95000
95285
95155
95070
95015
95040
96560
95000
98930
95135
95035
95000
95005
95000
95060
95090
95180
95000
95255
95330
95280
95070
95110
95090
95145
95115
95000
95110
95000
95000
95065
95085
95370
95080
95000
95130
95360
95130
95065
95015
95010
95430
95195
95200
99565
95000
95235
95000
95085
95050
95000
95000
95060
95020
95355
95290
95150
95415
95290
95275
95240
95000
95290
95000
95030
95400
95570
95110
95175
95925
95035
95000
95180
95035
95040
95240
95000
95135
95025
95000
95070
95030
95450
95160
95015
95000
95050
95000
95055
95130
95195
95245
95080
95075
95075
95300
95150
95080
95025
95000
95000
95070
95025
95080
95645
95000
95000
95265
95045
95000
95120
95010
95185
95130
99400
95000
95050
95000
98755
95005
95000
95155
95195
95015
95075
95065
95100
95055
95225
95515
95255
95065
95270
95065
95000
95585
95195
95150
95530
95100
95000
95045
95000
95230
95100
95865
95110
95000
95000
95000
95030
95000
95445
95085
95225
95155
95210
95020
95000
95430
95135
95140
95480
95000
95605
95310
95000
95460
95070
95150
95105
95070
95090
96050
95460
95000
95255
95095
95045
95050
95000
95640
95000
95000
95790
95055
95000
95080
95135
95070
96150
95040
95450
95020
95175
95140
95150
95065
95415
95010
95000
95075
95235
95285
99750
95185
95230
95135
95000
95000
95020
95380
98075
95105
95045
95000
98230
95055
96280
95040
95090
95000
95075
95100
95120
95315
95030
95000
95000
95085
95030
95160
95010
95000
95140
95835
95270
95055
95175
95000
95025
96350
95060
95115
95225
95005
95035
95000
95060
95155
95000
99440
95045
95000
95000
95090
95065
95210
95125
95300
95010
95055
95120
95075
95010
95000
95310
95120
95000
95190
95005
95285
95700
95000
95000
95015
95000
95485
95000
95045
95045
95245
95135
95390
95085
95000
95140
95190
95025
96145
95025
95085
95000
95570
95125
95000
95000
95000
95095
95080
95465
95375
95100
95135
95000
95385
95065
95000
95280
95010
95090
99650
95150
95095
95005
95040
95000
95165
95000
95580
95300
95050
95045
95120
95025
95170
95000
95015
95500
95270
95035
95000
95205
95000
95275
95255
95005
95230
95225
95260
95030
95115
95000
95330
95000
95150
95035
95675
98770
95160
95065
98600
95065
95310
95160
95130
95010
95060
95085
95055
95000
95180
95000
95250
95020
99650
95000
95170
95000
95000
95075
95000
95150
95055
95175
95005
95520
95160
95305
95155
95000
95250
95000
95000
98085
95065
95175
95110
95215
95060
95285
95180
95000
95220
95180
95105
95000
99650
95000
95120
95050
95035
95285
95095
95600
95000
95120
95005
95020
95060
95000
95420
95125
95100
95090
95000
95000
96070
95000
95105
95000
95000
95050
95145
95220
95135
95950
95195
95150
95060
95000
95000
95215
95195
95025
95040
95030
95000
95250
95010
95090
95085
95055
95160
95440
95225
95505
95700
95130
95015
95165
96605
95305
95050
95175
95070
95115
95010
95255
95025
95110
96395
95045
95075
95035
95065
95115
95000
95125
95190
95680
95075
95230
95035
95000
95040
95075
95110
95055
95045
95060
95000
95075
95400
95000
95000
95125
95070
95090
95100
95320
95065
95195
95130
95140
95180
95160
95540
95000
95110
95270
95000
95110
95155
95000
95935
95020
95085
95195
95045
95000
95155
95260
95350
95115
95000
95000
95000
95070
95605
95165
95055
95520
95050
95115
95295
95005
95185
96630
95110
95045
95010
95000
95000
95000
95235
95390
95635
95050
95050
95100
95070
95000
95040
99570
95000
95030
95000
95000
95920
95000
95065
95065
95040
95215
95065
95040
95000
95000
95000
95015
95345
95085
95020
95000
95000
95030
95000
95130
97165
95150
96550
95255
95000
95205
95205
95000
95085
95025
95115
95050
95180
95000
95000
95000
96090
95185
95120
95115
95000
95125
95270
95530
95270
95210
95085
95000
95195
95420
95095
95080
95065
95000
95000
95095
95000
95175
95380
95540
95000
95070
95160
95145
95080
99240
95505
95095
95080
95025
95000
95140
95185
95165
95000
95195
95055
95000
95055
95160
95970
95045
95000
95035
95115
95145
95000
99695
97880
95375
95425
95235
95080
95140
95000
97420
95175
97275
95115
95075
95050
95030
95220
95050
95040
95120
95000
95015
95215
95045
95200
95035
95080
95050
95260
96050
95000
95170
95175
95135
95325
95035
95000
97025
95250
95000
95000
95000
95215
95775
95025
95385
95145
95330
95255
95040
95140
95055
95080
99285
95050
95030
95215
95625
95000
95070
95220
95000
95135
95000
95235
95015
95055
95000
95000
95110
95195
95240
95000
95370
95000
95050
95000
95150
95000
95245
95000
95160
95030
95400
95000
95190
95015
95630
95300
95110
96450
95060
95220
95060
95000
95310
95010
95340
95235
95000
95025
95000
95000
95065
95175
95460
95440
95260
95330
95110
95070
95155
95280
95115
95795
95000
95195
95010
95000
95000
98885
95030
95035
95000
95055
95030
95040
95190
95000
95045
95200
95030
95205
95000
95190
95110
95055
95050
95060
95030
95140
95065
95710
95190
95000
95000
95000
95190
95140
95000
95000
95030
95450
95280
95070
95080
95030
95175
95000
95195
95000
97275
95360
95090
95040
95040
95235
95000
95105
95015
95220
95120
95195
95000
95000
95000
95005
95035
95000
95000
95060
95085
95005
95240
95140
95095
95020
95285
95130
99690
95000
95030
99810
95785
95285
95095
95320
95770
95135
95415
95000
95035
95255
95215
95165
95265
95020
95000
95220
96110
95020
95000
95125
95185
95215
95055
95000
95050
95415
95325
95045
95045
95055
95080
96345
95350
95050
95885
95120
95000
95035
95380
95080
95000
95315
95265
95000
95020
95135
95015
95005
95035
95270
95055
95000
95175
95000
95270
95110
95130
95095
95000
95000
95000
95035
95055
99280
95180
95125
99380
95000
95025
95130
95005
95290
95180
95000
95000
99780
97330
95060
95160
95190
95000
95075
95020
95200
95000
95060
99450
95330
95000
95135
95080
95000
95140
95135
95000
95045
95110
95105
95445
95000
95290
95340
95245
95020
95750
95265
95000
95060
95000
95000
95070
95025
98575
95130
95000
95015
95070
95085
95125
96920
95005
95700
95090
95015
95075
95070
95055
95000
96220
95025
95100
95025
95105
95045
95020
95165
95225
95200
95000
97895
95035
95000
95055
95000
98075
99615
95010
95055
95040
95095
95040
95255
95065
95170
95045
95105
95210
95015
95000
95310
95000
95025
95060
95165
95005
95170
95265
95080
95065
95390
95065
95150
97355
95170
95080
95000
95230
95000
99730
95000
95095
95030
95040
95065
95060
95000
95010
95135
95495
95800
95310
95050
95075
95040
95495
95250
95000
95145
96580
95080
95140
95105
95070
95090
95000
95215
95000
95185
95220
99855
95140
95605
95280
95005
98220
95030
95100
95110
95095
98620
95000
95235
95000
95070
95055
95035
95065
95405
95280
95380
95080
95025
95070
95040
95125
95170
95180
95030
95040
95090
95000
95000
95000
95005
95080
95070
95245
95135
95000
99550
95055
95130
95000
95345
95105
95295
95000
95000
95170
95000
95140
95260
95165
95465
95000
95000
95315
95295
95020
95075
95075
95360
95250
95020
95050
95325
95005
95020
95075
95145
95010
95000
95355
95005
95095
95010
95470
95450
95115
95000
95080
95000
95265
95010
95245
95315
95470
95020
95500
95220
95300
95000
95055
95080
95000
95160
95090
95000
95075
95185
95350
95000
95000
95000
95000
95155
95110
95015
95000
95165
95065
95000
95105
95030
95000
95045
95060
95330
95000
99170
95120
95190
95070
95000
95050
95025
95040
95130
95000
95015
95240
95105
95000
95060
95125
95025
95000
95940
95710
95150
95045
95070
95000
95100
95145
95385
95000
95150
95855
95035
95000
95230
95005
95070
95000
95150
95095
99460
95045
95000
95105
96850
95085
95000
95025
95000
95000
95010
95160
95190
95590
95030
95000
95050
95040
95250
95165
95110
95205
95000
95000
95000
95000
95130
95060
95250
95000
95900
95265
95325
95000
95155
95000
95000
95085
95525
95000
95000
95245
95020
95230
97065
95000
95210
95145
95430
95115
95235
95005
95000
95100
95015
95180
95000
95010
95305
95010
95110
95320
95025
95000
95000
95080
98280
95000
95545
95000
95410
95125
95075
95330
95290
96935
95040
95490
95000
95000
95095
95000
95065
95000
96070
99275
95000
95325
95980
98995
95030
95060
95230
95000
95060
95000
95000
95155
95055
95020
95000
95005
95135
95000
95000
95175
95015
95550
95235
95070
96260
95065
95055
95000
97940
95205
95075
95000
95060
97630
95000
95210
95365
99740
95390
95145
95050
95210
95100
95065
95025
95015
95220
95000
95000
95000
95050
95230
95005
95130
95000
95035
95325
95075
95025
95140
95060
95015
95095
95470
95090
95000
95250
95000
95000
95255
95065
95010
95025
95185
95120
95000
95350
95015
95060
95020
96710
99095
95590
95000
95000
95130
95430
95130
95000
95000
95310
95350
95260
95225
95155
95025
95135
95070
95075
95140
95085
95000
95410
95000
99205
95005
95060
95075
95040
95060
95275
95000
95000
95075
95030
95205
95135
95140
95020
95220
95695
95020
95095
95040
98585
95045
95020
95000
95040
95000
95185
95000
95160
95185
99735
95015
95120
95190
95040
95000
95785
95060
95090
95100
95020
95500
95125
95115
95135
95000
95175
95000
97920
95000
95000
95210
95000
95000
95170
95000
97210
95350
95075
95020
95065
95585
99330
95165
95105
95040
95230
95095
95075
95015
95000
95025
95010
95075
95000
95150
95000
95035
95000
95000
95265
95270
95080
95025
95045
95035
95110
95020
95330
95000
95035
95055
95120
95000
95000
95275
97240
95000
95380
95085
99755
95130
95095
95305
95060
95175
95215
95080
95005
95000
95500
95000
95010
95200
95020
95060
95155
95000
95060
95055
96015
95125
95010
95000
95040
95175
95010
98815
95005
95110
95005
95020
95070
95115
95000
95265
95080
95000
95105
95070
95135
95035
95100
95365
95000
98100
95000
95245
95000
95315
95000
95135
95070
95000
95060
95210
95000
95000
95000
95025
95015
95425
95175
95090
95215
95640
95060
95155
95010
95050
95125
95080
95235
95145
95120
95205
95020
95105
95160
95110
95000
95000
95035
95065
95025
95130
95000
95200
95000
95000
95050
95210
95000
95085
95000
95555
95000
95365
95110
95000
95225
95495
95600
95245
95110
95000
95430
95030
95190
95115
95095
95640
95430
95140
95060
95000
95140
95085
95340
95640
95065
95085
95000
95120
95000
95300
95000
95125
95045
95250
95000
95140
97350
95005
95050
95070
95000
95140
95245
95040
95195
95025
95360
95050
95020
95000
95015
95960
95080
95615
95180
95010
95235
95475
99390
95125
95480
95000
95575
95345
95020
95000
95265
95420
95260
95105
95045
97295
95000
95000
95020
95000
95035
95340
95000
95065
95050
95045
95400
95465
95000
95135
95180
95450
99465
95040
98740
95000
95045
98150
95020
95060
95110
95105
95020
95165
95000
95000
95045
99185
95000
95250
95000
95080
95000
95015
95050
95310
95015
95000
95015
95025
95050
95160
96115
95320
96800
95000
95000
95000
95015
95090
95010
95040
95150
95290
95010
95005
95120
95190
95000
95000
95075
95005
95115
95145
95210
95120
95000
95020
95000
95050
95205
95160
95000
95025
95330
95900
95160
95325
97810
95000
97465
95180
95515
95190
95120
95000
95000
97055
95000
95075
95100
95000
95130
95085
95015
95085
95050
95045
95050
95015
95015
95015
95000
95055
95000
95155
95070
95000
95140
95165
95015
95090
95075
95145
95090
95100
95000
95205
95000
95090
95040
95100
95000
98725
95195
95050
95000
98665
95040
95065
95230
95035
95010
95130
99735
95000
95995
95025
99385
95000
96030
95975
95125
95075
98625
95000
95150
99600
95160
95065
95120
95070
95215
95065
95000
95015
95330
95145
95050
95000
95130
95190
95460
96580
95000
95020
95000
95025
95025
95135
95010
95015
95190
99095
95025
95005
95070
95500
96925
95000
95375
95010
95150
95010
95005
95060
95145
95415
95150
95040
95015
98185
95000
95000
95015
95150
95015
95610
95000
95155
95050
95000
95130
95010
95000
95000
95000
95015
95135
95005
95000
95000
95000
95090
95065
96540
95000
95010
95065
95075
95000
95000
95000
95030
95050
95075
95060
95130
95050
95155
95000
95340
95000
95025
95065
95060
95005
95070
95080
95065
95000
95025
95115
95530
95015
95130
95115
95090
95060
95010
95090
95070
95095
95000
95075
95210
99270
95465
95120
99210
95150
95040
95115
95310
95330
95080
95020
95305
95265
95000
95000
95075
95090
95110
95350
95235
95045
99745
95390
96985
95070
95025
95715
95000
95065
97325
95320
95160
95240
95010
95040
95085
95050
95000
95085
95025
95095
95355
95145
95030
95000
95245
99235
95555
95545
95010
95000
95235
95000
99210
95205
95105
95385
95375
95080
95000
96100
95040
95875
95075
95025
95510
95000
95120
95000
95270
95120
95180
95190
95170
95060
95000
95100
95075
95000
95000
95220
95060
95065
95220
95015
95000
95625
95155
95515
95160
95020
95005
95025
95370
95000
95000
95435
95000
95085
95180
95815
95420
95090
95040
95010
95100
95090
95505
95000
95155
96550
95150
95060
95140
95260
98520
95045
95085
98510
95175
96060
95135
95000
95200
95060
95305
95000
95000
95260
95065
99275
95000
96290
95065
95005
95230
95065
95000
95255
99195
95205
95495
95235
95020
95030
95115
95170
95005
95035
95155
95000
95255
95060
95485
95010
95050
95175
95135
95085
95010
95165
95000
95950
95000
98075
95175
95090
95000
95055
95000
95390
95130
95055
95100
99160
95240
95000
95145
95405
99660
95180
98730
95160
95175
95090
95005
95090
95505
95175
95155
95070
95090
95000
95175
95080
95155
95030
95035
95655
95000
95000
95805
95060
95040
95000
95000
95080
95085
95155
95000
95110
97290
95130
95005
95000
95145
95180
95085
98810
95085
95245
95310
95065
95160
95000
95005
95085
95175
95050
95000
95180
95200
99240
95200
95105
95000
95075
95020
95245
95470
95720
95045
95095
95000
95005
95600
95185
95110
95170
95000
95170
95225
95135
95000
95020
95000
95080
95085
95285
95215
95030
95000
95000
97015
95085
95005
95045
95360
95335
95185
95060
95000
95240
95410
95670
95095
99070
95035
95505
95340
95000
95120
95005
95050
95040
95865
95130
95055
95150
95090
95085
95020
95100
95090
95320
95140
95095
95030
95135
95000
95120
95140
95000
95075
95440
95000
95030
95210
95000
95020
95005
99430
95140
97040
95015
95170
95010
95035
95075
95035
95035
95000
95035
95140
95165
95485
95025
95260
95050
95235
95045
95870
95145
95000
95025
95000
95115
99570
99815
95130
95225
95120
95115
95000
95015
95030
95005
95395
95255
95260
95000
95110
95040
95190
95020
95140
95045
95175
95480
95000
95200
95045
95325
95000
95075
95570
95010
95180
95005
95195
95240
95000
95065
95100
95000
95030
95130
95160
95000
95155
95000
95175
95015
95105
95205
95000
95075
95110
95000
95000
95175
95075
95010
95010
95110
95100
95165
95000
95000
95020
95115
95005
95000
95140
95525
95305
95035
95000
95225
95040
95000
95065
95070
95160
95000
95080
95000
95110
95000
95040
95170
95255
95075
95000
95040
95195
95030
95205
95000
95090
95035
99280
95000
95000
96320
95245
95000
95155
95120
95855
95000
95060
95050
95035
95015
95105
95000
95005
95000
95000
95035
95000
95110
95000
95145
95200
95010
95075
95010
99690
95150
95060
95360
95050
95465
95000
95075
95160
95135
95055
95725
95000
95000
95000
95000
95130
95270
95010
95130
95110
95000
95085
95030
95010
95075
95270
95000
95000
95825
95000
95000
95005
95065
95120
95000
95075
95000
95000
95080
95265
95015
95025
95090
95000
95620
97410
95290
95120
95115
95255
95385
95015
95380
95205
95240
95025
95210
95110
95055
95280
95950
95155
95000
95505
95415
95330
95095
95015
95185
95235
96840
95410
95055
95675
95140
95065
95000
95025
95165
95110
95040
95120
95365
95045
95000
95065
95045
95090
95055
95130
95025
95345
95000
95075
95045
95025
95125
95005
95085
95000
97545
95640
95225
95015
95165
95010
95220
95210
96575
95000
95010
95020
95000
95220
95180
95270
95000
95050
95000
95000
95315
95090
95050
95180
95000
95115
95000
95000
95030
95090
95000
95105
95375
95000
95000
95000
95035
95035
95150
95060
97770
95070
95210
95115
95000
95755
95070
95000
95065
95000
95330
95080
95055
95055
95000
95115
95000
95065
95030
95045
95070
95085
95045
95000
95015
95090
95500
95140
95160
95180
95000
95175
95000
95000
95170
95325
95535
95240
95195
95000
95450
95060
95140
95455
95020
95000
95015
95000
95015
95250
95045
96335
95000
95140
95190
95265
95240
95195
95260
95050
95485
95050
95110
95230
95000
95045
95075
95065
95440
95125
95000
95000
95020
95180
95140
95000
95155
95005
95065
95000
95265
95080
95000
95045
96025
95325
95025
95040
95480
95170
95015
95060
95070
95070
95265
95055
95390
95260
95180
95050
99835
95000
95220
95160
95835
95050
95145
95020
95035
95000
95000
95035
95000
95290
95010
95395
95000
95240
95000
95055
95000
95250
95130
95355
95015
95000
95000
95000
95670
95000
95000
95180
95060
95075
95115
95110
95055
95080
95000
95020
95075
95040
95000
95070
95035
95015
95270
95180
95090
95080
95565
95185
95205
95070
95000
95155
95020
95140
95115
95160
95315
95190
95015
95030
95165
95370
95455
95075
95105
95000
95330
95080
95070
95035
95205
95335
95060
95075
95060
95000
95015
95105
95130
95260
95090
95245
95005
95940
95005
95070
95155
95340
95000
95000
95385
95105
95270
95040
95045
95025
95070
95050
95095
96720
95000
95095
95075
95080
99850
95060
95190
95010
95000
95000
95000
95095
95070
95905
95085
95750
95025
95055
95130
95190
95070
95080
95435
95035
95060
95710
95130
95030
96430
95160
95560
95020
95120
95065
95120
95000
95040
95120
95510
95000
95000
95120
95025
95015
95235
95070
95000
95190
95050
95005
95030
95060
95175
95000
99095
95000
95715
95115
95000
95630
98990
95100
95000
95000
95030
95050
95015
95090
95305
95000
95160
95375
95110
95190
95080
95115
95095
95100
95000
95015
95105
95015
95160
95035
95480
95315
95140
95020
95165
95010
95055
95250
95000
95060
95000
95065
95000
95640
95000
95000
95000
95045
95055
95070
95000
95000
99810
95315
95000
95000
95590
95000
95015
95000
95140
95025
95000
95075
95055
95045
95305
95155
95030
95070
95200
95070
95135
95010
95070
95000
95020
96015
95000
95000
95000
95085
95030
95120
95185
95215
95095
95150
95145
95000
95270
95175
99510
95095
95115
95055
95075
95680
95330
95070
95000
95015
95105
95010
95000
95110
95205
95240
95825
95010
95200
95270
95000
95045
95025
95755
95045
95165
95460
95070
95085
95040
95055
95015
95110
95305
95120
95000
95230
95000
95475
95115
95045
95000
95115
95220
95155
95000
95005
95090
98730
95185
95075
95045
95075
95055
95170
95230
95000
95070
95075
95015
95020
95060
95035
95000
95040
95055
95835
95020
95055
95000
95000
97225
95035
95000
99350
95100
95000
95520
95040
95130
95020
95080
95065
95000
95165
95000
98350
95000
95045
99755
95375
95260
95045
95065
98975
95000
95110
95245
95015
95180
95000
95085
95735
95010
95045
95175
95135
95025
95175
95015
95745
95015
95360
99725
95000
95155
95000
95120
95025
95215
95380
95030
97220
95190
95130
95015
95400
95485
95045
99650
95180
95175
95095
95105
95000
95140
95000
95040
95195
95110
95045
95195
95045
95000
95020
95390
95980
95170
95320
95030
95000
95030
95050
95000
95685
95150
95290
95000
95770
95555
95000
95050
95055
95065
95035
95025
95115
95255
95340
98155
95080
95625
95010
95235
95045
95090
95195
95025
95765
95025
95000
95075
95100
95080
95075
95055
95000
95105
95080
95000
95010
95090
95115
95000
95030
95050
95020
95145
95040
95000
95020
98420
95045
95035
95000
99145
95140
95325
95000
95235
95000
95080
95200
99015
95255
95080
95170
95270
95065
95215
95055
95020
95000
95315
95090
95275
95025
98035
95285
95200
95070
95190
95040
95130
95000
95310
95000
95255
95005
95000
95075
95010
95050
95355
95120
95000
95035
95000
95000
95270
95000
95120
95050
95095
95225
95015
95000
95005
95035
95425
95000
95040
95070
95000
95150
95065
95045
95075
95000
95000
95070
95000
95005
95015
95225
95450
95000
95000
95285
98125
95050
95195
95170
97975
95330
95230
95000
95000
95005
95000
95085
95210
95160
95255
95000
95100
95000
95155
95060
95230
95000
95090
95060
95110
95030
95000
95100
95095
95000
95000
95060
95025
95060
95545
95190
95475
95060
96535
95790
95040
95120
95030
95025
95050
95040
95095
95110
95015
99405
95060
95080
95110
95220
95000
95030
95190
95045
95470
95000
95000
95640
95000
95110
95020
95275
95060
95270
97410
95035
95210
95000
95205
95000
98240
95010
95055
95000
95150
96975
95220
95040
95350
95000
95565
95005
95000
95015
95080
95210
95410
95410
95000
95035
95030
95055
95085
95335
95000
95085
95020
95000
95220
95300
95150
95005
95035
96800
95205
95000
95110
95110
95240
95005
95260
96255
95000
95000
95030
95000
95085
95055
95120
95435
95060
95075
95105
95105
95000
97035
95065
95065
95055
95000
95140
95000
95025
95130
95000
95075
95340
95085
95120
95005
95060
95140
95050
95065
95000
95000
95245
95295
95125
95110
95050
95400
95385
96370
95000
95055
95000
95070
95385
95035
99365
95010
95150
96100
95855
95765
95210
95070
95030
95000
95340
95060
95065
95075
95105
95060
95075
99290
95105
95230
95335
95000
95205
95285
96320
95000
95360
99760
95210
95130
95035
95000
95000
95055
95175
95020
95000
95385
95275
95040
95065
95300
95365
95070
95015
95195
95170
95070
95000
95100
95305
95000
99540
95085
95105
95055
95000
95175
95380
95145
99640
95075
95240
95125
95000
95500
95005
95225
95575
95000
95000
95415
95215
95780
95040
95020
95000
95000
95010
95105
95270
95170
95140
95165
95125
95030
95015
95010
95010
95320
95070
95205
96605
96795
95000
95000
95000
95205
95000
95000
95210
95240
95040
95220
95335
95255
95020
95000
95005
95020
95000
95195
95000
95005
95030
95355
95000
95035
95000
95060
95085
95000
95720
95365
95880
95050
98610
95025
95055
95000
95385
95015
95000
95225
95005
95000
95000
95030
95150
95120
95080
95025
99495
95000
95295
95045
95000
99380
95155
95165
95000
95000
95185
95000
95000
95240
95250
97320
95075
95070
95050
95430
95000
95005
95000
95040
98910
95045
95005
95040
95065
95080
95100
95205
95005
95010
95125
95085
95190
95015
95235
95105
95030
95015
95000
95000
95250
95065
95285
95065
95155
95105
95030
95000
95240
95170
95755
95000
95025
96405
95000
95000
95145
95300
95510
95000
95275
95000
95080
95135
95055
95030
95180
95240
95000
95160
95365
95250
95010
95520
97845
99215
95175
95480
95005
95010
95050
95325
95105
99165
95100
95305
95940
95040
95000
95110
95020
95015
95035
95030
95000
95025
95155
95010
95085
95170
95000
95045
95000
95330
95000
95175
95110
95025
95080
95060
95000
95010
95000
99545
95720
95155
98635
95395
95045
95255
95000
99375
95015
97000
95000
95015
95145
95000
95000
95000
95075
95070
95395
95130
95235
95000
95000
95580
95005
95025
95030
95015
95000
95165
95235
95000
95090
95170
95185
95800
98540
95010
95000
95095
95110
95135
95005
95000
97415
95090
95005
95615
99110
95035
95315
95180
95020
95020
95060
95015
96215
95000
95040
95495
95060
95000
95210
95000
95015
95420
95080
95200
95000
95425
97450
95000
95030
95085
95000
95000
95180
95000
95125
95000
97295
95340
95000
95045
95000
95090
99405
95035
95140
95025
95000
95000
95925
95160
95000
95635
95375
95540
95085
95160
96820
95045
95480
95000
95035
95255
95170
99355
95000
95095
95080
95000
95030
95020
95000
95005
95000
95005
95035
95090
95070
95175
99480
95275
95705
96335
95295
95000
95335
95535
99670
95110
99415
95000
95105
98905
95000
95245
97500
95240
99720
95270
95000
95125
95630
95175
95180
95110
95355
95020
95180
95260
95005
95165
95010
95000
95000
95130
95000
95120
95160
95000
95030
95000
95340
95000
95010
95355
98665
95255
95000
95525
95010
95175
95000
95105
95300
95025
95120
95815
95105
95000
95150
95100
95070
95000
95190
99345
95045
96230
95135
95000
95365
95190
95075
95115
95015
95010
95220
95235
95010
95065
95115
95090
95305
95500
95205
95000
95290
95055
95000
95135
95180
95260
99035
99565
95010
95330
95085
95345
95115
95000
95000
95000
95210
95000
95185
95000
95000
95105
95205
95000
96595
95460
95175
95000
95310
98380
95140
95125
97165
95210
95520
95225
95015
95190
95050
95000
95045
95000
95070
95050
95070
95000
95050
95095
95000
95000
95050
95015
95000
95055
95000
95125
95000
95125
95000
95000
95085
95010
95000
95070
95070
95055
95210
95070
95090
95000
95040
95090
95015
97985
95000
95035
95185
95000
95040
95000
95000
95130
95010
95000
95045
95080
95160
95020
95095
95000
95155
95205
95195
95000
95000
95065
95065
95015
95000
95160
95045
95150
95210
95080
95140
95240
95430
95000
95000
95180
95010
95050
95010
95000
95000
95045
95370
95060
95045
95035
95050
95305
95000
95155
95000
95015
95035
95100
95070
97750
95300
95235
95240
95005
95000
95000
95120
95035
95145
97275
95190
96245
95010
95000
95270
97810
95000
95145
95020
99225
95000
95090
95385
95270
95295
95000
95055
95135
95310
95430
95075
95020
95250
95055
96820
95000
95015
95080
95055
95000
95005
95185
95000
99070
95000
95160
95070
95145
95165
95025
95100
95100
95000
95220
95030
95175
95000
95080
95035
95325
95000
95000
95180
95000
97220
95315
95000
95075
95070
95010
95085
95310
95060
95000
95075
95115
95040
96460
95005
95040
95000
95185
95370
99085
95130
95070
95000
95005
95075
95095
95155
95160
99235
95795
95055
95140
95165
95245
95165
95005
95000
95345
96735
95045
95085
95000
95000
95130
95230
95030
95325
95030
95000
95000
95000
95140
95080
95865
95065
95005
95000
95070
95020
95070
95000
95000
95000
96945
95085
95040
95065
95150
96110
95000
95050
95020
95010
95860
95055
99660
95000
95140
95375
95000
95095
95000
95915
95360
95120
95010
95785
95080
95090
95275
95130
95000
95120
95065
95015
95045
95000
95000
95225
95000
95000
95220
95000
95080
95240
99225
96090
95160
95065
95000
95215
95025
95075
95085
95000
95000
95000
95135
95010
95000
95105
95340
95015
95125
95000
95000
95130
95105
95080
95220
95000
95000
95195
95285
95000
95140
95090
95125
95005
95000
95050
95090
95255
95445
95000
95000
95025
95055
95035
95200
96950
95000
95305
95050
95000
95080
95000
95270
95225
95000
95050
95350
95200
95030
95410
95015
95000
95265
95175
95015
95200
95000
95380
95075
95000
95020
95110
95000
95000
95280
95145
95000
95050
95000
95115
95135
95040
95020
95080
95010
95080
95000
95125
95150
95045
95025
95065
95000
95145
95110
95115
95000
95910
95030
98085
95050
95215
96105
95035
95105
95560
95175
95410
95100
95000
95090
95085
96115
95190
95785
95040
95085
95010
96405
95085
95365
95000
99455
95025
95040
95180
95085
95045
95005
95000
95000
96945
95000
95065
95015
95000
95150
95235
95385
95185
95000
95345
95000
95160
95040
95080
95190
95470
95000
95095
95340
95030
95030
95000
95000
95190
95000
95060
95000
95110
95075
96795
95025
95000
95000
95000
95480
95080
95210
95110
98615
95360
95000
95215
95085
95050
95000
95060
95025
95145
95090
95160
97010
95020
95000
95200
95040
95000
95140
95000
95000
95145
95165
95370
95045
95065
95135
95275
95250
95770
95145
95020
95810
95240
95045
95160
95170
95040
95000
95720
95070
95845
99610
95000
95000
95115
95000
95570
95105
95490
95000
96050
95380
95120
95110
95085
95090
95055
95010
95635
95000
95000
95065
95195
95000
95225
95370
95060
95115
95010
95000
95460
95000
95070
95070
95000
95215
95000
95005
95000
95055
95000
95340
95260
95210
95155
95275
95000
95270
95145
95005
95115
95120
95170
95000
95020
95000
95115
95035
95125
95395
95105
95000
95000
95000
95245
95140
95160
99330
95215
95005
95200
95000
95055
95000
95190
95145
95025
95030
95005
95005
95070
95845
95435
95000
95325
95000
95155
95465
95135
95015
95065
95000
95030
95000
95000
95000
95020
95260
96265
95565
95815
95000
95160
95210
95065
95485
95525
95495
95045
95045
95145
95000
95050
95250
95055
95000
95035
95315
95100
95195
95000
95000
95000
95335
95115
95475
95055
95000
95030
95085
95045
95075
95565
95395
95000
95415
95125
95115
95045
95275
95015
95000
95000
95095
95465
95150
95000
95005
95115
95050
95000
95045
95150
95000
95410
95320
95000
95275
95210
95195
95000
95075
95030
96190
95000
95100
95060
95000
95010
95000
95155
95070
95065
95120
95015
95050
95015
95000
95010
96220
96055
95220
95000
95215
95000
95070
95125
95175
95090
95000
95055
95000
95015
95000
95035
95220
98640
95085
95225
98370
95040
95000
95060
95145
95260
95135
95000
95125
95190
95210
95015
95000
95050
95565
95000
95010
95110
95150
95135
95290
95310
95690
95085
99165
95020
95100
95630
95010
95160
98060
95015
95515
95000
96570
95095
96115
95080
95490
97155
95055
95075
95175
95000
95315
95260
95000
95035
95085
95000
95000
95005
95015
95190
95000
95250
95035
95005
95220
95055
95120
95065
95060
95000
95310
95330
95305
95155
95000
95000
95000
95000
95255
95035
96415
95015
95055
96530
95000
95675
95085
95115
95240
95000
95000
95005
95000
95940
95250
95595
95085
95030
95000
95205
96770
95035
95000
95110
95050
95030
95140
95040
95080
95000
95075
95035
95090
99305
95000
95000
95035
95330
95055
95320
95095
95060
99290
95015
95180
95000
95000
95000
95000
95040
95020
95015
95065
95045
95010
95230
95720
95015
98875
95065
95070
95010
95280
95730
95070
95060
95325
95025
95000
95545
95190
95000
95000
95220
95000
95080
95260
95000
95005
95235
97170
95070
95555
95055
95015
95375
95175
95000
95230
95030
95020
95020
95000
95070
95035
95390
95000
95030
95080
95050
95015
95040
95255
95390
95080
95055
95220
95215
95105
95060
95035
95045
95000
95045
95340
95030
95000
95000
95040
95015
95290
95490
95030
95030
95180
95000
95130
95000
96805
95185
95030
95080
95040
95210
95010
95005
95000
95260
95245
95055
95030
95025
95735
95470
95360
95165
95000
95020
95000
95335
95040
95000
96000
95005
95155
96980
95115
95205
95000
95025
95210
95030
95000
95060
95245
98510
95080
95000
95200
95255
95550
95015
95000
0
95095
95000
95155
95140
95095
95005
95040
98560
95000
95100
95000
95130
95105
95040
95330
95105
95000
95250
95000
95000
95520
95000
95495
95000
95000
95210
95185
95175
95165
96675
95080
95005
95275
95010
95180
95105
95000
95015
95035
95000
95235
95125
95000
95000
95010
95720
95030
95165
95000
95040
95270
95125
95000
95110
95000
95210
95180
95240
95020
95190
95325
95005
95275
97775
95000
95000
95040
95125
95255
95260
95000
95255
95985
95000
95000
95210
95000
97890
95000
95030
95070
95940
95030
95000
95240
95215
95000
95470
95000
95050
95000
96960
95000
95245
95310
95015
95050
96645
95000
95135
95150
95265
95000
95195
95020
95235
95000
95095
95255
95120
95040
95080
95175
96035
95115
99580
95205
95480
95220
95000
95000
95315
95000
95000
95045
95010
95250
95025
95050
95200
95005
95000
95000
96325
95445
95000
99610
95020
95070
95005
99635
95040
95290
95360
95280
95040
95000
95060
95015
95055
95000
95145
95050
95125
95295
96930
95000
95045
95000
95000
95065
98575
95205
95000
95175
95140
95220
95130
95000
95940
95015
95575
95250
95075
95000
95790
95090
95000
95300
95080
95270
95000
95165
95265
95130
95190
95210
95000
96030
95080
95610
95030
95060
95080
95000
95270
95000
95000
95010
95035
95190
99630
95840
95455
95000
95000
95100
95065
96675
95345
95050
95120
99500
95025
95000
95315
95220
95440
95065
95200
95415
95000
95000
95045
95005
95000
95150
95015
95000
95000
95000
95005
95000
95020
95380
95020
95005
95000
95025
95010
95000
95035
95145
95205
95000
95420
95285
95055
95000
95070
95015
95170
96970
95290
95260
95190
95440
96405
95060
95355
95620
95060
95155
95120
95300
95105
95190
95015
95010
95030
95005
95000
95055
95175
95020
95010
95020
95190
95575
95460
95205
95000
95125
95080
95465
95000
98715
96335
95205
95000
95125
95040
95055
95140
95145
95060
95005
95210
95060
95250
95005
95250
95000
95115
96125
95030
95215
95070
98000
95030
95110
95055
95000
95015
95240
95070
95075
95020
95070
95255
95000
95170
96125
95265
95370
95195
95105
96700
95000
95160
95085
95015
95065
95100
95295
95000
95120
95040
95000
95115
95055
95000
95000
95075
95195
95095
95000
95225
95040
95045
95180
99305
95250
95065
95045
95000
95300
95010
95205
95070
95020
95195
95015
95130
95250
95000
95135
95080
97420
95355
95170
95000
95210
99560
95240
95080
95070
95000
95000
95100
95630
95000
95045
95185
95070
95060
95065
95030
95050
95155
99605
95335
95000
95000
95120
95070
95065
95175
97630
95000
95115
95060
95060
95085
95000
95185
95205
99220
95060
95070
95005
99760
95050
95415
95055
95095
95025
95070
95150
95000
95095
95000
95025
95000
95010
95140
95020
95035
95000
95080
95055
95080
95040
95010
95060
95135
95060
95000
95100
95020
95060
95050
95005
95005
95000
95935
95050
95200
95135
95115
99320
95085
95320
95095
95300
95030
95035
95360
95255
95045
95030
95020
95070
95035
95000
95350
95000
95000
95005
95070
95000
95065
95000
99330
95205
95000
95080
95060
99045
95285
95090
95025
95020
95005
95015
95200
95090
95000
95055
95000
95000
95210
95160
95005
95050
95325
95330
95125
95065
95285
95000
95015
95035
95070
95210
95065
95050
95000
95000
95000
96380
95080
95080
95070
95005
95005
95220
95065
95000
95005
95045
95165
95960
95140
95095
95045
95050
95110
95030
95045
95000
98760
96590
95755
95000
95190
95000
95825
95135
95175
95000
95015
95000
99065
95000
95285
95225
95000
95030
95380
95045
95185
95465
95930
95190
95000
95025
95175
95000
95015
95005
95020
95415
95065
95145
95135
95065
95270
95300
95000
95045
95015
95000
95025
96080
95000
95175
95135
95835
95075
95130
95000
95000
95040
95040
95120
95000
95000
95775
95020
95095
95000
95085
95470
95080
95040
95460
95005
95105
95065
95000
95175
95020
95080
95315
95020
95030
95305
95205
95055
95255
95360
95215
95230
95145
95085
95060
96450
95000
95110
95300
95250
95080
95000
95125
95000
95000
95170
95000
95740
95000
95080
95110
98810
95000
95050
95160
95065
95000
95005
95045
95055
99165
95205
95010
95050
95080
95190
95005
95195
95120
95110
95000
95000
95055
95000
95160
95065
95120
95250
95190
95090
95270
95070
95000
95000
95000
95230
95000
95025
95185
95000
95155
95160
95050
95020
95080
95000
95000
95150
95000
95045
95000
95200
95005
95000
95080
95000
95000
95190
97590
95000
95220
95000
95065
95345
95030
95060
95070
95060
95070
95000
95280
95780
95090
95000
95090
95000
95290
95050
95025
95110
95050
95050
95015
95410
98650
95010
95020
95000
95215
95000
95220
95325
95000
95000
95000
95000
95025
95060
95135
95000
95030
95280
95000
95620
95120
95030
95245
95870
95240
95000
95225
95025
95095
97830
95000
99240
95180
95800
95345
95035
99110
96170
95275
95025
95055
95175
95000
95085
95000
99845
95085
95000
99730
95000
96490
99440
95080
95010
95095
95100
95370
95305
95000
95070
95000
95035
95000
95195
95125
95000
95000
95000
95015
98385
95190
99170
95015
95065
95000
95190
95000
95205
95000
95370
95340
95160
95175
95170
95170
95240
95105
95255
95270
95640
95110
95000
95000
95325
95105
95175
95030
95025
95040
95305
95335
95000
95015
95050
95170
95035
95085
95000
95045
95095
95150
95085
95140
95160
95000
95050
95255
95230
95030
95010
95000
95015
95050
95105
95380
95000
95075
96005
95120
95000
95000
95055
95215
95070
95060
95000
95095
95130
96010
95040
95070
95005
95315
95000
95805
95000
95045
95545
95365
95000
95000
95175
95000
95295
95000
95000
95215
95905
95115
95195
95000
95000
95010
95075
95105
95000
95115
95325
95040
95040
95200
95635
95010
95185
95270
95145
95025
95255
95075
95000
95355
95210
95000
98740
95000
95000
95410
95060
95090
95000
95000
95000
95035
95260
95050
95175
96430
95180
95095
95000
95140
95090
95130
95220
95015
95000
95000
95080
95145
95185
95525
95000
95390
95035
95040
95000
95045
95175
95040
95025
95240
95000
95105
95545
95580
95030
95515
96945
95000
95570
95300
95000
95610
95000
95005
95130
95160
95200
95000
95165
95000
95000
95215
95290
95135
95055
95045
95270
95000
95000
95610
95000
95060
95065
95070
95120
95065
95045
95160
97060
95000
95035
95010
95000
95010
97340
95160
96515
95105
95130
95035
95145
95000
96755
99360
95050
95000
95000
95010
95020
95000
98120
95035
95155
95155
95000
95000
95085
95770
95020
95200
95290
95040
95165
95000
95065
95195
95060
95125
95040
95010
95505
95140
95015
95130
95055
95145
95135
95100
95005
95070
95005
95000
95045
95000
95000
95465
95035
95035
95020
95015
95000
95000
95140
95340
95105
95635
95330
95005
95010
95055
95000
95000
95000
95130
95085
96845
95080
95050
95120
99420
95120
95405
95100
99050
95160
95060
99740
95505
95020
95160
95000
95000
95065
95000
95010
95010
95000
95180
95085
95000
95165
95260
95005
95020
97845
95310
95000
95905
95290
95020
95390
95560
95105
95590
95085
95000
95255
95120
95000
95070
95000
95130
95040
95250
95010
95350
95000
95110
95000
95320
95270
95095
95330
95155
95595
95050
95025
95040
95065
95185
95055
95135
95050
95240
95000
95205
95045
95230
95050
95285
95695
95230
95050
95000
95050
95030
95205
95405
95265
95000
99310
95130
95000
99395
95815
95055
95000
95005
95000
95040
95000
95005
99760
95095
95100
95000
95260
95000
95000
95355
98780
95110
95020
95290
95060
95065
95045
95495
95000
95260
95110
95055
95265
95150
95040
95095
95000
95030
95385
95000
95020
95135
95000
95465
95025
95115
95095
95025
95010
95020
95175
95065
95400
95200
95285
95170
95365
95000
95000
95210
95100
95235
95035
95255
95450
95005
95025
95095
95545
95200
95100
95000
95020
95260
95110
95030
96850
95025
95000
95000
95000
95025
95000
95310
95000
95045
95040
95135
95000
95155
95035
95185
95080
95030
95130
95065
95145
95030
95220
95450
95210
95000
95110
95000
95050
95050
95000
95010
95145
95875
96935
95000
95075
95005
95120
95070
95000
95000
95180
95000
95000
95085
95055
95035
95030
95380
95040
95035
96455
95265
95000
95040
95330
99315
95030
95160
95000
95000
95165
95115
95025
95250
95050
95540
95000
95175
95055
95145
95005
95140
95075
95050
95035
95180
95250
95025
95145
95120
95000
95000
95000
95185
95040
95015
95040
95000
95000
95190
95005
95015
95000
96120
95190
95140
95075
95215
95055
95085
95160
95125
95440
95000
95015
95325
95070
95040
95000
97250
95000
95000
95070
95080
95015
96065
95000
95035
95170
95000
95155
95135
95425
95195
95035
95000
95130
95015
95025
95030
95330
95365
95045
95000
95040
95000
95085
95000
95000
95000
95235
96095
95395
95160
95015
95000
95000
95105
95105
95080
95070
95200
95215
95125
95160
95030
95235
95000
95050
95020
95000
95025
95085
96650
99280
95065
95065
95055
95000
95260
95005
95000
95000
95050
95240
95000
95210
95075
95175
95000
95000
95175
95315
95120
95340
95070
95125
95060
95000
95000
95160
95000
95060
95000
95075
95000
95375
95085
95230
95000
95000
95560
95030
95035
95070
95000
95000
95095
95005
95110
95040
95050
95005
95110
95030
95325
95080
95240
95000
95190
95000
95000
95005
95120
95015
95105
95000
95095
95680
95000
95080
95100
95105
95090
95000
95000
95015
95000
95025
95020
95145
95025
95000
95080
95045
95285
95000
95090
95050
95055
95110
95035
95000
95040
95040
99560
95195
95000
95100
95150
95000
95460
95000
95150
95010
95335
95075
95000
95000
95080
95290
95100
95480
95045
95125
95195
95160
95185
95055
95000
95000
95160
95005
95150
95000
95000
95000
96955
95000
95535
95240
95000
95115
95105
95105
95020
95375
95220
95000
95000
95000
95000
95015
95095
95035
95055
95035
95330
95420
95315
95515
95105
95095
98675
96515
95050
95165
95000
95155
99215
95000
95065
95095
99495
95000
95000
95120
95315
95250
95025
95675
95040
95000
95140
95015
95240
95000
95000
95000
99530
95380
95000
95010
95005
95110
95605
95000
95040
95000
95005
95295
95100
95000
95005
95075
95220
97685
95035
95085
95025
95000
95565
95030
95010
95175
95315
95005
95000
95375
95295
95400
95105
95090
95055
95125
95000
95450
95550
95135
95080
95065
95125
95360
95010
95050
95310
95310
95000
95000
95000
96130
95140
95000
95010
95000
95040
95055
95010
95060
95810
95070
95280
95075
95075
95055
99360
95000
95100
95040
95000
95000
95360
98800
95000
95095
95115
95130
95000
95000
95035
98720
95210
95490
95380
95000
95105
95020
95000
95000
95940
95125
95070
95070
95145
95000
95000
95000
95000
95000
95300
95110
95520
95125
95090
95080
98675
95015
95000
95000
99200
95160
95015
95000
95045
95125
95030
95000
95120
95190
95000
95005
95025
95000
95465
95000
95000
95000
95065
95000
95145
95020
97475
95020
95100
95000
95030
95165
95130
95080
95175
95000
95035
95030
95190
95360
95890
95165
95110
95000
95040
95020
95000
95010
95045
95160
95055
95050
95045
95000
95050
95000
95130
95105
95075
95070
95135
95025
95150
95000
95395
95410
95010
95335
95000
95175
95195
95000
95230
95025
95145
95000
95270
95045
95185
95025
95270
95115
95090
95010
95025
95080
95050
95000
95190
95175
95265
99740
95000
95025
95195
95020
95310
95000
95085
95290
95075
95035
95045
95190
95240
95115
95010
95025
95105
95080
95000
95000
95000
95010
95000
95105
95180
95310
95000
95045
95120
95190
95075
95520
95065
95085
95155
95000
95065
95160
95090
95030
95075
95000
95255
95000
95035
95225
95070
95350
95000
95080
95035
95255
95805
95095
95330
95270
95995
95050
99595
95000
95025
95045
95015
95025
95000
95030
95125
95205
95160
95055
95675
95000
95000
95455
95145
95500
95095
95065
95275
95035
95000
95205
95090
95030
95000
95000
95015
95000
95000
95135
95090
95000
95080
95130
95045
95050
95240
95065
95040
95190
99595
95355
95030
95060
95305
95770
95780
95105
95015
95080
95115
95095
95060
95000
95065
95010
95000
95000
96810
95010
95120
95055
95050
95000
95020
95005
95100
95335
95000
95135
95025
95005
95580
95015
95030
95075
95005
95000
95180
95050
95215
95230
95190
95055
95000
95275
95560
95125
95225
95055
95000
95035
95775
95175
95225
95000
95210
95125
95075
95040
95000
95305
95000
95095
96435
95010
95025
95000
95000
95065
95050
95245
95085
95000
95005
95075
95005
99510
95090
95000
95000
95265
95130
95060
95250
95000
95015
95000
95110
95205
95120
95155
95000
95000
95000
95000
95000
95000
95000
95000
95015
95000
95380
95230
97160
95155
95010
95000
95120
95000
95190
95070
95150
95000
95315
95085
95000
95160
95340
95430
95605
95630
96445
95070
95000
95025
95135
95245
95000
95000
95020
95000
95015
95070
95300
95250
95095
95075
97290
95050
95065
95265
95015
95065
95095
95195
95180
95000
95000
95905
95540
95105
95015
95000
95075
95165
95030
95000
96220
95385
95035
98745
95025
95065
95165
95255
95125
95045
95000
95060
95255
95015
95225
95185
95040
95175
95105
95000
95000
95245
95525
95260
95105
95000
95010
95025
95060
95575
95065
95000
95165
95000
95015
95135
95215
95230
95000
95150
95270
95010
95065
95060
95040
95000
95000
96550
99810
95110
95000
95000
95035
95025
95000
95470
95085
95080
95150
95080
95055
95000
98350
95045
95105
95040
95060
95110
95010
95015
95185
98940
95075
95095
95325
95145
95000
95165
95115
95060
95000
95000
95045
95225
95180
95000
95390
95360
95055
95230
97315
95000
95590
95075
95230
95000
95065
95135
95005
95000
95205
95375
95175
95160
95015
95035
95450
95120
95050
95000
96685
95000
95010
95060
96795
95050
95000
95005
95140
95075
99325
95125
95000
95025
96285
95010
95055
95050
95085
95000
95215
95000
95155
95385
95075
95255
95135
95115
95025
95000
95000
95000
95130
95200
95325
95030
95000
95105
95030
95400
95070
95080
95000
95000
97250
95000
95105
95000
95050
95000
95300
95000
95335
95080
95075
95125
95000
95050
95000
95000
95000
95220
95060
95025
95000
95000
95335
95020
95220
95000
95085
95145
95530
95185
95320
95155
95050
95085
95380
99555
95275
99775
95030
95040
95000
95180
95250
95105
95940
95000
95000
95035
95000
95205
95025
95430
95975
95000
95120
95205
95005
95105
95040
95200
99320
95080
95025
95240
95020
95330
95060
95000
95040
97665
97915
95140
95550
95010
95105
95000
95115
95165
95035
95200
95140
95000
95005
95015
95000
95000
95640
95250
95525
95000
95185
95130
95220
95125
95090
95035
95000
95000
95145
95115
95000
95120
95220
95120
95040
95000
95000
95000
95050
95005
95000
95435
95185
95025
95065
97220
95260
95115
95155
95065
95025
95200
95000
95070
95000
95040
95110
95630
95000
95085
95260
95000
95150
95005
95495
95020
95000
95010
95000
95000
95385
95000
95030
95075
95000
95015
95185
95025
95070
95010
95510
95250
95000
95045
95135
95000
95000
95100
95015
95370
95015
95020
95000
95115
95170
95080
95000
95050
95105
95050
95080
95290
95000
95115
95120
95000
95305
95075
95000
95075
95000
95250
95195
95000
95200
95035
95050
95125
95055
95205
95200
95025
98820
95000
95000
95090
95095
95235
95535
95395
95000
95000
95055
95000
95050
95000
95190
95000
95125
95335
95095
95090
95000
95205
95115
95005
95435
95000
95000
95185
95165
99860
95155
95000
95035
95040
95135
95030
95115
95000
95180
95425
95005
95205
95000
95275
95170
95250
95305
95015
95000
95000
95120
95200
95210
95045
95165
95800
95025
95050
95350
95010
95115
98870
95040
95420
95045
95000
95070
95080
95145
95195
95335
95000
99445
95185
95000
95405
95000
95000
95000
95375
95310
95000
95020
95000
95000
95100
95550
95050
95000
95035
95000
95055
95000
95190
97560
95135
95000
95135
95100
95000
95185
95020
95000
95000
95180
95000
95000
95160
95040
95035
95205
95000
95465
95000
95470
95015
95430
95250
95000
95105
95020
95090
95160
95210
95110
95050
95295
95045
95010
95040
95080
99785
95000
95235
95000
95060
95190
95350
95000
95155
95375
95200
95020
95155
95515
95165
95200
95080
95000
95580
95000
95065
95550
95030
95070
95000
95005
95070
98960
95075
95690
95125
95455
95020
95110
95000
95170
95060
95070
95000
95180
95045
95000
95055
95125
95105
95000
95000
95000
95075
95245
95430
95025
95010
95100
95125
95090
95700
95000
95070
95000
95095
95125
95025
95000
95000
95140
95025
95375
95245
95070
95580
95015
95200
95180
95020
95010
95000
99235
95275
95185
95180
95050
95000
95000
95610
95000
95005
99485
95320
95030
95000
95000
95080
95000
95045
99500
95045
95155
95080
95000
95000
95515
95045
95000
95075
95385
95000
95205
95145
95010
95555
95205
95330
95000
95000
95020
95135
95190
95000
95000
95000
95005
95035
95090
95190
95170
95010
95175
95000
95000
95010
95000
95495
95000
95145
95250
95140
95415
95115
95000
95010
95040
95470
95000
95000
95080
95040
95355
95000
95085
95145
95095
95280
95160
95085
95535
95000
95075
95030
95145
95080
95125
95020
95165
95105
95050
95000
95155
95010
95070
95005
95260
95060
95400
95000
95345
95185
95000
95195
95000
95055
95005
95000
95000
95000
95050
95100
99730
95165
95025
95000
95200
95255
95135
95000
95035
95185
95065
95055
95070
95065
95160
95000
95335
95070
95015
95000
95075
95220
95110
95020
99035
95005
95215
95185
95120
95000
96555
95115
95000
95000
95430
95580
95035
95025
95295
95145
95030
95635
95000
95040
99265
95065
95195
95030
95060
95110
95000
95125
95105
95195
95175
95000
95235
95000
95110
95160
95435
95000
95175
95030
95165
95000
95075
95310
95190
95080
95065
95125
95275
95280
95385
95415
95000
95140
95010
95635
95000
95085
95220
95130
95035
95000
95290
95210
95070
95200
95000
95070
95175
95000
95170
95005
95165
95175
95255
95060
95080
95125
95270
95000
95000
95045
95260
95275
95180
95365
95190
95070
95115
95060
95080
95055
98670
95085
95160
95045
95000
95220
95060
95070
95000
95135
95000
95085
95055
95000
95300
95300
95040
95000
95040
95065
95325
95105
95040
95175
95790
95325
95130
95000
95120
95000
95065
95005
95055
95185
95275
95485
95250
95065
95030
95000
95000
95145
96010
95000
95100
95075
95505
98595
95200
95000
95025
96520
95265
95355
95090
95100
95080
95000
95255
95100
95065
95065
95090
95050
95000
95875
95455
95030
95000
95040
95195
95035
95070
95060
95070
95015
95060
95035
95020
95000
95015
95290
95635
95080
96335
95000
95135
95065
95000
95090
95090
95050
95155
95310
95245
95110
95005
95080
95210
95235
95000
95140
95010
95105
95005
95055
95065
95105
95000
95095
95010
95000
95025
95325
95055
95240
95140
95000
95000
95440
95095
95035
95255
96085
95055
95075
95610
95365
95460
95090
95000
95000
95150
95020
95065
95215
95090
95090
95060
95150
95480
95185
95010
95045
95030
95135
95000
95035
95215
95050
95065
95050
95140
95000
99575
95020
95045
95000
95230
95340
95000
95040
95210
95175
95200
95255
95030
95000
95065
95105
95020
95480
95000
95165
95030
95000
95105
95400
95000
95020
95080
95000
95135
95000
95030
95060
95680
95005
95410
95040
95065
95225
95055
95050
95095
95080
95110
95310
95050
95000
95005
95480
95300
95030
95000
95060
95055
98565
95010
95000
95070
95260
95455
95115
95055
97775
95345
95015
95545
95200
95175
95115
95000
95010
95210
95000
96115
95000
95000
95165
99640
95000
95000
95025
95110
95025
95020
95000
95225
95330
99535
95430
95010
95400
95090
95075
95005
95000
95010
95000
95130
95000
95000
95095
95000
95035
95005
95000
95050
95095
95075
95050
95035
95000
95040
95035
95000
95145
95150
95130
95475
95000
95135
95000
95080
95145
95075
95000
95250
95085
99390
95000
95000
95000
95000
95060
95000
95110
95025
95000
95175
95105
95315
95000
96215
95335
95045
95235
95100
95000
95015
95000
95225
95120
95035
95015
95120
95175
95300
95070
95035
95580
95120
96650
95045
95025
95000
95250
95270
95020
95030
95010
95095
95115
95000
99650
95160
95180
95135
95050
95145
95000
95120
95025
99305
95200
95000
95170
98335
95000
95475
95425
95260
95035
95010
95255
95000
95000
95140
95145
95085
95000
95045
95065
95050
95335
95075
95365
95000
95000
95215
95030
95255
98305
95105
95085
95000
95245
95000
95000
95025
96015
95010
95000
95085
95055
95000
95020
95055
95060
95010
95005
95050
99655
95000
95105
95060
95190
95025
95000
95095
95210
95235
95005
95070
95080
95120
95570
95565
95090
95095
95180
95000
95145
95225
95090
95095
95000
95025
95160
95005
95700
95020
95000
95065
95000
95215
95000
95435
95310
95000
95000
95170
95165
95075
95000
95055
95025
96095
95000
95000
95015
95000
95185
95000
95040
95000
95060
95050
95130
95165
95040
95150
95030
95075
95115
95060
95120
95000
95065
95015
96340
95065
95095
95285
95020
95030
95210
95185
95035
95180
96590
95095
95065
95060
95035
95000
95055
95000
95000
96440
95085
95175
95000
95100
95300
95040
95245
95095
95025
95465
95250
95000
95045
95000
95000
95145
99540
95300
95100
96745
95050
95000
95010
95090
95085
95125
95025
95210
95105
95140
95145
95000
95070
95000
95160
95075
95025
95200
95205
95000
95115
95150
95430
95205
95065
95080
95075
95000
95000
95335
95065
95245
95000
95085
95315
95155
95025
96610
95045
95420
95075
95020
95010
95405
95135
95220
95100
95000
95060
95095
95030
95030
95085
95080
95105
95000
95115
95260
95285
95360
95055
95050
95040
95485
95005
95100
95375
95785
95025
95630
95000
95000
95155
95120
95000
95000
97640
95070
95245
95000
95000
95165
95030
95370
95295
95040
95010
95000
95550
95030
95000
95000
95230
95310
95275
95100
95355
95170
95000
95040
95000
95125
96160
95215
95300
95000
95085
95000
95040
95165
95700
95010
95385
95115
95000
95000
95000
95205
95195
95395
95165
95850
95010
95030
95130
95090
95000
95065
95045
95010
95100
95095
95040
95635
95295
95275
95090
95130
95135
95000
95000
95000
95060
95075
95020
95270
95105
96165
95145
95080
95200
95125
95010
95405
95265
95320
95325
95120
95525
95080
95180
95015
95000
95400
95045
95035
95095
95000
95100
95220
95110
95045
95000
95075
95025
95000
95000
95150
96330
95000
95020
95100
95000
95090
95105
95145
95105
95000
95060
95000
95135
95000
95215
95000
95000
95070
95000
95000
95055
95000
95000
95965
95050
96025
95190
95065
95000
95025
95000
95135
95155
95125
95265
95265
95000
96570
95035
95040
95085
95025
95075
95335
95215
95425
95040
95015
95215
95600
95140
95190
95050
95135
95000
95000
95060
95055
95100
95515
95085
97160
95000
95000
98645
95130
95350
95300
95585
95000
95080
95000
95000
95025
95210
95145
95160
95005
95070
95080
95045
95000
95110
95005
95400
95010
95070
95015
95000
95125
95000
95015
95210
95060
95060
95165
95060
95000
95255
95140
95125
99735
95170
95000
95030
95090
95000
95010
95110
95075
95350
95055
95230
95010
95035
95055
95255
95535
95000
95000
95000
95055
95065
95195
95135
95640
95060
95175
95000
96000
95250
99615
95000
95035
95405
95000
95195
99015
95175
95125
95075
95035
95000
95010
95680
95000
95020
95735
95040
95000
95010
95000
95160
95075
95065
95035
95305
95400
95150
95000
95035
95055
95000
95090
95030
96205
95095
95080
95105
95220
95000
95040
95010
95225
95025
95015
95450
95325
95025
95000
95310
95160
95060
95370
95425
95125
95000
95000
95075
95190
95000
95180
95185
95025
95000
95145
95105
95015
95020
95045
95035
95200
95175
95060
95015
97795
95220
95000
95365
95300
95105
99270
95070
95000
95020
95000
95025
95310
96690
95115
