#
# Sample name: Sample title.                                                   
# Sample id:   
# Sample type: 
# User name:   
# Sample description: 
#
# Start time:    2024-05-24, 10:06:12
# Real time (s): 1254.680
# Live time (s): 1200.000
#
# Total counts:  195605
#
# Left marker:  511 (433.371 keV)
# Right marker: 513 (435.065 keV)
# Counts:  328
#
# Energy calibration coefficients ( E = sum(Ai * n**i) )
#     A0: 0.669355
#     A1: 0.846774
#     A2: 0.000000
#     A3: 0.000000
# Energy unit: keV
#
# Channel data
# n	energy(keV)	counts	rate(1/s)
#-----------------------------------------------------------------------
1	1.516	0	0
2	2.363	0	0
3	3.210	0	0
4	4.056	0	0
5	4.903	0	0
6	5.750	0	0
7	6.597	1	0.000833333
8	7.444	24	0.02
9	8.290	169	0.140833
10	9.137	336	0.28
11	9.984	508	0.423333
12	10.831	621	0.5175
13	11.677	605	0.504167
14	12.524	524	0.436667
15	13.371	507	0.4225
16	14.218	454	0.378333
17	15.065	408	0.34
18	15.911	373	0.310833
19	16.758	386	0.321667
20	17.605	339	0.2825
21	18.452	344	0.286667
22	19.298	305	0.254167
23	20.145	275	0.229167
24	20.992	303	0.2525
25	21.839	262	0.218333
26	22.685	275	0.229167
27	23.532	288	0.24
28	24.379	281	0.234167
29	25.226	296	0.246667
30	26.073	288	0.24
31	26.919	303	0.2525
32	27.766	276	0.23
33	28.613	293	0.244167
34	29.460	266	0.221667
35	30.306	291	0.2425
36	31.153	267	0.2225
37	32.000	267	0.2225
38	32.847	289	0.240833
39	33.694	299	0.249167
40	34.540	286	0.238333
41	35.387	276	0.23
42	36.234	277	0.230833
43	37.081	283	0.235833
44	37.927	259	0.215833
45	38.774	281	0.234167
46	39.621	288	0.24
47	40.468	279	0.2325
48	41.315	293	0.244167
49	42.161	277	0.230833
50	43.008	291	0.2425
51	43.855	269	0.224167
52	44.702	275	0.229167
53	45.548	308	0.256667
54	46.395	280	0.233333
55	47.242	342	0.285
56	48.089	321	0.2675
57	48.935	278	0.231667
58	49.782	277	0.230833
59	50.629	293	0.244167
60	51.476	273	0.2275
61	52.323	279	0.2325
62	53.169	293	0.244167
63	54.016	351	0.2925
64	54.863	308	0.256667
65	55.710	314	0.261667
66	56.556	312	0.26
67	57.403	339	0.2825
68	58.250	292	0.243333
69	59.097	291	0.2425
70	59.944	308	0.256667
71	60.790	310	0.258333
72	61.637	313	0.260833
73	62.484	320	0.266667
74	63.331	288	0.24
75	64.177	323	0.269167
76	65.024	316	0.263333
77	65.871	294	0.245
78	66.718	306	0.255
79	67.565	310	0.258333
80	68.411	318	0.265
81	69.258	284	0.236667
82	70.105	337	0.280833
83	70.952	329	0.274167
84	71.798	320	0.266667
85	72.645	298	0.248333
86	73.492	320	0.266667
87	74.339	323	0.269167
88	75.185	330	0.275
89	76.032	279	0.2325
90	76.879	337	0.280833
91	77.726	304	0.253333
92	78.573	288	0.24
93	79.419	314	0.261667
94	80.266	338	0.281667
95	81.113	297	0.2475
96	81.960	303	0.2525
97	82.806	328	0.273333
98	83.653	320	0.266667
99	84.500	351	0.2925
100	85.347	317	0.264167
101	86.194	321	0.2675
102	87.040	318	0.265
103	87.887	334	0.278333
104	88.734	335	0.279167
105	89.581	310	0.258333
106	90.427	310	0.258333
107	91.274	338	0.281667
108	92.121	377	0.314167
109	92.968	338	0.281667
110	93.815	327	0.2725
111	94.661	309	0.2575
112	95.508	334	0.278333
113	96.355	342	0.285
114	97.202	344	0.286667
115	98.048	353	0.294167
116	98.895	335	0.279167
117	99.742	327	0.2725
118	100.589	303	0.2525
119	101.435	354	0.295
120	102.282	333	0.2775
121	103.129	322	0.268333
122	103.976	357	0.2975
123	104.823	327	0.2725
124	105.669	355	0.295833
125	106.516	342	0.285
126	107.363	331	0.275833
127	108.210	314	0.261667
128	109.056	315	0.2625
129	109.903	340	0.283333
130	110.750	323	0.269167
131	111.597	356	0.296667
132	112.444	335	0.279167
133	113.290	332	0.276667
134	114.137	331	0.275833
135	114.984	346	0.288333
136	115.831	317	0.264167
137	116.677	331	0.275833
138	117.524	320	0.266667
139	118.371	316	0.263333
140	119.218	339	0.2825
141	120.065	320	0.266667
142	120.911	323	0.269167
143	121.758	362	0.301667
144	122.605	348	0.29
145	123.452	319	0.265833
146	124.298	350	0.291667
147	125.145	316	0.263333
148	125.992	351	0.2925
149	126.839	352	0.293333
150	127.685	316	0.263333
151	128.532	328	0.273333
152	129.379	298	0.248333
153	130.226	327	0.2725
154	131.073	355	0.295833
155	131.919	365	0.304167
156	132.766	347	0.289167
157	133.613	338	0.281667
158	134.460	345	0.2875
159	135.306	352	0.293333
160	136.153	346	0.288333
161	137.000	377	0.314167
162	137.847	337	0.280833
163	138.694	329	0.274167
164	139.540	359	0.299167
165	140.387	343	0.285833
166	141.234	341	0.284167
167	142.081	354	0.295
168	142.927	356	0.296667
169	143.774	335	0.279167
170	144.621	326	0.271667
171	145.468	352	0.293333
172	146.315	382	0.318333
173	147.161	355	0.295833
174	148.008	344	0.286667
175	148.855	358	0.298333
176	149.702	339	0.2825
177	150.548	371	0.309167
178	151.395	369	0.3075
179	152.242	353	0.294167
180	153.089	352	0.293333
181	153.935	399	0.3325
182	154.782	348	0.29
183	155.629	380	0.316667
184	156.476	366	0.305
185	157.323	368	0.306667
186	158.169	368	0.306667
187	159.016	380	0.316667
188	159.863	378	0.315
189	160.710	397	0.330833
190	161.556	393	0.3275
191	162.403	375	0.3125
192	163.250	371	0.309167
193	164.097	373	0.310833
194	164.944	375	0.3125
195	165.790	362	0.301667
196	166.637	375	0.3125
197	167.484	403	0.335833
198	168.331	354	0.295
199	169.177	382	0.318333
200	170.024	406	0.338333
201	170.871	386	0.321667
202	171.718	353	0.294167
203	172.565	379	0.315833
204	173.411	400	0.333333
205	174.258	384	0.32
206	175.105	420	0.35
207	175.952	361	0.300833
208	176.798	380	0.316667
209	177.645	384	0.32
210	178.492	428	0.356667
211	179.339	341	0.284167
212	180.185	377	0.314167
213	181.032	375	0.3125
214	181.879	362	0.301667
215	182.726	371	0.309167
216	183.573	379	0.315833
217	184.419	397	0.330833
218	185.266	345	0.2875
219	186.113	357	0.2975
220	186.960	354	0.295
221	187.806	395	0.329167
222	188.653	361	0.300833
223	189.500	382	0.318333
224	190.347	374	0.311667
225	191.194	392	0.326667
226	192.040	372	0.31
227	192.887	382	0.318333
228	193.734	403	0.335833
229	194.581	367	0.305833
230	195.427	393	0.3275
231	196.274	360	0.3
232	197.121	402	0.335
233	197.968	418	0.348333
234	198.815	375	0.3125
235	199.661	387	0.3225
236	200.508	380	0.316667
237	201.355	386	0.321667
238	202.202	390	0.325
239	203.048	384	0.32
240	203.895	354	0.295
241	204.742	337	0.280833
242	205.589	388	0.323333
243	206.435	393	0.3275
244	207.282	389	0.324167
245	208.129	409	0.340833
246	208.976	381	0.3175
247	209.823	410	0.341667
248	210.669	379	0.315833
249	211.516	382	0.318333
250	212.363	410	0.341667
251	213.210	419	0.349167
252	214.056	363	0.3025
253	214.903	386	0.321667
254	215.750	373	0.310833
255	216.597	374	0.311667
256	217.444	394	0.328333
257	218.290	339	0.2825
258	219.137	409	0.340833
259	219.984	349	0.290833
260	220.831	373	0.310833
261	221.677	396	0.33
262	222.524	372	0.31
263	223.371	365	0.304167
264	224.218	371	0.309167
265	225.065	397	0.330833
266	225.911	399	0.3325
267	226.758	364	0.303333
268	227.605	329	0.274167
269	228.452	330	0.275
270	229.298	399	0.3325
271	230.145	380	0.316667
272	230.992	358	0.298333
273	231.839	361	0.300833
274	232.685	379	0.315833
275	233.532	362	0.301667
276	234.379	370	0.308333
277	235.226	359	0.299167
278	236.073	380	0.316667
279	236.919	392	0.326667
280	237.766	405	0.3375
281	238.613	345	0.2875
282	239.460	351	0.2925
283	240.306	371	0.309167
284	241.153	326	0.271667
285	242.000	352	0.293333
286	242.847	346	0.288333
287	243.694	364	0.303333
288	244.540	369	0.3075
289	245.387	358	0.298333
290	246.234	372	0.31
291	247.081	376	0.313333
292	247.927	346	0.288333
293	248.774	336	0.28
294	249.621	330	0.275
295	250.468	368	0.306667
296	251.315	368	0.306667
297	252.161	345	0.2875
298	253.008	337	0.280833
299	253.855	340	0.283333
300	254.702	346	0.288333
301	255.548	347	0.289167
302	256.395	350	0.291667
303	257.242	337	0.280833
304	258.089	341	0.284167
305	258.935	356	0.296667
306	259.782	324	0.27
307	260.629	328	0.273333
308	261.476	347	0.289167
309	262.323	334	0.278333
310	263.169	364	0.303333
311	264.016	332	0.276667
312	264.863	340	0.283333
313	265.710	323	0.269167
314	266.556	299	0.249167
315	267.403	336	0.28
316	268.250	320	0.266667
317	269.097	329	0.274167
318	269.944	311	0.259167
319	270.790	349	0.290833
320	271.637	338	0.281667
321	272.484	298	0.248333
322	273.331	327	0.2725
323	274.177	335	0.279167
324	275.024	320	0.266667
325	275.871	320	0.266667
326	276.718	347	0.289167
327	277.565	333	0.2775
328	278.411	298	0.248333
329	279.258	331	0.275833
330	280.105	311	0.259167
331	280.952	315	0.2625
332	281.798	283	0.235833
333	282.645	327	0.2725
334	283.492	318	0.265
335	284.339	308	0.256667
336	285.185	311	0.259167
337	286.032	311	0.259167
338	286.879	292	0.243333
339	287.726	294	0.245
340	288.573	284	0.236667
341	289.419	314	0.261667
342	290.266	298	0.248333
343	291.113	288	0.24
344	291.960	293	0.244167
345	292.806	272	0.226667
346	293.653	265	0.220833
347	294.500	284	0.236667
348	295.347	274	0.228333
349	296.194	283	0.235833
350	297.040	267	0.2225
351	297.887	277	0.230833
352	298.734	307	0.255833
353	299.581	265	0.220833
354	300.427	277	0.230833
355	301.274	264	0.22
356	302.121	282	0.235
357	302.968	301	0.250833
358	303.815	295	0.245833
359	304.661	305	0.254167
360	305.508	301	0.250833
361	306.355	302	0.251667
362	307.202	300	0.25
363	308.048	244	0.203333
364	308.895	300	0.25
365	309.742	302	0.251667
366	310.589	288	0.24
367	311.435	294	0.245
368	312.282	305	0.254167
369	313.129	321	0.2675
370	313.976	273	0.2275
371	314.823	290	0.241667
372	315.669	295	0.245833
373	316.516	315	0.2625
374	317.363	290	0.241667
375	318.210	291	0.2425
376	319.056	273	0.2275
377	319.903	266	0.221667
378	320.750	294	0.245
379	321.597	282	0.235
380	322.444	332	0.276667
381	323.290	297	0.2475
382	324.137	290	0.241667
383	324.984	303	0.2525
384	325.831	320	0.266667
385	326.677	301	0.250833
386	327.524	323	0.269167
387	328.371	288	0.24
388	329.218	294	0.245
389	330.065	303	0.2525
390	330.911	291	0.2425
391	331.758	320	0.266667
392	332.605	297	0.2475
393	333.452	288	0.24
394	334.298	340	0.283333
395	335.145	311	0.259167
396	335.992	310	0.258333
397	336.839	306	0.255
398	337.685	332	0.276667
399	338.532	305	0.254167
400	339.379	256	0.213333
401	340.226	311	0.259167
402	341.073	297	0.2475
403	341.919	309	0.2575
404	342.766	299	0.249167
405	343.613	284	0.236667
406	344.460	297	0.2475
407	345.306	324	0.27
408	346.153	309	0.2575
409	347.000	329	0.274167
410	347.847	336	0.28
411	348.694	327	0.2725
412	349.540	313	0.260833
413	350.387	321	0.2675
414	351.234	331	0.275833
415	352.081	339	0.2825
416	352.927	308	0.256667
417	353.774	343	0.285833
418	354.621	354	0.295
419	355.468	314	0.261667
420	356.315	301	0.250833
421	357.161	303	0.2525
422	358.008	289	0.240833
423	358.855	317	0.264167
424	359.702	335	0.279167
425	360.548	312	0.26
426	361.395	292	0.243333
427	362.242	308	0.256667
428	363.089	296	0.246667
429	363.935	329	0.274167
430	364.782	323	0.269167
431	365.629	288	0.24
432	366.476	323	0.269167
433	367.323	309	0.2575
434	368.169	294	0.245
435	369.016	314	0.261667
436	369.863	277	0.230833
437	370.710	310	0.258333
438	371.556	288	0.24
439	372.403	309	0.2575
440	373.250	282	0.235
441	374.097	296	0.246667
442	374.944	280	0.233333
443	375.790	290	0.241667
444	376.637	333	0.2775
445	377.484	271	0.225833
446	378.331	304	0.253333
447	379.177	327	0.2725
448	380.024	287	0.239167
449	380.871	308	0.256667
450	381.718	284	0.236667
451	382.565	295	0.245833
452	383.411	273	0.2275
453	384.258	306	0.255
454	385.105	274	0.228333
455	385.952	292	0.243333
456	386.798	292	0.243333
457	387.645	262	0.218333
458	388.492	275	0.229167
459	389.339	323	0.269167
460	390.185	274	0.228333
461	391.032	228	0.19
462	391.879	263	0.219167
463	392.726	265	0.220833
464	393.573	256	0.213333
465	394.419	264	0.22
466	395.266	265	0.220833
467	396.113	262	0.218333
468	396.960	268	0.223333
469	397.806	261	0.2175
470	398.653	252	0.21
471	399.500	239	0.199167
472	400.347	254	0.211667
473	401.194	283	0.235833
474	402.040	254	0.211667
475	402.887	239	0.199167
476	403.734	263	0.219167
477	404.581	232	0.193333
478	405.427	271	0.225833
479	406.274	235	0.195833
480	407.121	221	0.184167
481	407.968	224	0.186667
482	408.815	244	0.203333
483	409.661	220	0.183333
484	410.508	214	0.178333
485	411.355	183	0.1525
486	412.202	215	0.179167
487	413.048	235	0.195833
488	413.895	206	0.171667
489	414.742	217	0.180833
490	415.589	207	0.1725
491	416.435	209	0.174167
492	417.282	224	0.186667
493	418.129	193	0.160833
494	418.976	180	0.15
495	419.823	209	0.174167
496	420.669	190	0.158333
497	421.516	209	0.174167
498	422.363	203	0.169167
499	423.210	197	0.164167
500	424.056	188	0.156667
501	424.903	191	0.159167
502	425.750	208	0.173333
503	426.597	210	0.175
504	427.444	205	0.170833
505	428.290	167	0.139167
506	429.137	186	0.155
507	429.984	195	0.1625
508	430.831	185	0.154167
509	431.677	178	0.148333
510	432.524	204	0.17
511	433.371	176	0.146667
512	434.218	158	0.131667
513	435.065	170	0.141667
514	435.911	158	0.131667
515	436.758	177	0.1475
516	437.605	192	0.16
517	438.452	171	0.1425
518	439.298	156	0.13
519	440.145	178	0.148333
520	440.992	152	0.126667
521	441.839	182	0.151667
522	442.685	199	0.165833
523	443.532	171	0.1425
524	444.379	145	0.120833
525	445.226	177	0.1475
526	446.073	139	0.115833
527	446.919	149	0.124167
528	447.766	178	0.148333
529	448.613	172	0.143333
530	449.460	148	0.123333
531	450.306	156	0.13
532	451.153	147	0.1225
533	452.000	143	0.119167
534	452.847	145	0.120833
535	453.694	174	0.145
536	454.540	140	0.116667
537	455.387	152	0.126667
538	456.234	158	0.131667
539	457.081	151	0.125833
540	457.927	159	0.1325
541	458.774	149	0.124167
542	459.621	139	0.115833
543	460.468	148	0.123333
544	461.315	143	0.119167
545	462.161	141	0.1175
546	463.008	150	0.125
547	463.855	144	0.12
548	464.702	143	0.119167
549	465.548	136	0.113333
550	466.395	127	0.105833
551	467.242	140	0.116667
552	468.089	140	0.116667
553	468.935	145	0.120833
554	469.782	130	0.108333
555	470.629	136	0.113333
556	471.476	132	0.11
557	472.323	133	0.110833
558	473.169	128	0.106667
559	474.016	134	0.111667
560	474.863	133	0.110833
561	475.710	125	0.104167
562	476.556	123	0.1025
563	477.403	106	0.0883333
564	478.250	147	0.1225
565	479.097	109	0.0908333
566	479.944	120	0.1
567	480.790	107	0.0891667
568	481.637	115	0.0958333
569	482.484	123	0.1025
570	483.331	129	0.1075
571	484.177	96	0.08
572	485.024	124	0.103333
573	485.871	113	0.0941667
574	486.718	102	0.085
575	487.565	121	0.100833
576	488.411	99	0.0825
577	489.258	113	0.0941667
578	490.105	130	0.108333
579	490.952	131	0.109167
580	491.798	121	0.100833
581	492.645	115	0.0958333
582	493.492	121	0.100833
583	494.339	113	0.0941667
584	495.185	129	0.1075
585	496.032	103	0.0858333
586	496.879	91	0.0758333
587	497.726	123	0.1025
588	498.573	111	0.0925
589	499.419	112	0.0933333
590	500.266	106	0.0883333
591	501.113	99	0.0825
592	501.960	117	0.0975
593	502.806	94	0.0783333
594	503.653	98	0.0816667
595	504.500	102	0.085
596	505.347	95	0.0791667
597	506.194	95	0.0791667
598	507.040	105	0.0875
599	507.887	119	0.0991667
600	508.734	88	0.0733333
601	509.581	109	0.0908333
602	510.427	82	0.0683333
603	511.274	89	0.0741667
604	512.121	100	0.0833333
605	512.968	89	0.0741667
606	513.815	90	0.075
607	514.661	98	0.0816667
608	515.508	81	0.0675
609	516.355	107	0.0891667
610	517.202	105	0.0875
611	518.048	91	0.0758333
612	518.895	101	0.0841667
613	519.742	106	0.0883333
614	520.589	83	0.0691667
615	521.436	113	0.0941667
616	522.282	97	0.0808333
617	523.129	90	0.075
618	523.976	80	0.0666667
619	524.823	103	0.0858333
620	525.669	102	0.085
621	526.516	91	0.0758333
622	527.363	105	0.0875
623	528.210	105	0.0875
624	529.056	96	0.08
625	529.903	99	0.0825
626	530.750	84	0.07
627	531.597	86	0.0716667
628	532.444	80	0.0666667
629	533.290	78	0.065
630	534.137	94	0.0783333
631	534.984	82	0.0683333
632	535.831	110	0.0916667
633	536.677	77	0.0641667
634	537.524	114	0.095
635	538.371	77	0.0641667
636	539.218	85	0.0708333
637	540.065	98	0.0816667
638	540.911	80	0.0666667
639	541.758	65	0.0541667
640	542.605	96	0.08
641	543.452	88	0.0733333
642	544.298	92	0.0766667
643	545.145	83	0.0691667
644	545.992	89	0.0741667
645	546.839	88	0.0733333
646	547.686	88	0.0733333
647	548.532	69	0.0575
648	549.379	96	0.08
649	550.226	80	0.0666667
650	551.073	76	0.0633333
651	551.919	99	0.0825
652	552.766	76	0.0633333
653	553.613	81	0.0675
654	554.460	94	0.0783333
655	555.306	86	0.0716667
656	556.153	85	0.0708333
657	557.000	85	0.0708333
658	557.847	78	0.065
659	558.694	86	0.0716667
660	559.540	78	0.065
661	560.387	87	0.0725
662	561.234	80	0.0666667
663	562.081	82	0.0683333
664	562.927	60	0.05
665	563.774	73	0.0608333
666	564.621	63	0.0525
667	565.468	75	0.0625
668	566.315	73	0.0608333
669	567.161	73	0.0608333
670	568.008	80	0.0666667
671	568.855	69	0.0575
672	569.702	78	0.065
673	570.548	84	0.07
674	571.395	72	0.06
675	572.242	67	0.0558333
676	573.089	81	0.0675
677	573.936	62	0.0516667
678	574.782	77	0.0641667
679	575.629	87	0.0725
680	576.476	92	0.0766667
681	577.323	67	0.0558333
682	578.169	56	0.0466667
683	579.016	82	0.0683333
684	579.863	70	0.0583333
685	580.710	69	0.0575
686	581.556	66	0.055
687	582.403	66	0.055
688	583.250	74	0.0616667
689	584.097	68	0.0566667
690	584.944	68	0.0566667
691	585.790	77	0.0641667
692	586.637	71	0.0591667
693	587.484	62	0.0516667
694	588.331	62	0.0516667
695	589.177	58	0.0483333
696	590.024	71	0.0591667
697	590.871	66	0.055
698	591.718	67	0.0558333
699	592.565	81	0.0675
700	593.411	74	0.0616667
701	594.258	74	0.0616667
702	595.105	51	0.0425
703	595.952	77	0.0641667
704	596.798	75	0.0625
705	597.645	75	0.0625
706	598.492	66	0.055
707	599.339	77	0.0641667
708	600.186	68	0.0566667
709	601.032	61	0.0508333
710	601.879	52	0.0433333
711	602.726	67	0.0558333
712	603.573	73	0.0608333
713	604.419	56	0.0466667
714	605.266	65	0.0541667
715	606.113	66	0.055
716	606.960	66	0.055
717	607.806	78	0.065
718	608.653	58	0.0483333
719	609.500	68	0.0566667
720	610.347	64	0.0533333
721	611.194	53	0.0441667
722	612.040	65	0.0541667
723	612.887	62	0.0516667
724	613.734	69	0.0575
725	614.581	67	0.0558333
726	615.427	70	0.0583333
727	616.274	79	0.0658333
728	617.121	58	0.0483333
729	617.968	61	0.0508333
730	618.815	50	0.0416667
731	619.661	65	0.0541667
732	620.508	59	0.0491667
733	621.355	61	0.0508333
734	622.202	56	0.0466667
735	623.048	54	0.045
736	623.895	51	0.0425
737	624.742	67	0.0558333
738	625.589	47	0.0391667
739	626.436	65	0.0541667
740	627.282	83	0.0691667
741	628.129	66	0.055
742	628.976	52	0.0433333
743	629.823	51	0.0425
744	630.669	54	0.045
745	631.516	58	0.0483333
746	632.363	56	0.0466667
747	633.210	44	0.0366667
748	634.056	63	0.0525
749	634.903	82	0.0683333
750	635.750	49	0.0408333
751	636.597	35	0.0291667
752	637.444	50	0.0416667
753	638.290	50	0.0416667
754	639.137	53	0.0441667
755	639.984	59	0.0491667
756	640.831	63	0.0525
757	641.677	62	0.0516667
758	642.524	50	0.0416667
759	643.371	55	0.0458333
760	644.218	59	0.0491667
761	645.065	60	0.05
762	645.911	46	0.0383333
763	646.758	43	0.0358333
764	647.605	55	0.0458333
765	648.452	43	0.0358333
766	649.298	49	0.0408333
767	650.145	63	0.0525
768	650.992	48	0.04
769	651.839	41	0.0341667
770	652.686	57	0.0475
771	653.532	58	0.0483333
772	654.379	65	0.0541667
773	655.226	55	0.0458333
774	656.073	59	0.0491667
775	656.919	58	0.0483333
776	657.766	48	0.04
777	658.613	49	0.0408333
778	659.460	49	0.0408333
779	660.306	49	0.0408333
780	661.153	62	0.0516667
781	662.000	48	0.04
782	662.847	60	0.05
783	663.694	64	0.0533333
784	664.540	54	0.045
785	665.387	55	0.0458333
786	666.234	35	0.0291667
787	667.081	49	0.0408333
788	667.927	43	0.0358333
789	668.774	67	0.0558333
790	669.621	53	0.0441667
791	670.468	53	0.0441667
792	671.315	45	0.0375
793	672.161	50	0.0416667
794	673.008	38	0.0316667
795	673.855	39	0.0325
796	674.702	46	0.0383333
797	675.548	63	0.0525
798	676.395	59	0.0491667
799	677.242	43	0.0358333
800	678.089	39	0.0325
801	678.936	58	0.0483333
802	679.782	47	0.0391667
803	680.629	42	0.035
804	681.476	50	0.0416667
805	682.323	49	0.0408333
806	683.169	57	0.0475
807	684.016	51	0.0425
808	684.863	40	0.0333333
809	685.710	47	0.0391667
810	686.556	48	0.04
811	687.403	48	0.04
812	688.250	55	0.0458333
813	689.097	59	0.0491667
814	689.944	51	0.0425
815	690.790	50	0.0416667
816	691.637	40	0.0333333
817	692.484	55	0.0458333
818	693.331	38	0.0316667
819	694.177	39	0.0325
820	695.024	38	0.0316667
821	695.871	48	0.04
822	696.718	37	0.0308333
823	697.565	41	0.0341667
824	698.411	51	0.0425
825	699.258	43	0.0358333
826	700.105	52	0.0433333
827	700.952	51	0.0425
828	701.798	47	0.0391667
829	702.645	40	0.0333333
830	703.492	41	0.0341667
831	704.339	47	0.0391667
832	705.186	51	0.0425
833	706.032	52	0.0433333
834	706.879	32	0.0266667
835	707.726	43	0.0358333
836	708.573	52	0.0433333
837	709.419	36	0.03
838	710.266	58	0.0483333
839	711.113	38	0.0316667
840	711.960	44	0.0366667
841	712.806	29	0.0241667
842	713.653	38	0.0316667
843	714.500	42	0.035
844	715.347	49	0.0408333
845	716.194	38	0.0316667
846	717.040	45	0.0375
847	717.887	50	0.0416667
848	718.734	41	0.0341667
849	719.581	42	0.035
850	720.427	42	0.035
851	721.274	30	0.025
852	722.121	40	0.0333333
853	722.968	41	0.0341667
854	723.815	35	0.0291667
855	724.661	39	0.0325
856	725.508	43	0.0358333
857	726.355	45	0.0375
858	727.202	47	0.0391667
859	728.048	41	0.0341667
860	728.895	35	0.0291667
861	729.742	47	0.0391667
862	730.589	46	0.0383333
863	731.436	40	0.0333333
864	732.282	46	0.0383333
865	733.129	46	0.0383333
866	733.976	33	0.0275
867	734.823	37	0.0308333
868	735.669	35	0.0291667
869	736.516	40	0.0333333
870	737.363	33	0.0275
871	738.210	44	0.0366667
872	739.056	43	0.0358333
873	739.903	43	0.0358333
874	740.750	36	0.03
875	741.597	44	0.0366667
876	742.444	53	0.0441667
877	743.290	33	0.0275
878	744.137	31	0.0258333
879	744.984	35	0.0291667
880	745.831	45	0.0375
881	746.677	42	0.035
882	747.524	37	0.0308333
883	748.371	46	0.0383333
884	749.218	29	0.0241667
885	750.065	33	0.0275
886	750.911	41	0.0341667
887	751.758	34	0.0283333
888	752.605	32	0.0266667
889	753.452	22	0.0183333
890	754.298	37	0.0308333
891	755.145	44	0.0366667
892	755.992	41	0.0341667
893	756.839	27	0.0225
894	757.686	40	0.0333333
895	758.532	36	0.03
896	759.379	28	0.0233333
897	760.226	50	0.0416667
898	761.073	41	0.0341667
899	761.919	35	0.0291667
900	762.766	35	0.0291667
901	763.613	46	0.0383333
902	764.460	47	0.0391667
903	765.306	41	0.0341667
904	766.153	34	0.0283333
905	767.000	34	0.0283333
906	767.847	36	0.03
907	768.694	50	0.0416667
908	769.540	31	0.0258333
909	770.387	32	0.0266667
910	771.234	33	0.0275
911	772.081	51	0.0425
912	772.927	30	0.025
913	773.774	38	0.0316667
914	774.621	39	0.0325
915	775.468	30	0.025
916	776.315	27	0.0225
917	777.161	22	0.0183333
918	778.008	35	0.0291667
919	778.855	26	0.0216667
920	779.702	37	0.0308333
921	780.548	43	0.0358333
922	781.395	39	0.0325
923	782.242	31	0.0258333
924	783.089	59	0.0491667
925	783.936	48	0.04
926	784.782	47	0.0391667
927	785.629	41	0.0341667
928	786.476	34	0.0283333
929	787.323	35	0.0291667
930	788.169	35	0.0291667
931	789.016	29	0.0241667
932	789.863	34	0.0283333
933	790.710	41	0.0341667
934	791.556	30	0.025
935	792.403	39	0.0325
936	793.250	26	0.0216667
937	794.097	32	0.0266667
938	794.944	33	0.0275
939	795.790	32	0.0266667
940	796.637	34	0.0283333
941	797.484	24	0.02
942	798.331	28	0.0233333
943	799.177	56	0.0466667
944	800.024	24	0.02
945	800.871	39	0.0325
946	801.718	32	0.0266667
947	802.565	34	0.0283333
948	803.411	33	0.0275
949	804.258	31	0.0258333
950	805.105	27	0.0225
951	805.952	36	0.03
952	806.798	30	0.025
953	807.645	37	0.0308333
954	808.492	29	0.0241667
955	809.339	28	0.0233333
956	810.186	29	0.0241667
957	811.032	29	0.0241667
958	811.879	27	0.0225
959	812.726	32	0.0266667
960	813.573	30	0.025
961	814.419	33	0.0275
962	815.266	34	0.0283333
963	816.113	29	0.0241667
964	816.960	27	0.0225
965	817.806	49	0.0408333
966	818.653	31	0.0258333
967	819.500	25	0.0208333
968	820.347	30	0.025
969	821.194	23	0.0191667
970	822.040	41	0.0341667
971	822.887	35	0.0291667
972	823.734	41	0.0341667
973	824.581	32	0.0266667
974	825.427	19	0.0158333
975	826.274	25	0.0208333
976	827.121	26	0.0216667
977	827.968	28	0.0233333
978	828.815	23	0.0191667
979	829.661	30	0.025
980	830.508	24	0.02
981	831.355	36	0.03
982	832.202	39	0.0325
983	833.048	33	0.0275
984	833.895	28	0.0233333
985	834.742	20	0.0166667
986	835.589	29	0.0241667
987	836.436	34	0.0283333
988	837.282	19	0.0158333
989	838.129	29	0.0241667
990	838.976	27	0.0225
991	839.823	27	0.0225
992	840.669	20	0.0166667
993	841.516	30	0.025
994	842.363	31	0.0258333
995	843.210	37	0.0308333
996	844.056	33	0.0275
997	844.903	28	0.0233333
998	845.750	25	0.0208333
999	846.597	24	0.02
1000	847.444	20	0.0166667
1001	848.290	20	0.0166667
1002	849.137	34	0.0283333
1003	849.984	29	0.0241667
1004	850.831	34	0.0283333
1005	851.677	29	0.0241667
1006	852.524	39	0.0325
1007	853.371	18	0.015
1008	854.218	30	0.025
1009	855.065	23	0.0191667
1010	855.911	30	0.025
1011	856.758	30	0.025
1012	857.605	30	0.025
1013	858.452	26	0.0216667
1014	859.298	25	0.0208333
1015	860.145	27	0.0225
1016	860.992	20	0.0166667
1017	861.839	18	0.015
1018	862.686	22	0.0183333
1019	863.532	19	0.0158333
1020	864.379	20	0.0166667
1021	865.226	17	0.0141667
1022	866.073	35	0.0291667
1023	866.919	37	0.0308333
1024	867.766	17	0.0141667
