#
# Sample name: Sample title.                                                   
# Sample id:   
# Sample type: 
# User name:   
# Sample description: 
#
# Start time:    2024-05-24, 09:41:36
# Real time (s): 1222.790
# Live time (s): 1200.000
#
# Total counts:  2164782
#
# Left marker:  511 (433.371 keV)
# Right marker: 513 (435.065 keV)
# Counts:  5550
#
# Energy calibration coefficients ( E = sum(Ai * n**i) )
#     A0: 0.669355
#     A1: 0.846774
#     A2: 0.000000
#     A3: 0.000000
# Energy unit: keV
#
# Channel data
# n	energy(keV)	counts	rate(1/s)
#-----------------------------------------------------------------------
1	1.516	0	0
2	2.363	0	0
3	3.210	0	0
4	4.056	0	0
5	4.903	0	0
6	5.750	0	0
7	6.597	18	0.015
8	7.444	285	0.2375
9	8.290	1262	1.05167
10	9.137	2062	1.71833
11	9.984	2959	2.46583
12	10.831	3733	3.11083
13	11.677	3659	3.04917
14	12.524	3523	2.93583
15	13.371	3486	2.905
16	14.218	3606	3.005
17	15.065	3591	2.9925
18	15.911	3576	2.98
19	16.758	3582	2.985
20	17.605	3610	3.00833
21	18.452	3604	3.00333
22	19.298	3549	2.9575
23	20.145	3592	2.99333
24	20.992	3445	2.87083
25	21.839	3702	3.085
26	22.685	3652	3.04333
27	23.532	3756	3.13
28	24.379	3623	3.01917
29	25.226	3593	2.99417
30	26.073	3636	3.03
31	26.919	3618	3.015
32	27.766	3660	3.05
33	28.613	3632	3.02667
34	29.460	3573	2.9775
35	30.306	3645	3.0375
36	31.153	3765	3.1375
37	32.000	3694	3.07833
38	32.847	3669	3.0575
39	33.694	3657	3.0475
40	34.540	3759	3.1325
41	35.387	3762	3.135
42	36.234	3785	3.15417
43	37.081	3673	3.06083
44	37.927	3674	3.06167
45	38.774	3582	2.985
46	39.621	3699	3.0825
47	40.468	3666	3.055
48	41.315	3647	3.03917
49	42.161	3606	3.005
50	43.008	3779	3.14917
51	43.855	3605	3.00417
52	44.702	3764	3.13667
53	45.548	3616	3.01333
54	46.395	3791	3.15917
55	47.242	3754	3.12833
56	48.089	3805	3.17083
57	48.935	3734	3.11167
58	49.782	3730	3.10833
59	50.629	3761	3.13417
60	51.476	3909	3.2575
61	52.323	3861	3.2175
62	53.169	3900	3.25
63	54.016	3868	3.22333
64	54.863	3815	3.17917
65	55.710	3806	3.17167
66	56.556	3887	3.23917
67	57.403	3822	3.185
68	58.250	3939	3.2825
69	59.097	3909	3.2575
70	59.944	3846	3.205
71	60.790	3904	3.25333
72	61.637	3940	3.28333
73	62.484	3829	3.19083
74	63.331	3937	3.28083
75	64.177	4017	3.3475
76	65.024	4062	3.385
77	65.871	3984	3.32
78	66.718	3938	3.28167
79	67.565	4040	3.36667
80	68.411	3922	3.26833
81	69.258	3985	3.32083
82	70.105	4043	3.36917
83	70.952	4007	3.33917
84	71.798	4081	3.40083
85	72.645	4174	3.47833
86	73.492	3975	3.3125
87	74.339	4152	3.46
88	75.185	4082	3.40167
89	76.032	4120	3.43333
90	76.879	4177	3.48083
91	77.726	4121	3.43417
92	78.573	4154	3.46167
93	79.419	4182	3.485
94	80.266	4264	3.55333
95	81.113	4216	3.51333
96	81.960	4285	3.57083
97	82.806	4252	3.54333
98	83.653	4309	3.59083
99	84.500	4304	3.58667
100	85.347	4417	3.68083
101	86.194	4502	3.75167
102	87.040	4333	3.61083
103	87.887	4521	3.7675
104	88.734	4577	3.81417
105	89.581	4509	3.7575
106	90.427	4691	3.90917
107	91.274	4669	3.89083
108	92.121	4636	3.86333
109	92.968	4706	3.92167
110	93.815	4608	3.84
111	94.661	4612	3.84333
112	95.508	4726	3.93833
113	96.355	4728	3.94
114	97.202	5004	4.17
115	98.048	4853	4.04417
116	98.895	4968	4.14
117	99.742	4756	3.96333
118	100.589	4978	4.14833
119	101.435	4901	4.08417
120	102.282	4970	4.14167
121	103.129	5100	4.25
122	103.976	5227	4.35583
123	104.823	5143	4.28583
124	105.669	5129	4.27417
125	106.516	5031	4.1925
126	107.363	5063	4.21917
127	108.210	5235	4.3625
128	109.056	5245	4.37083
129	109.903	5213	4.34417
130	110.750	5244	4.37
131	111.597	5149	4.29083
132	112.444	5062	4.21833
133	113.290	5134	4.27833
134	114.137	5102	4.25167
135	114.984	5236	4.36333
136	115.831	5004	4.17
137	116.677	5167	4.30583
138	117.524	5076	4.23
139	118.371	5115	4.2625
140	119.218	5075	4.22917
141	120.065	5059	4.21583
142	120.911	5094	4.245
143	121.758	4883	4.06917
144	122.605	5011	4.17583
145	123.452	5112	4.26
146	124.298	4891	4.07583
147	125.145	4857	4.0475
148	125.992	4906	4.08833
149	126.839	4862	4.05167
150	127.685	4958	4.13167
151	128.532	4809	4.0075
152	129.379	4846	4.03833
153	130.226	4673	3.89417
154	131.073	4796	3.99667
155	131.919	4718	3.93167
156	132.766	4792	3.99333
157	133.613	4691	3.90917
158	134.460	4700	3.91667
159	135.306	4712	3.92667
160	136.153	4671	3.8925
161	137.000	4535	3.77917
162	137.847	4463	3.71917
163	138.694	4567	3.80583
164	139.540	4431	3.6925
165	140.387	4380	3.65
166	141.234	4399	3.66583
167	142.081	4412	3.67667
168	142.927	4482	3.735
169	143.774	4321	3.60083
170	144.621	4329	3.6075
171	145.468	4322	3.60167
172	146.315	4325	3.60417
173	147.161	4291	3.57583
174	148.008	4246	3.53833
175	148.855	4183	3.48583
176	149.702	4189	3.49083
177	150.548	4138	3.44833
178	151.395	4082	3.40167
179	152.242	4127	3.43917
180	153.089	4132	3.44333
181	153.935	4040	3.36667
182	154.782	4050	3.375
183	155.629	4028	3.35667
184	156.476	4017	3.3475
185	157.323	4022	3.35167
186	158.169	3979	3.31583
187	159.016	3991	3.32583
188	159.863	4002	3.335
189	160.710	4069	3.39083
190	161.556	3967	3.30583
191	162.403	3923	3.26917
192	163.250	3936	3.28
193	164.097	3914	3.26167
194	164.944	3921	3.2675
195	165.790	3914	3.26167
196	166.637	3846	3.205
197	167.484	3728	3.10667
198	168.331	3776	3.14667
199	169.177	3704	3.08667
200	170.024	3731	3.10917
201	170.871	3678	3.065
202	171.718	3850	3.20833
203	172.565	3826	3.18833
204	173.411	3626	3.02167
205	174.258	3727	3.10583
206	175.105	3706	3.08833
207	175.952	3722	3.10167
208	176.798	3733	3.11083
209	177.645	3646	3.03833
210	178.492	3582	2.985
211	179.339	3699	3.0825
212	180.185	3696	3.08
213	181.032	3660	3.05
214	181.879	3557	2.96417
215	182.726	3633	3.0275
216	183.573	3558	2.965
217	184.419	3464	2.88667
218	185.266	3537	2.9475
219	186.113	3606	3.005
220	186.960	3511	2.92583
221	187.806	3459	2.8825
222	188.653	3503	2.91917
223	189.500	3479	2.89917
224	190.347	3591	2.9925
225	191.194	3558	2.965
226	192.040	3504	2.92
227	192.887	3448	2.87333
228	193.734	3527	2.93917
229	194.581	3453	2.8775
230	195.427	3476	2.89667
231	196.274	3331	2.77583
232	197.121	3491	2.90917
233	197.968	3429	2.8575
234	198.815	3416	2.84667
235	199.661	3515	2.92917
236	200.508	3454	2.87833
237	201.355	3426	2.855
238	202.202	3405	2.8375
239	203.048	3371	2.80917
240	203.895	3451	2.87583
241	204.742	3418	2.84833
242	205.589	3258	2.715
243	206.435	3356	2.79667
244	207.282	3451	2.87583
245	208.129	3272	2.72667
246	208.976	3316	2.76333
247	209.823	3268	2.72333
248	210.669	3304	2.75333
249	211.516	3398	2.83167
250	212.363	3309	2.7575
251	213.210	3317	2.76417
252	214.056	3309	2.7575
253	214.903	3404	2.83667
254	215.750	3270	2.725
255	216.597	3338	2.78167
256	217.444	3270	2.725
257	218.290	3320	2.76667
258	219.137	3327	2.7725
259	219.984	3203	2.66917
260	220.831	3277	2.73083
261	221.677	3211	2.67583
262	222.524	3241	2.70083
263	223.371	3306	2.755
264	224.218	3237	2.6975
265	225.065	3289	2.74083
266	225.911	3135	2.6125
267	226.758	3280	2.73333
268	227.605	3248	2.70667
269	228.452	3189	2.6575
270	229.298	3221	2.68417
271	230.145	3282	2.735
272	230.992	3153	2.6275
273	231.839	3263	2.71917
274	232.685	3203	2.66917
275	233.532	3179	2.64917
276	234.379	3188	2.65667
277	235.226	3214	2.67833
278	236.073	3206	2.67167
279	236.919	3174	2.645
280	237.766	3225	2.6875
281	238.613	3119	2.59917
282	239.460	3186	2.655
283	240.306	3153	2.6275
284	241.153	3220	2.68333
285	242.000	3280	2.73333
286	242.847	3116	2.59667
287	243.694	3291	2.7425
288	244.540	3143	2.61917
289	245.387	3083	2.56917
290	246.234	3143	2.61917
291	247.081	3130	2.60833
292	247.927	3291	2.7425
293	248.774	3214	2.67833
294	249.621	3135	2.6125
295	250.468	3102	2.585
296	251.315	3167	2.63917
297	252.161	3223	2.68583
298	253.008	3287	2.73917
299	253.855	3237	2.6975
300	254.702	3226	2.68833
301	255.548	3088	2.57333
302	256.395	3141	2.6175
303	257.242	3217	2.68083
304	258.089	3142	2.61833
305	258.935	3203	2.66917
306	259.782	3158	2.63167
307	260.629	3140	2.61667
308	261.476	3128	2.60667
309	262.323	3215	2.67917
310	263.169	3105	2.5875
311	264.016	3181	2.65083
312	264.863	3127	2.60583
313	265.710	3244	2.70333
314	266.556	3184	2.65333
315	267.403	3183	2.6525
316	268.250	3206	2.67167
317	269.097	3164	2.63667
318	269.944	3161	2.63417
319	270.790	3175	2.64583
320	271.637	3224	2.68667
321	272.484	3148	2.62333
322	273.331	3121	2.60083
323	274.177	3164	2.63667
324	275.024	3103	2.58583
325	275.871	3193	2.66083
326	276.718	3244	2.70333
327	277.565	3223	2.68583
328	278.411	3204	2.67
329	279.258	3182	2.65167
330	280.105	3141	2.6175
331	280.952	3191	2.65917
332	281.798	3210	2.675
333	282.645	3066	2.555
334	283.492	3226	2.68833
335	284.339	3109	2.59083
336	285.185	3274	2.72833
337	286.032	3186	2.655
338	286.879	3137	2.61417
339	287.726	3153	2.6275
340	288.573	3192	2.66
341	289.419	3191	2.65917
342	290.266	3172	2.64333
343	291.113	3192	2.66
344	291.960	3156	2.63
345	292.806	3262	2.71833
346	293.653	3153	2.6275
347	294.500	3161	2.63417
348	295.347	3090	2.575
349	296.194	3188	2.65667
350	297.040	3217	2.68083
351	297.887	3140	2.61667
352	298.734	3142	2.61833
353	299.581	3006	2.505
354	300.427	3105	2.5875
355	301.274	3137	2.61417
356	302.121	3190	2.65833
357	302.968	3207	2.6725
358	303.815	3281	2.73417
359	304.661	3302	2.75167
360	305.508	3134	2.61167
361	306.355	3205	2.67083
362	307.202	3118	2.59833
363	308.048	3186	2.655
364	308.895	3230	2.69167
365	309.742	3179	2.64917
366	310.589	3196	2.66333
367	311.435	3213	2.6775
368	312.282	3147	2.6225
369	313.129	3179	2.64917
370	313.976	3179	2.64917
371	314.823	3134	2.61167
372	315.669	3224	2.68667
373	316.516	3173	2.64417
374	317.363	3202	2.66833
375	318.210	3061	2.55083
376	319.056	3228	2.69
377	319.903	3229	2.69083
378	320.750	3154	2.62833
379	321.597	3246	2.705
380	322.444	3095	2.57917
381	323.290	3084	2.57
382	324.137	3117	2.5975
383	324.984	3102	2.585
384	325.831	3094	2.57833
385	326.677	3160	2.63333
386	327.524	3103	2.58583
387	328.371	3133	2.61083
388	329.218	3120	2.6
389	330.065	3132	2.61
390	330.911	3023	2.51917
391	331.758	2993	2.49417
392	332.605	3085	2.57083
393	333.452	3057	2.5475
394	334.298	2959	2.46583
395	335.145	3053	2.54417
396	335.992	3033	2.5275
397	336.839	3092	2.57667
398	337.685	2866	2.38833
399	338.532	2941	2.45083
400	339.379	2945	2.45417
401	340.226	2900	2.41667
402	341.073	2889	2.4075
403	341.919	2912	2.42667
404	342.766	2865	2.3875
405	343.613	2873	2.39417
406	344.460	2805	2.3375
407	345.306	2801	2.33417
408	346.153	2823	2.3525
409	347.000	2723	2.26917
410	347.847	2807	2.33917
411	348.694	2737	2.28083
412	349.540	2631	2.1925
413	350.387	2644	2.20333
414	351.234	2691	2.2425
415	352.081	2622	2.185
416	352.927	2714	2.26167
417	353.774	2637	2.1975
418	354.621	2512	2.09333
419	355.468	2484	2.07
420	356.315	2475	2.0625
421	357.161	2408	2.00667
422	358.008	2477	2.06417
423	358.855	2492	2.07667
424	359.702	2450	2.04167
425	360.548	2443	2.03583
426	361.395	2398	1.99833
427	362.242	2289	1.9075
428	363.089	2292	1.91
429	363.935	2355	1.9625
430	364.782	2279	1.89917
431	365.629	2280	1.9
432	366.476	2268	1.89
433	367.323	2293	1.91083
434	368.169	2258	1.88167
435	369.016	2214	1.845
436	369.863	2177	1.81417
437	370.710	2183	1.81917
438	371.556	2081	1.73417
439	372.403	2123	1.76917
440	373.250	2166	1.805
441	374.097	2024	1.68667
442	374.944	2060	1.71667
443	375.790	1992	1.66
444	376.637	2053	1.71083
445	377.484	1928	1.60667
446	378.331	2010	1.675
447	379.177	1942	1.61833
448	380.024	2005	1.67083
449	380.871	1961	1.63417
450	381.718	1912	1.59333
451	382.565	1950	1.625
452	383.411	1880	1.56667
453	384.258	1925	1.60417
454	385.105	1876	1.56333
455	385.952	1910	1.59167
456	386.798	1932	1.61
457	387.645	1814	1.51167
458	388.492	1866	1.555
459	389.339	1887	1.5725
460	390.185	1858	1.54833
461	391.032	1835	1.52917
462	391.879	1814	1.51167
463	392.726	1797	1.4975
464	393.573	1871	1.55917
465	394.419	1886	1.57167
466	395.266	1799	1.49917
467	396.113	1786	1.48833
468	396.960	1828	1.52333
469	397.806	1810	1.50833
470	398.653	1810	1.50833
471	399.500	1772	1.47667
472	400.347	1781	1.48417
473	401.194	1882	1.56833
474	402.040	1784	1.48667
475	402.887	1907	1.58917
476	403.734	1751	1.45917
477	404.581	1912	1.59333
478	405.427	1871	1.55917
479	406.274	1822	1.51833
480	407.121	1953	1.6275
481	407.968	1949	1.62417
482	408.815	1976	1.64667
483	409.661	1980	1.65
484	410.508	1898	1.58167
485	411.355	1916	1.59667
486	412.202	1900	1.58333
487	413.048	2006	1.67167
488	413.895	2092	1.74333
489	414.742	2078	1.73167
490	415.589	2070	1.725
491	416.435	2143	1.78583
492	417.282	2191	1.82583
493	418.129	2123	1.76917
494	418.976	2154	1.795
495	419.823	2215	1.84583
496	420.669	2280	1.9
497	421.516	2227	1.85583
498	422.363	2338	1.94833
499	423.210	2298	1.915
500	424.056	2344	1.95333
501	424.903	2412	2.01
502	425.750	2363	1.96917
503	426.597	2453	2.04417
504	427.444	2521	2.10083
505	428.290	2520	2.1
506	429.137	2552	2.12667
507	429.984	2542	2.11833
508	430.831	2683	2.23583
509	431.677	2687	2.23917
510	432.524	2680	2.23333
511	433.371	2663	2.21917
512	434.218	2752	2.29333
513	435.065	2798	2.33167
514	435.911	2802	2.335
515	436.758	2708	2.25667
516	437.605	2875	2.39583
517	438.452	2695	2.24583
518	439.298	2941	2.45083
519	440.145	2908	2.42333
520	440.992	2932	2.44333
521	441.839	2986	2.48833
522	442.685	3061	2.55083
523	443.532	3099	2.5825
524	444.379	2954	2.46167
525	445.226	3040	2.53333
526	446.073	2990	2.49167
527	446.919	3049	2.54083
528	447.766	3105	2.5875
529	448.613	3018	2.515
530	449.460	3167	2.63917
531	450.306	3120	2.6
532	451.153	3193	2.66083
533	452.000	3205	2.67083
534	452.847	3268	2.72333
535	453.694	3140	2.61667
536	454.540	3153	2.6275
537	455.387	3205	2.67083
538	456.234	3112	2.59333
539	457.081	3163	2.63583
540	457.927	3137	2.61417
541	458.774	3124	2.60333
542	459.621	3145	2.62083
543	460.468	3130	2.60833
544	461.315	3127	2.60583
545	462.161	3087	2.5725
546	463.008	3049	2.54083
547	463.855	3170	2.64167
548	464.702	3113	2.59417
549	465.548	3229	2.69083
550	466.395	3121	2.60083
551	467.242	3132	2.61
552	468.089	3037	2.53083
553	468.935	2993	2.49417
554	469.782	2923	2.43583
555	470.629	2988	2.49
556	471.476	2932	2.44333
557	472.323	3055	2.54583
558	473.169	2872	2.39333
559	474.016	2776	2.31333
560	474.863	2927	2.43917
561	475.710	2844	2.37
562	476.556	2745	2.2875
563	477.403	2765	2.30417
564	478.250	2690	2.24167
565	479.097	2743	2.28583
566	479.944	2671	2.22583
567	480.790	2680	2.23333
568	481.637	2644	2.20333
569	482.484	2557	2.13083
570	483.331	2658	2.215
571	484.177	2518	2.09833
572	485.024	2512	2.09333
573	485.871	2486	2.07167
574	486.718	2489	2.07417
575	487.565	2418	2.015
576	488.411	2332	1.94333
577	489.258	2290	1.90833
578	490.105	2447	2.03917
579	490.952	2364	1.97
580	491.798	2230	1.85833
581	492.645	2226	1.855
582	493.492	2108	1.75667
583	494.339	2121	1.7675
584	495.185	2164	1.80333
585	496.032	2275	1.89583
586	496.879	2137	1.78083
587	497.726	2071	1.72583
588	498.573	1984	1.65333
589	499.419	2124	1.77
590	500.266	1955	1.62917
591	501.113	1943	1.61917
592	501.960	1971	1.6425
593	502.806	1945	1.62083
594	503.653	1970	1.64167
595	504.500	1910	1.59167
596	505.347	1854	1.545
597	506.194	1836	1.53
598	507.040	1876	1.56333
599	507.887	1777	1.48083
600	508.734	1790	1.49167
601	509.581	1781	1.48417
602	510.427	1741	1.45083
603	511.274	1769	1.47417
604	512.121	1730	1.44167
605	512.968	1723	1.43583
606	513.815	1637	1.36417
607	514.661	1652	1.37667
608	515.508	1612	1.34333
609	516.355	1605	1.3375
610	517.202	1652	1.37667
611	518.048	1533	1.2775
612	518.895	1548	1.29
613	519.742	1575	1.3125
614	520.589	1574	1.31167
615	521.436	1561	1.30083
616	522.282	1497	1.2475
617	523.129	1485	1.2375
618	523.976	1447	1.20583
619	524.823	1401	1.1675
620	525.669	1463	1.21917
621	526.516	1397	1.16417
622	527.363	1353	1.1275
623	528.210	1376	1.14667
624	529.056	1403	1.16917
625	529.903	1381	1.15083
626	530.750	1311	1.0925
627	531.597	1340	1.11667
628	532.444	1331	1.10917
629	533.290	1299	1.0825
630	534.137	1251	1.0425
631	534.984	1267	1.05583
632	535.831	1333	1.11083
633	536.677	1208	1.00667
634	537.524	1247	1.03917
635	538.371	1200	1
636	539.218	1247	1.03917
637	540.065	1193	0.994167
638	540.911	1227	1.0225
639	541.758	1114	0.928333
640	542.605	1166	0.971667
641	543.452	1175	0.979167
642	544.298	1085	0.904167
643	545.145	1102	0.918333
644	545.992	1088	0.906667
645	546.839	1098	0.915
646	547.686	1090	0.908333
647	548.532	1045	0.870833
648	549.379	1051	0.875833
649	550.226	1089	0.9075
650	551.073	1018	0.848333
651	551.919	993	0.8275
652	552.766	977	0.814167
653	553.613	966	0.805
654	554.460	986	0.821667
655	555.306	962	0.801667
656	556.153	923	0.769167
657	557.000	897	0.7475
658	557.847	917	0.764167
659	558.694	923	0.769167
660	559.540	973	0.810833
661	560.387	902	0.751667
662	561.234	931	0.775833
663	562.081	906	0.755
664	562.927	898	0.748333
665	563.774	818	0.681667
666	564.621	829	0.690833
667	565.468	819	0.6825
668	566.315	822	0.685
669	567.161	791	0.659167
670	568.008	791	0.659167
671	568.855	786	0.655
672	569.702	764	0.636667
673	570.548	775	0.645833
674	571.395	737	0.614167
675	572.242	761	0.634167
676	573.089	739	0.615833
677	573.936	711	0.5925
678	574.782	717	0.5975
679	575.629	744	0.62
680	576.476	767	0.639167
681	577.323	657	0.5475
682	578.169	703	0.585833
683	579.016	695	0.579167
684	579.863	667	0.555833
685	580.710	691	0.575833
686	581.556	684	0.57
687	582.403	676	0.563333
688	583.250	683	0.569167
689	584.097	659	0.549167
690	584.944	655	0.545833
691	585.790	602	0.501667
692	586.637	601	0.500833
693	587.484	646	0.538333
694	588.331	627	0.5225
695	589.177	648	0.54
696	590.024	649	0.540833
697	590.871	596	0.496667
698	591.718	556	0.463333
699	592.565	563	0.469167
700	593.411	590	0.491667
701	594.258	529	0.440833
702	595.105	529	0.440833
703	595.952	586	0.488333
704	596.798	598	0.498333
705	597.645	526	0.438333
706	598.492	526	0.438333
707	599.339	535	0.445833
708	600.186	552	0.46
709	601.032	548	0.456667
710	601.879	543	0.4525
711	602.726	555	0.4625
712	603.573	545	0.454167
713	604.419	528	0.44
714	605.266	490	0.408333
715	606.113	519	0.4325
716	606.960	528	0.44
717	607.806	534	0.445
718	608.653	516	0.43
719	609.500	534	0.445
720	610.347	520	0.433333
721	611.194	525	0.4375
722	612.040	506	0.421667
723	612.887	506	0.421667
724	613.734	476	0.396667
725	614.581	513	0.4275
726	615.427	492	0.41
727	616.274	538	0.448333
728	617.121	457	0.380833
729	617.968	482	0.401667
730	618.815	459	0.3825
731	619.661	496	0.413333
732	620.508	502	0.418333
733	621.355	496	0.413333
734	622.202	478	0.398333
735	623.048	501	0.4175
736	623.895	485	0.404167
737	624.742	489	0.4075
738	625.589	464	0.386667
739	626.436	439	0.365833
740	627.282	455	0.379167
741	628.129	503	0.419167
742	628.976	429	0.3575
743	629.823	446	0.371667
744	630.669	451	0.375833
745	631.516	497	0.414167
746	632.363	430	0.358333
747	633.210	498	0.415
748	634.056	490	0.408333
749	634.903	439	0.365833
750	635.750	448	0.373333
751	636.597	475	0.395833
752	637.444	471	0.3925
753	638.290	474	0.395
754	639.137	475	0.395833
755	639.984	466	0.388333
756	640.831	466	0.388333
757	641.677	429	0.3575
758	642.524	458	0.381667
759	643.371	467	0.389167
760	644.218	418	0.348333
761	645.065	383	0.319167
762	645.911	443	0.369167
763	646.758	425	0.354167
764	647.605	494	0.411667
765	648.452	455	0.379167
766	649.298	424	0.353333
767	650.145	464	0.386667
768	650.992	430	0.358333
769	651.839	420	0.35
770	652.686	414	0.345
771	653.532	424	0.353333
772	654.379	436	0.363333
773	655.226	433	0.360833
774	656.073	475	0.395833
775	656.919	404	0.336667
776	657.766	445	0.370833
777	658.613	431	0.359167
778	659.460	403	0.335833
779	660.306	408	0.34
780	661.153	432	0.36
781	662.000	430	0.358333
782	662.847	428	0.356667
783	663.694	412	0.343333
784	664.540	435	0.3625
785	665.387	394	0.328333
786	666.234	434	0.361667
787	667.081	405	0.3375
788	667.927	398	0.331667
789	668.774	374	0.311667
790	669.621	444	0.37
791	670.468	404	0.336667
792	671.315	420	0.35
793	672.161	373	0.310833
794	673.008	413	0.344167
795	673.855	395	0.329167
796	674.702	450	0.375
797	675.548	384	0.32
798	676.395	372	0.31
799	677.242	379	0.315833
800	678.089	385	0.320833
801	678.936	372	0.31
802	679.782	381	0.3175
803	680.629	378	0.315
804	681.476	416	0.346667
805	682.323	378	0.315
806	683.169	386	0.321667
807	684.016	416	0.346667
808	684.863	422	0.351667
809	685.710	376	0.313333
810	686.556	342	0.285
811	687.403	365	0.304167
812	688.250	385	0.320833
813	689.097	355	0.295833
814	689.944	395	0.329167
815	690.790	431	0.359167
816	691.637	336	0.28
817	692.484	387	0.3225
818	693.331	396	0.33
819	694.177	402	0.335
820	695.024	396	0.33
821	695.871	405	0.3375
822	696.718	398	0.331667
823	697.565	365	0.304167
824	698.411	373	0.310833
825	699.258	385	0.320833
826	700.105	371	0.309167
827	700.952	396	0.33
828	701.798	380	0.316667
829	702.645	349	0.290833
830	703.492	386	0.321667
831	704.339	415	0.345833
832	705.186	350	0.291667
833	706.032	357	0.2975
834	706.879	362	0.301667
835	707.726	352	0.293333
836	708.573	331	0.275833
837	709.419	365	0.304167
838	710.266	356	0.296667
839	711.113	355	0.295833
840	711.960	372	0.31
841	712.806	344	0.286667
842	713.653	338	0.281667
843	714.500	354	0.295
844	715.347	372	0.31
845	716.194	341	0.284167
846	717.040	376	0.313333
847	717.887	377	0.314167
848	718.734	350	0.291667
849	719.581	363	0.3025
850	720.427	389	0.324167
851	721.274	351	0.2925
852	722.121	352	0.293333
853	722.968	335	0.279167
854	723.815	369	0.3075
855	724.661	378	0.315
856	725.508	358	0.298333
857	726.355	362	0.301667
858	727.202	360	0.3
859	728.048	324	0.27
860	728.895	373	0.310833
861	729.742	340	0.283333
862	730.589	343	0.285833
863	731.436	383	0.319167
864	732.282	382	0.318333
865	733.129	344	0.286667
866	733.976	338	0.281667
867	734.823	322	0.268333
868	735.669	341	0.284167
869	736.516	354	0.295
870	737.363	322	0.268333
871	738.210	365	0.304167
872	739.056	360	0.3
873	739.903	335	0.279167
874	740.750	316	0.263333
875	741.597	346	0.288333
876	742.444	321	0.2675
877	743.290	327	0.2725
878	744.137	336	0.28
879	744.984	315	0.2625
880	745.831	308	0.256667
881	746.677	311	0.259167
882	747.524	322	0.268333
883	748.371	316	0.263333
884	749.218	303	0.2525
885	750.065	331	0.275833
886	750.911	348	0.29
887	751.758	321	0.2675
888	752.605	306	0.255
889	753.452	301	0.250833
890	754.298	311	0.259167
891	755.145	292	0.243333
892	755.992	351	0.2925
893	756.839	318	0.265
894	757.686	326	0.271667
895	758.532	329	0.274167
896	759.379	288	0.24
897	760.226	337	0.280833
898	761.073	324	0.27
899	761.919	311	0.259167
900	762.766	315	0.2625
901	763.613	308	0.256667
902	764.460	319	0.265833
903	765.306	322	0.268333
904	766.153	306	0.255
905	767.000	320	0.266667
906	767.847	325	0.270833
907	768.694	284	0.236667
908	769.540	293	0.244167
909	770.387	295	0.245833
910	771.234	285	0.2375
911	772.081	302	0.251667
912	772.927	311	0.259167
913	773.774	305	0.254167
914	774.621	303	0.2525
915	775.468	296	0.246667
916	776.315	290	0.241667
917	777.161	270	0.225
918	778.008	317	0.264167
919	778.855	290	0.241667
920	779.702	288	0.24
921	780.548	295	0.245833
922	781.395	280	0.233333
923	782.242	260	0.216667
924	783.089	296	0.246667
925	783.936	308	0.256667
926	784.782	267	0.2225
927	785.629	275	0.229167
928	786.476	270	0.225
929	787.323	280	0.233333
930	788.169	282	0.235
931	789.016	293	0.244167
932	789.863	297	0.2475
933	790.710	283	0.235833
934	791.556	300	0.25
935	792.403	260	0.216667
936	793.250	250	0.208333
937	794.097	264	0.22
938	794.944	269	0.224167
939	795.790	269	0.224167
940	796.637	257	0.214167
941	797.484	298	0.248333
942	798.331	266	0.221667
943	799.177	271	0.225833
944	800.024	278	0.231667
945	800.871	270	0.225
946	801.718	289	0.240833
947	802.565	257	0.214167
948	803.411	265	0.220833
949	804.258	283	0.235833
950	805.105	271	0.225833
951	805.952	276	0.23
952	806.798	242	0.201667
953	807.645	281	0.234167
954	808.492	266	0.221667
955	809.339	254	0.211667
956	810.186	266	0.221667
957	811.032	253	0.210833
958	811.879	249	0.2075
959	812.726	256	0.213333
960	813.573	262	0.218333
961	814.419	265	0.220833
962	815.266	248	0.206667
963	816.113	245	0.204167
964	816.960	233	0.194167
965	817.806	297	0.2475
966	818.653	259	0.215833
967	819.500	254	0.211667
968	820.347	247	0.205833
969	821.194	248	0.206667
970	822.040	252	0.21
971	822.887	269	0.224167
972	823.734	239	0.199167
973	824.581	253	0.210833
974	825.427	257	0.214167
975	826.274	245	0.204167
976	827.121	219	0.1825
977	827.968	218	0.181667
978	828.815	242	0.201667
979	829.661	245	0.204167
980	830.508	246	0.205
981	831.355	237	0.1975
982	832.202	241	0.200833
983	833.048	237	0.1975
984	833.895	235	0.195833
985	834.742	246	0.205
986	835.589	232	0.193333
987	836.436	251	0.209167
988	837.282	226	0.188333
989	838.129	228	0.19
990	838.976	218	0.181667
991	839.823	228	0.19
992	840.669	238	0.198333
993	841.516	222	0.185
994	842.363	211	0.175833
995	843.210	239	0.199167
996	844.056	225	0.1875
997	844.903	227	0.189167
998	845.750	224	0.186667
999	846.597	212	0.176667
1000	847.444	206	0.171667
1001	848.290	208	0.173333
1002	849.137	217	0.180833
1003	849.984	222	0.185
1004	850.831	228	0.19
1005	851.677	216	0.18
1006	852.524	203	0.169167
1007	853.371	211	0.175833
1008	854.218	261	0.2175
1009	855.065	227	0.189167
1010	855.911	216	0.18
1011	856.758	226	0.188333
1012	857.605	240	0.2
1013	858.452	206	0.171667
1014	859.298	223	0.185833
1015	860.145	237	0.1975
1016	860.992	225	0.1875
1017	861.839	199	0.165833
1018	862.686	201	0.1675
1019	863.532	238	0.198333
1020	864.379	200	0.166667
1021	865.226	210	0.175
1022	866.073	211	0.175833
1023	866.919	219	0.1825
1024	867.766	198	0.165
