#
# Sample name: Sample title.                                                   
# Sample id:   
# Sample type: 
# User name:   
# Sample description: 
#
# Start time:    2024-05-24, 10:30:23
# Real time (s): 1227.290
# Live time (s): 1200.000
#
# Total counts:  1289348
#
# Left marker:  511 (433.371 keV)
# Right marker: 513 (435.065 keV)
# Counts:  2274
#
# Energy calibration coefficients ( E = sum(Ai * n**i) )
#     A0: 0.669355
#     A1: 0.846774
#     A2: 0.000000
#     A3: 0.000000
# Energy unit: keV
#
# Channel data
# n	energy(keV)	counts	rate(1/s)
#-----------------------------------------------------------------------
1	1.516	0	0
2	2.363	0	0
3	3.210	0	0
4	4.056	0	0
5	4.903	0	0
6	5.750	0	0
7	6.597	5	0.00416667
8	7.444	47	0.0391667
9	8.290	355	0.295833
10	9.137	974	0.811667
11	9.984	1446	1.205
12	10.831	1928	1.60667
13	11.677	2066	1.72167
14	12.524	2035	1.69583
15	13.371	1967	1.63917
16	14.218	2029	1.69083
17	15.065	2007	1.6725
18	15.911	2097	1.7475
19	16.758	2026	1.68833
20	17.605	1925	1.60417
21	18.452	1935	1.6125
22	19.298	1981	1.65083
23	20.145	1933	1.61083
24	20.992	2001	1.6675
25	21.839	2004	1.67
26	22.685	1979	1.64917
27	23.532	2008	1.67333
28	24.379	1996	1.66333
29	25.226	1912	1.59333
30	26.073	1953	1.6275
31	26.919	1997	1.66417
32	27.766	2015	1.67917
33	28.613	2005	1.67083
34	29.460	2007	1.6725
35	30.306	2092	1.74333
36	31.153	2035	1.69583
37	32.000	2074	1.72833
38	32.847	2011	1.67583
39	33.694	2014	1.67833
40	34.540	1955	1.62917
41	35.387	2026	1.68833
42	36.234	1957	1.63083
43	37.081	1968	1.64
44	37.927	2064	1.72
45	38.774	1956	1.63
46	39.621	2011	1.67583
47	40.468	2026	1.68833
48	41.315	1958	1.63167
49	42.161	2025	1.6875
50	43.008	2086	1.73833
51	43.855	2045	1.70417
52	44.702	2106	1.755
53	45.548	2002	1.66833
54	46.395	2060	1.71667
55	47.242	2021	1.68417
56	48.089	1987	1.65583
57	48.935	1995	1.6625
58	49.782	2011	1.67583
59	50.629	1978	1.64833
60	51.476	1972	1.64333
61	52.323	2012	1.67667
62	53.169	2047	1.70583
63	54.016	2030	1.69167
64	54.863	2084	1.73667
65	55.710	1976	1.64667
66	56.556	1922	1.60167
67	57.403	2076	1.73
68	58.250	2116	1.76333
69	59.097	2216	1.84667
70	59.944	2057	1.71417
71	60.790	2187	1.8225
72	61.637	2037	1.6975
73	62.484	2076	1.73
74	63.331	2025	1.6875
75	64.177	2110	1.75833
76	65.024	2065	1.72083
77	65.871	2135	1.77917
78	66.718	2029	1.69083
79	67.565	2111	1.75917
80	68.411	2068	1.72333
81	69.258	2076	1.73
82	70.105	2070	1.725
83	70.952	2067	1.7225
84	71.798	2044	1.70333
85	72.645	2127	1.7725
86	73.492	2188	1.82333
87	74.339	2148	1.79
88	75.185	2100	1.75
89	76.032	2029	1.69083
90	76.879	2144	1.78667
91	77.726	2174	1.81167
92	78.573	2132	1.77667
93	79.419	2097	1.7475
94	80.266	2192	1.82667
95	81.113	2117	1.76417
96	81.960	2216	1.84667
97	82.806	2154	1.795
98	83.653	2125	1.77083
99	84.500	2200	1.83333
100	85.347	2262	1.885
101	86.194	2173	1.81083
102	87.040	2224	1.85333
103	87.887	2192	1.82667
104	88.734	2227	1.85583
105	89.581	2240	1.86667
106	90.427	2284	1.90333
107	91.274	2331	1.9425
108	92.121	2249	1.87417
109	92.968	2302	1.91833
110	93.815	2290	1.90833
111	94.661	2267	1.88917
112	95.508	2301	1.9175
113	96.355	2371	1.97583
114	97.202	2303	1.91917
115	98.048	2357	1.96417
116	98.895	2371	1.97583
117	99.742	2361	1.9675
118	100.589	2361	1.9675
119	101.435	2416	2.01333
120	102.282	2278	1.89833
121	103.129	2364	1.97
122	103.976	2392	1.99333
123	104.823	2405	2.00417
124	105.669	2403	2.0025
125	106.516	2495	2.07917
126	107.363	2502	2.085
127	108.210	2407	2.00583
128	109.056	2416	2.01333
129	109.903	2432	2.02667
130	110.750	2359	1.96583
131	111.597	2406	2.005
132	112.444	2498	2.08167
133	113.290	2410	2.00833
134	114.137	2563	2.13583
135	114.984	2442	2.035
136	115.831	2501	2.08417
137	116.677	2424	2.02
138	117.524	2390	1.99167
139	118.371	2457	2.0475
140	119.218	2459	2.04917
141	120.065	2461	2.05083
142	120.911	2526	2.105
143	121.758	2588	2.15667
144	122.605	2473	2.06083
145	123.452	2530	2.10833
146	124.298	2542	2.11833
147	125.145	2487	2.0725
148	125.992	2379	1.9825
149	126.839	2433	2.0275
150	127.685	2435	2.02917
151	128.532	2516	2.09667
152	129.379	2444	2.03667
153	130.226	2486	2.07167
154	131.073	2365	1.97083
155	131.919	2372	1.97667
156	132.766	2408	2.00667
157	133.613	2357	1.96417
158	134.460	2347	1.95583
159	135.306	2463	2.0525
160	136.153	2437	2.03083
161	137.000	2374	1.97833
162	137.847	2302	1.91833
163	138.694	2319	1.9325
164	139.540	2381	1.98417
165	140.387	2336	1.94667
166	141.234	2268	1.89
167	142.081	2246	1.87167
168	142.927	2334	1.945
169	143.774	2180	1.81667
170	144.621	2329	1.94083
171	145.468	2198	1.83167
172	146.315	2261	1.88417
173	147.161	2280	1.9
174	148.008	2214	1.845
175	148.855	2284	1.90333
176	149.702	2290	1.90833
177	150.548	2195	1.82917
178	151.395	2141	1.78417
179	152.242	2244	1.87
180	153.089	2316	1.93
181	153.935	2175	1.8125
182	154.782	2223	1.8525
183	155.629	2238	1.865
184	156.476	2288	1.90667
185	157.323	2155	1.79583
186	158.169	2159	1.79917
187	159.016	2169	1.8075
188	159.863	2059	1.71583
189	160.710	2143	1.78583
190	161.556	2083	1.73583
191	162.403	2138	1.78167
192	163.250	2070	1.725
193	164.097	2124	1.77
194	164.944	2062	1.71833
195	165.790	2040	1.7
196	166.637	2080	1.73333
197	167.484	2083	1.73583
198	168.331	2087	1.73917
199	169.177	2084	1.73667
200	170.024	2048	1.70667
201	170.871	2144	1.78667
202	171.718	2002	1.66833
203	172.565	1964	1.63667
204	173.411	2020	1.68333
205	174.258	2035	1.69583
206	175.105	1981	1.65083
207	175.952	2058	1.715
208	176.798	1925	1.60417
209	177.645	1990	1.65833
210	178.492	1983	1.6525
211	179.339	2006	1.67167
212	180.185	1948	1.62333
213	181.032	1887	1.5725
214	181.879	1906	1.58833
215	182.726	1936	1.61333
216	183.573	1948	1.62333
217	184.419	1993	1.66083
218	185.266	1969	1.64083
219	186.113	1934	1.61167
220	186.960	1873	1.56083
221	187.806	1970	1.64167
222	188.653	1929	1.6075
223	189.500	1918	1.59833
224	190.347	1863	1.5525
225	191.194	1841	1.53417
226	192.040	1930	1.60833
227	192.887	1944	1.62
228	193.734	1928	1.60667
229	194.581	1864	1.55333
230	195.427	1881	1.5675
231	196.274	1898	1.58167
232	197.121	1817	1.51417
233	197.968	1776	1.48
234	198.815	1800	1.5
235	199.661	1829	1.52417
236	200.508	1842	1.535
237	201.355	1855	1.54583
238	202.202	1872	1.56
239	203.048	1853	1.54417
240	203.895	1765	1.47083
241	204.742	1785	1.4875
242	205.589	1837	1.53083
243	206.435	1763	1.46917
244	207.282	1791	1.4925
245	208.129	1827	1.5225
246	208.976	1749	1.4575
247	209.823	1765	1.47083
248	210.669	1815	1.5125
249	211.516	1702	1.41833
250	212.363	1774	1.47833
251	213.210	1793	1.49417
252	214.056	1814	1.51167
253	214.903	1770	1.475
254	215.750	1801	1.50083
255	216.597	1726	1.43833
256	217.444	1790	1.49167
257	218.290	1805	1.50417
258	219.137	1725	1.4375
259	219.984	1722	1.435
260	220.831	1729	1.44083
261	221.677	1831	1.52583
262	222.524	1719	1.4325
263	223.371	1783	1.48583
264	224.218	1646	1.37167
265	225.065	1775	1.47917
266	225.911	1820	1.51667
267	226.758	1704	1.42
268	227.605	1678	1.39833
269	228.452	1653	1.3775
270	229.298	1717	1.43083
271	230.145	1753	1.46083
272	230.992	1646	1.37167
273	231.839	1701	1.4175
274	232.685	1672	1.39333
275	233.532	1707	1.4225
276	234.379	1641	1.3675
277	235.226	1727	1.43917
278	236.073	1681	1.40083
279	236.919	1685	1.40417
280	237.766	1709	1.42417
281	238.613	1629	1.3575
282	239.460	1633	1.36083
283	240.306	1737	1.4475
284	241.153	1683	1.4025
285	242.000	1654	1.37833
286	242.847	1700	1.41667
287	243.694	1683	1.4025
288	244.540	1637	1.36417
289	245.387	1645	1.37083
290	246.234	1722	1.435
291	247.081	1679	1.39917
292	247.927	1602	1.335
293	248.774	1740	1.45
294	249.621	1693	1.41083
295	250.468	1668	1.39
296	251.315	1576	1.31333
297	252.161	1674	1.395
298	253.008	1770	1.475
299	253.855	1650	1.375
300	254.702	1708	1.42333
301	255.548	1664	1.38667
302	256.395	1639	1.36583
303	257.242	1668	1.39
304	258.089	1590	1.325
305	258.935	1706	1.42167
306	259.782	1659	1.3825
307	260.629	1659	1.3825
308	261.476	1635	1.3625
309	262.323	1625	1.35417
310	263.169	1647	1.3725
311	264.016	1652	1.37667
312	264.863	1616	1.34667
313	265.710	1665	1.3875
314	266.556	1613	1.34417
315	267.403	1600	1.33333
316	268.250	1623	1.3525
317	269.097	1671	1.3925
318	269.944	1616	1.34667
319	270.790	1569	1.3075
320	271.637	1605	1.3375
321	272.484	1581	1.3175
322	273.331	1672	1.39333
323	274.177	1589	1.32417
324	275.024	1651	1.37583
325	275.871	1622	1.35167
326	276.718	1634	1.36167
327	277.565	1576	1.31333
328	278.411	1588	1.32333
329	279.258	1591	1.32583
330	280.105	1595	1.32917
331	280.952	1594	1.32833
332	281.798	1593	1.3275
333	282.645	1643	1.36917
334	283.492	1633	1.36083
335	284.339	1588	1.32333
336	285.185	1689	1.4075
337	286.032	1617	1.3475
338	286.879	1638	1.365
339	287.726	1640	1.36667
340	288.573	1583	1.31917
341	289.419	1636	1.36333
342	290.266	1599	1.3325
343	291.113	1567	1.30583
344	291.960	1662	1.385
345	292.806	1579	1.31583
346	293.653	1587	1.3225
347	294.500	1570	1.30833
348	295.347	1606	1.33833
349	296.194	1571	1.30917
350	297.040	1598	1.33167
351	297.887	1576	1.31333
352	298.734	1593	1.3275
353	299.581	1542	1.285
354	300.427	1596	1.33
355	301.274	1504	1.25333
356	302.121	1611	1.3425
357	302.968	1555	1.29583
358	303.815	1556	1.29667
359	304.661	1569	1.3075
360	305.508	1556	1.29667
361	306.355	1596	1.33
362	307.202	1599	1.3325
363	308.048	1595	1.32917
364	308.895	1585	1.32083
365	309.742	1585	1.32083
366	310.589	1613	1.34417
367	311.435	1543	1.28583
368	312.282	1632	1.36
369	313.129	1591	1.32583
370	313.976	1528	1.27333
371	314.823	1538	1.28167
372	315.669	1557	1.2975
373	316.516	1579	1.31583
374	317.363	1566	1.305
375	318.210	1570	1.30833
376	319.056	1559	1.29917
377	319.903	1594	1.32833
378	320.750	1535	1.27917
379	321.597	1627	1.35583
380	322.444	1598	1.33167
381	323.290	1620	1.35
382	324.137	1506	1.255
383	324.984	1636	1.36333
384	325.831	1527	1.2725
385	326.677	1604	1.33667
386	327.524	1502	1.25167
387	328.371	1535	1.27917
388	329.218	1629	1.3575
389	330.065	1568	1.30667
390	330.911	1617	1.3475
391	331.758	1604	1.33667
392	332.605	1532	1.27667
393	333.452	1563	1.3025
394	334.298	1619	1.34917
395	335.145	1590	1.325
396	335.992	1580	1.31667
397	336.839	1601	1.33417
398	337.685	1518	1.265
399	338.532	1535	1.27917
400	339.379	1484	1.23667
401	340.226	1564	1.30333
402	341.073	1587	1.3225
403	341.919	1588	1.32333
404	342.766	1517	1.26417
405	343.613	1489	1.24083
406	344.460	1638	1.365
407	345.306	1559	1.29917
408	346.153	1507	1.25583
409	347.000	1542	1.285
410	347.847	1581	1.3175
411	348.694	1545	1.2875
412	349.540	1501	1.25083
413	350.387	1543	1.28583
414	351.234	1528	1.27333
415	352.081	1575	1.3125
416	352.927	1463	1.21917
417	353.774	1521	1.2675
418	354.621	1505	1.25417
419	355.468	1549	1.29083
420	356.315	1590	1.325
421	357.161	1472	1.22667
422	358.008	1490	1.24167
423	358.855	1491	1.2425
424	359.702	1505	1.25417
425	360.548	1506	1.255
426	361.395	1477	1.23083
427	362.242	1465	1.22083
428	363.089	1472	1.22667
429	363.935	1471	1.22583
430	364.782	1567	1.30583
431	365.629	1471	1.22583
432	366.476	1418	1.18167
433	367.323	1412	1.17667
434	368.169	1425	1.1875
435	369.016	1500	1.25
436	369.863	1459	1.21583
437	370.710	1500	1.25
438	371.556	1379	1.14917
439	372.403	1366	1.13833
440	373.250	1452	1.21
441	374.097	1411	1.17583
442	374.944	1358	1.13167
443	375.790	1406	1.17167
444	376.637	1370	1.14167
445	377.484	1478	1.23167
446	378.331	1505	1.25417
447	379.177	1344	1.12
448	380.024	1422	1.185
449	380.871	1342	1.11833
450	381.718	1360	1.13333
451	382.565	1411	1.17583
452	383.411	1350	1.125
453	384.258	1350	1.125
454	385.105	1396	1.16333
455	385.952	1298	1.08167
456	386.798	1341	1.1175
457	387.645	1329	1.1075
458	388.492	1332	1.11
459	389.339	1208	1.00667
460	390.185	1320	1.1
461	391.032	1291	1.07583
462	391.879	1277	1.06417
463	392.726	1241	1.03417
464	393.573	1298	1.08167
465	394.419	1290	1.075
466	395.266	1226	1.02167
467	396.113	1191	0.9925
468	396.960	1216	1.01333
469	397.806	1180	0.983333
470	398.653	1225	1.02083
471	399.500	1252	1.04333
472	400.347	1127	0.939167
473	401.194	1225	1.02083
474	402.040	1158	0.965
475	402.887	1162	0.968333
476	403.734	1154	0.961667
477	404.581	1154	0.961667
478	405.427	1197	0.9975
479	406.274	1238	1.03167
480	407.121	1157	0.964167
481	407.968	1095	0.9125
482	408.815	1179	0.9825
483	409.661	1126	0.938333
484	410.508	1162	0.968333
485	411.355	1160	0.966667
486	412.202	1162	0.968333
487	413.048	1174	0.978333
488	413.895	1154	0.961667
489	414.742	1200	1
490	415.589	1094	0.911667
491	416.435	1104	0.92
492	417.282	1116	0.93
493	418.129	1054	0.878333
494	418.976	1120	0.933333
495	419.823	1135	0.945833
496	420.669	1125	0.9375
497	421.516	1150	0.958333
498	422.363	1101	0.9175
499	423.210	1124	0.936667
500	424.056	1142	0.951667
501	424.903	1152	0.96
502	425.750	1096	0.913333
503	426.597	1111	0.925833
504	427.444	1131	0.9425
505	428.290	1146	0.955
506	429.137	1092	0.91
507	429.984	1138	0.948333
508	430.831	1115	0.929167
509	431.677	1134	0.945
510	432.524	1100	0.916667
511	433.371	1089	0.9075
512	434.218	1144	0.953333
513	435.065	1130	0.941667
514	435.911	1117	0.930833
515	436.758	1126	0.938333
516	437.605	1069	0.890833
517	438.452	1168	0.973333
518	439.298	1120	0.933333
519	440.145	1183	0.985833
520	440.992	1047	0.8725
521	441.839	1159	0.965833
522	442.685	1171	0.975833
523	443.532	1150	0.958333
524	444.379	1149	0.9575
525	445.226	1210	1.00833
526	446.073	1178	0.981667
527	446.919	1216	1.01333
528	447.766	1217	1.01417
529	448.613	1237	1.03083
530	449.460	1271	1.05917
531	450.306	1207	1.00583
532	451.153	1179	0.9825
533	452.000	1240	1.03333
534	452.847	1232	1.02667
535	453.694	1258	1.04833
536	454.540	1227	1.0225
537	455.387	1246	1.03833
538	456.234	1308	1.09
539	457.081	1301	1.08417
540	457.927	1299	1.0825
541	458.774	1288	1.07333
542	459.621	1328	1.10667
543	460.468	1351	1.12583
544	461.315	1363	1.13583
545	462.161	1327	1.10583
546	463.008	1334	1.11167
547	463.855	1352	1.12667
548	464.702	1334	1.11167
549	465.548	1378	1.14833
550	466.395	1308	1.09
551	467.242	1317	1.0975
552	468.089	1325	1.10417
553	468.935	1423	1.18583
554	469.782	1367	1.13917
555	470.629	1390	1.15833
556	471.476	1415	1.17917
557	472.323	1388	1.15667
558	473.169	1334	1.11167
559	474.016	1420	1.18333
560	474.863	1472	1.22667
561	475.710	1370	1.14167
562	476.556	1397	1.16417
563	477.403	1419	1.1825
564	478.250	1511	1.25917
565	479.097	1426	1.18833
566	479.944	1383	1.1525
567	480.790	1418	1.18167
568	481.637	1407	1.1725
569	482.484	1364	1.13667
570	483.331	1410	1.175
571	484.177	1411	1.17583
572	485.024	1481	1.23417
573	485.871	1412	1.17667
574	486.718	1480	1.23333
575	487.565	1403	1.16917
576	488.411	1473	1.2275
577	489.258	1445	1.20417
578	490.105	1379	1.14917
579	490.952	1428	1.19
580	491.798	1412	1.17667
581	492.645	1406	1.17167
582	493.492	1422	1.185
583	494.339	1429	1.19083
584	495.185	1405	1.17083
585	496.032	1335	1.1125
586	496.879	1364	1.13667
587	497.726	1386	1.155
588	498.573	1396	1.16333
589	499.419	1337	1.11417
590	500.266	1447	1.20583
591	501.113	1434	1.195
592	501.960	1362	1.135
593	502.806	1350	1.125
594	503.653	1364	1.13667
595	504.500	1350	1.125
596	505.347	1322	1.10167
597	506.194	1263	1.0525
598	507.040	1320	1.1
599	507.887	1306	1.08833
600	508.734	1308	1.09
601	509.581	1286	1.07167
602	510.427	1294	1.07833
603	511.274	1249	1.04083
604	512.121	1184	0.986667
605	512.968	1214	1.01167
606	513.815	1259	1.04917
607	514.661	1232	1.02667
608	515.508	1241	1.03417
609	516.355	1206	1.005
610	517.202	1191	0.9925
611	518.048	1191	0.9925
612	518.895	1153	0.960833
613	519.742	1165	0.970833
614	520.589	1169	0.974167
615	521.436	1118	0.931667
616	522.282	1109	0.924167
617	523.129	1139	0.949167
618	523.976	1113	0.9275
619	524.823	1224	1.02
620	525.669	1126	0.938333
621	526.516	1102	0.918333
622	527.363	1086	0.905
623	528.210	1060	0.883333
624	529.056	1085	0.904167
625	529.903	1087	0.905833
626	530.750	1061	0.884167
627	531.597	1095	0.9125
628	532.444	1043	0.869167
629	533.290	1000	0.833333
630	534.137	998	0.831667
631	534.984	1019	0.849167
632	535.831	1055	0.879167
633	536.677	960	0.8
634	537.524	949	0.790833
635	538.371	1053	0.8775
636	539.218	1040	0.866667
637	540.065	950	0.791667
638	540.911	981	0.8175
639	541.758	982	0.818333
640	542.605	961	0.800833
641	543.452	977	0.814167
642	544.298	929	0.774167
643	545.145	912	0.76
644	545.992	895	0.745833
645	546.839	889	0.740833
646	547.686	920	0.766667
647	548.532	897	0.7475
648	549.379	961	0.800833
649	550.226	898	0.748333
650	551.073	881	0.734167
651	551.919	953	0.794167
652	552.766	914	0.761667
653	553.613	900	0.75
654	554.460	919	0.765833
655	555.306	886	0.738333
656	556.153	833	0.694167
657	557.000	895	0.745833
658	557.847	808	0.673333
659	558.694	855	0.7125
660	559.540	862	0.718333
661	560.387	800	0.666667
662	561.234	795	0.6625
663	562.081	857	0.714167
664	562.927	903	0.7525
665	563.774	835	0.695833
666	564.621	813	0.6775
667	565.468	811	0.675833
668	566.315	820	0.683333
669	567.161	855	0.7125
670	568.008	861	0.7175
671	568.855	784	0.653333
672	569.702	795	0.6625
673	570.548	771	0.6425
674	571.395	845	0.704167
675	572.242	775	0.645833
676	573.089	746	0.621667
677	573.936	768	0.64
678	574.782	787	0.655833
679	575.629	797	0.664167
680	576.476	817	0.680833
681	577.323	742	0.618333
682	578.169	764	0.636667
683	579.016	745	0.620833
684	579.863	696	0.58
685	580.710	764	0.636667
686	581.556	767	0.639167
687	582.403	749	0.624167
688	583.250	746	0.621667
689	584.097	759	0.6325
690	584.944	734	0.611667
691	585.790	751	0.625833
692	586.637	747	0.6225
693	587.484	762	0.635
694	588.331	719	0.599167
695	589.177	721	0.600833
696	590.024	679	0.565833
697	590.871	686	0.571667
698	591.718	704	0.586667
699	592.565	689	0.574167
700	593.411	721	0.600833
701	594.258	700	0.583333
702	595.105	684	0.57
703	595.952	699	0.5825
704	596.798	656	0.546667
705	597.645	652	0.543333
706	598.492	722	0.601667
707	599.339	688	0.573333
708	600.186	657	0.5475
709	601.032	685	0.570833
710	601.879	641	0.534167
711	602.726	653	0.544167
712	603.573	649	0.540833
713	604.419	644	0.536667
714	605.266	658	0.548333
715	606.113	645	0.5375
716	606.960	635	0.529167
717	607.806	660	0.55
718	608.653	633	0.5275
719	609.500	644	0.536667
720	610.347	623	0.519167
721	611.194	625	0.520833
722	612.040	631	0.525833
723	612.887	610	0.508333
724	613.734	651	0.5425
725	614.581	623	0.519167
726	615.427	648	0.54
727	616.274	598	0.498333
728	617.121	644	0.536667
729	617.968	624	0.52
730	618.815	594	0.495
731	619.661	636	0.53
732	620.508	610	0.508333
733	621.355	581	0.484167
734	622.202	605	0.504167
735	623.048	574	0.478333
736	623.895	628	0.523333
737	624.742	599	0.499167
738	625.589	623	0.519167
739	626.436	589	0.490833
740	627.282	592	0.493333
741	628.129	583	0.485833
742	628.976	611	0.509167
743	629.823	557	0.464167
744	630.669	566	0.471667
745	631.516	588	0.49
746	632.363	610	0.508333
747	633.210	554	0.461667
748	634.056	561	0.4675
749	634.903	579	0.4825
750	635.750	549	0.4575
751	636.597	553	0.460833
752	637.444	576	0.48
753	638.290	549	0.4575
754	639.137	587	0.489167
755	639.984	543	0.4525
756	640.831	584	0.486667
757	641.677	580	0.483333
758	642.524	593	0.494167
759	643.371	541	0.450833
760	644.218	583	0.485833
761	645.065	584	0.486667
762	645.911	567	0.4725
763	646.758	564	0.47
764	647.605	612	0.51
765	648.452	579	0.4825
766	649.298	541	0.450833
767	650.145	558	0.465
768	650.992	593	0.494167
769	651.839	562	0.468333
770	652.686	578	0.481667
771	653.532	535	0.445833
772	654.379	597	0.4975
773	655.226	514	0.428333
774	656.073	584	0.486667
775	656.919	559	0.465833
776	657.766	572	0.476667
777	658.613	589	0.490833
778	659.460	611	0.509167
779	660.306	551	0.459167
780	661.153	531	0.4425
781	662.000	537	0.4475
782	662.847	580	0.483333
783	663.694	539	0.449167
784	664.540	547	0.455833
785	665.387	555	0.4625
786	666.234	561	0.4675
787	667.081	573	0.4775
788	667.927	608	0.506667
789	668.774	548	0.456667
790	669.621	541	0.450833
791	670.468	538	0.448333
792	671.315	575	0.479167
793	672.161	517	0.430833
794	673.008	571	0.475833
795	673.855	552	0.46
796	674.702	578	0.481667
797	675.548	576	0.48
798	676.395	569	0.474167
799	677.242	523	0.435833
800	678.089	558	0.465
801	678.936	510	0.425
802	679.782	533	0.444167
803	680.629	547	0.455833
804	681.476	590	0.491667
805	682.323	559	0.465833
806	683.169	625	0.520833
807	684.016	608	0.506667
808	684.863	540	0.45
809	685.710	545	0.454167
810	686.556	564	0.47
811	687.403	575	0.479167
812	688.250	592	0.493333
813	689.097	527	0.439167
814	689.944	572	0.476667
815	690.790	544	0.453333
816	691.637	558	0.465
817	692.484	557	0.464167
818	693.331	567	0.4725
819	694.177	537	0.4475
820	695.024	602	0.501667
821	695.871	552	0.46
822	696.718	548	0.456667
823	697.565	591	0.4925
824	698.411	521	0.434167
825	699.258	531	0.4425
826	700.105	516	0.43
827	700.952	542	0.451667
828	701.798	547	0.455833
829	702.645	545	0.454167
830	703.492	551	0.459167
831	704.339	547	0.455833
832	705.186	535	0.445833
833	706.032	566	0.471667
834	706.879	535	0.445833
835	707.726	549	0.4575
836	708.573	562	0.468333
837	709.419	545	0.454167
838	710.266	573	0.4775
839	711.113	557	0.464167
840	711.960	528	0.44
841	712.806	515	0.429167
842	713.653	516	0.43
843	714.500	515	0.429167
844	715.347	533	0.444167
845	716.194	553	0.460833
846	717.040	500	0.416667
847	717.887	520	0.433333
848	718.734	530	0.441667
849	719.581	580	0.483333
850	720.427	563	0.469167
851	721.274	524	0.436667
852	722.121	549	0.4575
853	722.968	511	0.425833
854	723.815	515	0.429167
855	724.661	557	0.464167
856	725.508	562	0.468333
857	726.355	534	0.445
858	727.202	551	0.459167
859	728.048	536	0.446667
860	728.895	546	0.455
861	729.742	582	0.485
862	730.589	519	0.4325
863	731.436	542	0.451667
864	732.282	589	0.490833
865	733.129	550	0.458333
866	733.976	548	0.456667
867	734.823	556	0.463333
868	735.669	578	0.481667
869	736.516	559	0.465833
870	737.363	534	0.445
871	738.210	531	0.4425
872	739.056	570	0.475
873	739.903	538	0.448333
874	740.750	501	0.4175
875	741.597	551	0.459167
876	742.444	548	0.456667
877	743.290	520	0.433333
878	744.137	568	0.473333
879	744.984	517	0.430833
880	745.831	524	0.436667
881	746.677	551	0.459167
882	747.524	531	0.4425
883	748.371	548	0.456667
884	749.218	551	0.459167
885	750.065	561	0.4675
886	750.911	577	0.480833
887	751.758	571	0.475833
888	752.605	522	0.435
889	753.452	539	0.449167
890	754.298	525	0.4375
891	755.145	528	0.44
892	755.992	513	0.4275
893	756.839	535	0.445833
894	757.686	549	0.4575
895	758.532	547	0.455833
896	759.379	575	0.479167
897	760.226	534	0.445
898	761.073	574	0.478333
899	761.919	585	0.4875
900	762.766	558	0.465
901	763.613	550	0.458333
902	764.460	510	0.425
903	765.306	517	0.430833
904	766.153	523	0.435833
905	767.000	562	0.468333
906	767.847	539	0.449167
907	768.694	542	0.451667
908	769.540	544	0.453333
909	770.387	541	0.450833
910	771.234	557	0.464167
911	772.081	559	0.465833
912	772.927	517	0.430833
913	773.774	586	0.488333
914	774.621	546	0.455
915	775.468	548	0.456667
916	776.315	559	0.465833
917	777.161	576	0.48
918	778.008	583	0.485833
919	778.855	525	0.4375
920	779.702	527	0.439167
921	780.548	583	0.485833
922	781.395	556	0.463333
923	782.242	546	0.455
924	783.089	548	0.456667
925	783.936	510	0.425
926	784.782	508	0.423333
927	785.629	491	0.409167
928	786.476	545	0.454167
929	787.323	586	0.488333
930	788.169	511	0.425833
931	789.016	500	0.416667
932	789.863	516	0.43
933	790.710	541	0.450833
934	791.556	543	0.4525
935	792.403	540	0.45
936	793.250	501	0.4175
937	794.097	531	0.4425
938	794.944	526	0.438333
939	795.790	548	0.456667
940	796.637	479	0.399167
941	797.484	547	0.455833
942	798.331	511	0.425833
943	799.177	543	0.4525
944	800.024	525	0.4375
945	800.871	494	0.411667
946	801.718	511	0.425833
947	802.565	539	0.449167
948	803.411	524	0.436667
949	804.258	558	0.465
950	805.105	540	0.45
951	805.952	522	0.435
952	806.798	526	0.438333
953	807.645	492	0.41
954	808.492	532	0.443333
955	809.339	531	0.4425
956	810.186	483	0.4025
957	811.032	540	0.45
958	811.879	519	0.4325
959	812.726	509	0.424167
960	813.573	513	0.4275
961	814.419	524	0.436667
962	815.266	497	0.414167
963	816.113	466	0.388333
964	816.960	488	0.406667
965	817.806	450	0.375
966	818.653	476	0.396667
967	819.500	480	0.4
968	820.347	516	0.43
969	821.194	492	0.41
970	822.040	498	0.415
971	822.887	493	0.410833
972	823.734	524	0.436667
973	824.581	489	0.4075
974	825.427	489	0.4075
975	826.274	507	0.4225
976	827.121	475	0.395833
977	827.968	492	0.41
978	828.815	484	0.403333
979	829.661	484	0.403333
980	830.508	477	0.3975
981	831.355	463	0.385833
982	832.202	454	0.378333
983	833.048	475	0.395833
984	833.895	462	0.385
985	834.742	456	0.38
986	835.589	454	0.378333
987	836.436	500	0.416667
988	837.282	484	0.403333
989	838.129	461	0.384167
990	838.976	440	0.366667
991	839.823	471	0.3925
992	840.669	462	0.385
993	841.516	440	0.366667
994	842.363	448	0.373333
995	843.210	439	0.365833
996	844.056	430	0.358333
997	844.903	469	0.390833
998	845.750	461	0.384167
999	846.597	443	0.369167
1000	847.444	470	0.391667
1001	848.290	427	0.355833
1002	849.137	484	0.403333
1003	849.984	426	0.355
1004	850.831	453	0.3775
1005	851.677	444	0.37
1006	852.524	428	0.356667
1007	853.371	371	0.309167
1008	854.218	428	0.356667
1009	855.065	451	0.375833
1010	855.911	420	0.35
1011	856.758	403	0.335833
1012	857.605	395	0.329167
1013	858.452	410	0.341667
1014	859.298	431	0.359167
1015	860.145	398	0.331667
1016	860.992	421	0.350833
1017	861.839	405	0.3375
1018	862.686	397	0.330833
1019	863.532	411	0.3425
1020	864.379	415	0.345833
1021	865.226	404	0.336667
1022	866.073	412	0.343333
1023	866.919	387	0.3225
1024	867.766	409	0.340833
