#
# Sample name: Sample title.                                                   
# Sample id:   
# Sample type: 
# User name:   
# Sample description: 
#
# Start time:    2024-05-24, 09:17:35
# Real time (s): 1203.260
# Live time (s): 1200.000
#
# Total counts:  117720
#
# Left marker:  511 (433.371 keV)
# Right marker: 513 (435.065 keV)
# Counts:  227
#
# Energy calibration coefficients ( E = sum(Ai * n**i) )
#     A0: 0.669355
#     A1: 0.846774
#     A2: 0.000000
#     A3: 0.000000
# Energy unit: keV
#
# Channel data
# n	energy(keV)	counts	rate(1/s)
#-----------------------------------------------------------------------
1	1.516	0	0
2	2.363	0	0
3	3.210	0	0
4	4.056	0	0
5	4.903	0	0
6	5.750	0	0
7	6.597	1	0.000833333
8	7.444	1	0.000833333
9	8.290	15	0.0125
10	9.137	25	0.0208333
11	9.984	23	0.0191667
12	10.831	32	0.0266667
13	11.677	44	0.0366667
14	12.524	30	0.025
15	13.371	39	0.0325
16	14.218	35	0.0291667
17	15.065	30	0.025
18	15.911	42	0.035
19	16.758	41	0.0341667
20	17.605	32	0.0266667
21	18.452	33	0.0275
22	19.298	46	0.0383333
23	20.145	39	0.0325
24	20.992	62	0.0516667
25	21.839	54	0.045
26	22.685	51	0.0425
27	23.532	51	0.0425
28	24.379	51	0.0425
29	25.226	65	0.0541667
30	26.073	60	0.05
31	26.919	53	0.0441667
32	27.766	87	0.0725
33	28.613	57	0.0475
34	29.460	75	0.0625
35	30.306	83	0.0691667
36	31.153	94	0.0783333
37	32.000	81	0.0675
38	32.847	93	0.0775
39	33.694	76	0.0633333
40	34.540	112	0.0933333
41	35.387	109	0.0908333
42	36.234	111	0.0925
43	37.081	95	0.0791667
44	37.927	89	0.0741667
45	38.774	91	0.0758333
46	39.621	121	0.100833
47	40.468	122	0.101667
48	41.315	148	0.123333
49	42.161	109	0.0908333
50	43.008	130	0.108333
51	43.855	138	0.115
52	44.702	152	0.126667
53	45.548	145	0.120833
54	46.395	117	0.0975
55	47.242	140	0.116667
56	48.089	156	0.13
57	48.935	146	0.121667
58	49.782	150	0.125
59	50.629	144	0.12
60	51.476	171	0.1425
61	52.323	173	0.144167
62	53.169	162	0.135
63	54.016	160	0.133333
64	54.863	146	0.121667
65	55.710	157	0.130833
66	56.556	137	0.114167
67	57.403	134	0.111667
68	58.250	141	0.1175
69	59.097	153	0.1275
70	59.944	185	0.154167
71	60.790	176	0.146667
72	61.637	157	0.130833
73	62.484	136	0.113333
74	63.331	164	0.136667
75	64.177	165	0.1375
76	65.024	144	0.12
77	65.871	165	0.1375
78	66.718	152	0.126667
79	67.565	168	0.14
80	68.411	159	0.1325
81	69.258	145	0.120833
82	70.105	158	0.131667
83	70.952	156	0.13
84	71.798	170	0.141667
85	72.645	149	0.124167
86	73.492	163	0.135833
87	74.339	154	0.128333
88	75.185	134	0.111667
89	76.032	171	0.1425
90	76.879	137	0.114167
91	77.726	141	0.1175
92	78.573	153	0.1275
93	79.419	156	0.13
94	80.266	156	0.13
95	81.113	161	0.134167
96	81.960	161	0.134167
97	82.806	161	0.134167
98	83.653	152	0.126667
99	84.500	138	0.115
100	85.347	123	0.1025
101	86.194	146	0.121667
102	87.040	148	0.123333
103	87.887	138	0.115
104	88.734	151	0.125833
105	89.581	166	0.138333
106	90.427	162	0.135
107	91.274	141	0.1175
108	92.121	153	0.1275
109	92.968	168	0.14
110	93.815	151	0.125833
111	94.661	155	0.129167
112	95.508	164	0.136667
113	96.355	170	0.141667
114	97.202	165	0.1375
115	98.048	136	0.113333
116	98.895	162	0.135
117	99.742	147	0.1225
118	100.589	147	0.1225
119	101.435	147	0.1225
120	102.282	148	0.123333
121	103.129	159	0.1325
122	103.976	157	0.130833
123	104.823	159	0.1325
124	105.669	163	0.135833
125	106.516	161	0.134167
126	107.363	159	0.1325
127	108.210	156	0.13
128	109.056	144	0.12
129	109.903	164	0.136667
130	110.750	155	0.129167
131	111.597	152	0.126667
132	112.444	156	0.13
133	113.290	184	0.153333
134	114.137	149	0.124167
135	114.984	156	0.13
136	115.831	176	0.146667
137	116.677	165	0.1375
138	117.524	171	0.1425
139	118.371	157	0.130833
140	119.218	160	0.133333
141	120.065	147	0.1225
142	120.911	163	0.135833
143	121.758	144	0.12
144	122.605	168	0.14
145	123.452	169	0.140833
146	124.298	175	0.145833
147	125.145	173	0.144167
148	125.992	162	0.135
149	126.839	171	0.1425
150	127.685	165	0.1375
151	128.532	197	0.164167
152	129.379	191	0.159167
153	130.226	189	0.1575
154	131.073	153	0.1275
155	131.919	167	0.139167
156	132.766	158	0.131667
157	133.613	180	0.15
158	134.460	190	0.158333
159	135.306	181	0.150833
160	136.153	164	0.136667
161	137.000	200	0.166667
162	137.847	188	0.156667
163	138.694	202	0.168333
164	139.540	188	0.156667
165	140.387	217	0.180833
166	141.234	189	0.1575
167	142.081	212	0.176667
168	142.927	174	0.145
169	143.774	198	0.165
170	144.621	195	0.1625
171	145.468	222	0.185
172	146.315	179	0.149167
173	147.161	196	0.163333
174	148.008	230	0.191667
175	148.855	174	0.145
176	149.702	215	0.179167
177	150.548	199	0.165833
178	151.395	222	0.185
179	152.242	221	0.184167
180	153.089	185	0.154167
181	153.935	220	0.183333
182	154.782	222	0.185
183	155.629	209	0.174167
184	156.476	206	0.171667
185	157.323	259	0.215833
186	158.169	227	0.189167
187	159.016	212	0.176667
188	159.863	240	0.2
189	160.710	227	0.189167
190	161.556	251	0.209167
191	162.403	231	0.1925
192	163.250	254	0.211667
193	164.097	229	0.190833
194	164.944	231	0.1925
195	165.790	229	0.190833
196	166.637	244	0.203333
197	167.484	248	0.206667
198	168.331	230	0.191667
199	169.177	254	0.211667
200	170.024	252	0.21
201	170.871	269	0.224167
202	171.718	240	0.2
203	172.565	235	0.195833
204	173.411	269	0.224167
205	174.258	248	0.206667
206	175.105	243	0.2025
207	175.952	236	0.196667
208	176.798	237	0.1975
209	177.645	244	0.203333
210	178.492	252	0.21
211	179.339	246	0.205
212	180.185	246	0.205
213	181.032	256	0.213333
214	181.879	255	0.2125
215	182.726	227	0.189167
216	183.573	257	0.214167
217	184.419	219	0.1825
218	185.266	235	0.195833
219	186.113	254	0.211667
220	186.960	254	0.211667
221	187.806	250	0.208333
222	188.653	269	0.224167
223	189.500	261	0.2175
224	190.347	294	0.245
225	191.194	254	0.211667
226	192.040	257	0.214167
227	192.887	239	0.199167
228	193.734	239	0.199167
229	194.581	241	0.200833
230	195.427	253	0.210833
231	196.274	273	0.2275
232	197.121	256	0.213333
233	197.968	269	0.224167
234	198.815	229	0.190833
235	199.661	269	0.224167
236	200.508	262	0.218333
237	201.355	256	0.213333
238	202.202	267	0.2225
239	203.048	234	0.195
240	203.895	317	0.264167
241	204.742	250	0.208333
242	205.589	235	0.195833
243	206.435	245	0.204167
244	207.282	238	0.198333
245	208.129	286	0.238333
246	208.976	272	0.226667
247	209.823	236	0.196667
248	210.669	267	0.2225
249	211.516	263	0.219167
250	212.363	218	0.181667
251	213.210	245	0.204167
252	214.056	259	0.215833
253	214.903	240	0.2
254	215.750	278	0.231667
255	216.597	240	0.2
256	217.444	262	0.218333
257	218.290	281	0.234167
258	219.137	253	0.210833
259	219.984	235	0.195833
260	220.831	247	0.205833
261	221.677	247	0.205833
262	222.524	245	0.204167
263	223.371	291	0.2425
264	224.218	270	0.225
265	225.065	229	0.190833
266	225.911	236	0.196667
267	226.758	225	0.1875
268	227.605	255	0.2125
269	228.452	241	0.200833
270	229.298	253	0.210833
271	230.145	278	0.231667
272	230.992	244	0.203333
273	231.839	266	0.221667
274	232.685	227	0.189167
275	233.532	259	0.215833
276	234.379	261	0.2175
277	235.226	266	0.221667
278	236.073	259	0.215833
279	236.919	263	0.219167
280	237.766	247	0.205833
281	238.613	267	0.2225
282	239.460	229	0.190833
283	240.306	250	0.208333
284	241.153	258	0.215
285	242.000	261	0.2175
286	242.847	237	0.1975
287	243.694	252	0.21
288	244.540	209	0.174167
289	245.387	234	0.195
290	246.234	254	0.211667
291	247.081	241	0.200833
292	247.927	226	0.188333
293	248.774	246	0.205
294	249.621	242	0.201667
295	250.468	207	0.1725
296	251.315	253	0.210833
297	252.161	247	0.205833
298	253.008	213	0.1775
299	253.855	229	0.190833
300	254.702	231	0.1925
301	255.548	241	0.200833
302	256.395	250	0.208333
303	257.242	209	0.174167
304	258.089	236	0.196667
305	258.935	229	0.190833
306	259.782	225	0.1875
307	260.629	216	0.18
308	261.476	202	0.168333
309	262.323	256	0.213333
310	263.169	232	0.193333
311	264.016	209	0.174167
312	264.863	242	0.201667
313	265.710	239	0.199167
314	266.556	242	0.201667
315	267.403	207	0.1725
316	268.250	227	0.189167
317	269.097	241	0.200833
318	269.944	211	0.175833
319	270.790	233	0.194167
320	271.637	219	0.1825
321	272.484	244	0.203333
322	273.331	240	0.2
323	274.177	236	0.196667
324	275.024	236	0.196667
325	275.871	209	0.174167
326	276.718	223	0.185833
327	277.565	215	0.179167
328	278.411	224	0.186667
329	279.258	211	0.175833
330	280.105	224	0.186667
331	280.952	222	0.185
332	281.798	207	0.1725
333	282.645	222	0.185
334	283.492	233	0.194167
335	284.339	200	0.166667
336	285.185	212	0.176667
337	286.032	200	0.166667
338	286.879	209	0.174167
339	287.726	214	0.178333
340	288.573	221	0.184167
341	289.419	219	0.1825
342	290.266	201	0.1675
343	291.113	221	0.184167
344	291.960	236	0.196667
345	292.806	197	0.164167
346	293.653	201	0.1675
347	294.500	225	0.1875
348	295.347	218	0.181667
349	296.194	211	0.175833
350	297.040	182	0.151667
351	297.887	214	0.178333
352	298.734	201	0.1675
353	299.581	207	0.1725
354	300.427	206	0.171667
355	301.274	208	0.173333
356	302.121	204	0.17
357	302.968	199	0.165833
358	303.815	179	0.149167
359	304.661	232	0.193333
360	305.508	228	0.19
361	306.355	207	0.1725
362	307.202	214	0.178333
363	308.048	217	0.180833
364	308.895	163	0.135833
365	309.742	214	0.178333
366	310.589	189	0.1575
367	311.435	205	0.170833
368	312.282	206	0.171667
369	313.129	182	0.151667
370	313.976	222	0.185
371	314.823	223	0.185833
372	315.669	202	0.168333
373	316.516	187	0.155833
374	317.363	183	0.1525
375	318.210	184	0.153333
376	319.056	219	0.1825
377	319.903	209	0.174167
378	320.750	195	0.1625
379	321.597	217	0.180833
380	322.444	189	0.1575
381	323.290	209	0.174167
382	324.137	189	0.1575
383	324.984	213	0.1775
384	325.831	206	0.171667
385	326.677	206	0.171667
386	327.524	244	0.203333
387	328.371	231	0.1925
388	329.218	221	0.184167
389	330.065	174	0.145
390	330.911	177	0.1475
391	331.758	182	0.151667
392	332.605	196	0.163333
393	333.452	199	0.165833
394	334.298	204	0.17
395	335.145	177	0.1475
396	335.992	223	0.185833
397	336.839	219	0.1825
398	337.685	188	0.156667
399	338.532	197	0.164167
400	339.379	169	0.140833
401	340.226	209	0.174167
402	341.073	210	0.175
403	341.919	198	0.165
404	342.766	183	0.1525
405	343.613	195	0.1625
406	344.460	214	0.178333
407	345.306	166	0.138333
408	346.153	181	0.150833
409	347.000	177	0.1475
410	347.847	206	0.171667
411	348.694	197	0.164167
412	349.540	179	0.149167
413	350.387	173	0.144167
414	351.234	166	0.138333
415	352.081	190	0.158333
416	352.927	179	0.149167
417	353.774	184	0.153333
418	354.621	171	0.1425
419	355.468	183	0.1525
420	356.315	171	0.1425
421	357.161	188	0.156667
422	358.008	161	0.134167
423	358.855	163	0.135833
424	359.702	171	0.1425
425	360.548	169	0.140833
426	361.395	192	0.16
427	362.242	168	0.14
428	363.089	164	0.136667
429	363.935	179	0.149167
430	364.782	195	0.1625
431	365.629	157	0.130833
432	366.476	168	0.14
433	367.323	165	0.1375
434	368.169	187	0.155833
435	369.016	188	0.156667
436	369.863	156	0.13
437	370.710	160	0.133333
438	371.556	178	0.148333
439	372.403	168	0.14
440	373.250	172	0.143333
441	374.097	165	0.1375
442	374.944	172	0.143333
443	375.790	179	0.149167
444	376.637	145	0.120833
445	377.484	188	0.156667
446	378.331	170	0.141667
447	379.177	155	0.129167
448	380.024	151	0.125833
449	380.871	158	0.131667
450	381.718	170	0.141667
451	382.565	155	0.129167
452	383.411	155	0.129167
453	384.258	170	0.141667
454	385.105	152	0.126667
455	385.952	153	0.1275
456	386.798	178	0.148333
457	387.645	167	0.139167
458	388.492	172	0.143333
459	389.339	156	0.13
460	390.185	158	0.131667
461	391.032	137	0.114167
462	391.879	158	0.131667
463	392.726	161	0.134167
464	393.573	155	0.129167
465	394.419	168	0.14
466	395.266	145	0.120833
467	396.113	168	0.14
468	396.960	170	0.141667
469	397.806	166	0.138333
470	398.653	150	0.125
471	399.500	151	0.125833
472	400.347	147	0.1225
473	401.194	186	0.155
474	402.040	149	0.124167
475	402.887	138	0.115
476	403.734	150	0.125
477	404.581	136	0.113333
478	405.427	134	0.111667
479	406.274	152	0.126667
480	407.121	160	0.133333
481	407.968	166	0.138333
482	408.815	148	0.123333
483	409.661	134	0.111667
484	410.508	139	0.115833
485	411.355	153	0.1275
486	412.202	141	0.1175
487	413.048	140	0.116667
488	413.895	149	0.124167
489	414.742	145	0.120833
490	415.589	139	0.115833
491	416.435	150	0.125
492	417.282	136	0.113333
493	418.129	130	0.108333
494	418.976	135	0.1125
495	419.823	134	0.111667
496	420.669	161	0.134167
497	421.516	140	0.116667
498	422.363	123	0.1025
499	423.210	127	0.105833
500	424.056	127	0.105833
501	424.903	116	0.0966667
502	425.750	127	0.105833
503	426.597	133	0.110833
504	427.444	144	0.12
505	428.290	127	0.105833
506	429.137	146	0.121667
507	429.984	104	0.0866667
508	430.831	109	0.0908333
509	431.677	103	0.0858333
510	432.524	119	0.0991667
511	433.371	127	0.105833
512	434.218	107	0.0891667
513	435.065	120	0.1
514	435.911	93	0.0775
515	436.758	127	0.105833
516	437.605	133	0.110833
517	438.452	117	0.0975
518	439.298	138	0.115
519	440.145	117	0.0975
520	440.992	113	0.0941667
521	441.839	108	0.09
522	442.685	119	0.0991667
523	443.532	121	0.100833
524	444.379	101	0.0841667
525	445.226	101	0.0841667
526	446.073	112	0.0933333
527	446.919	109	0.0908333
528	447.766	117	0.0975
529	448.613	116	0.0966667
530	449.460	109	0.0908333
531	450.306	103	0.0858333
532	451.153	99	0.0825
533	452.000	125	0.104167
534	452.847	96	0.08
535	453.694	109	0.0908333
536	454.540	113	0.0941667
537	455.387	101	0.0841667
538	456.234	96	0.08
539	457.081	107	0.0891667
540	457.927	118	0.0983333
541	458.774	110	0.0916667
542	459.621	98	0.0816667
543	460.468	106	0.0883333
544	461.315	120	0.1
545	462.161	90	0.075
546	463.008	118	0.0983333
547	463.855	115	0.0958333
548	464.702	100	0.0833333
549	465.548	107	0.0891667
550	466.395	113	0.0941667
551	467.242	97	0.0808333
552	468.089	113	0.0941667
553	468.935	91	0.0758333
554	469.782	95	0.0791667
555	470.629	106	0.0883333
556	471.476	93	0.0775
557	472.323	88	0.0733333
558	473.169	106	0.0883333
559	474.016	101	0.0841667
560	474.863	94	0.0783333
561	475.710	102	0.085
562	476.556	101	0.0841667
563	477.403	98	0.0816667
564	478.250	91	0.0758333
565	479.097	93	0.0775
566	479.944	99	0.0825
567	480.790	98	0.0816667
568	481.637	95	0.0791667
569	482.484	86	0.0716667
570	483.331	99	0.0825
571	484.177	90	0.075
572	485.024	90	0.075
573	485.871	82	0.0683333
574	486.718	78	0.065
575	487.565	95	0.0791667
576	488.411	92	0.0766667
577	489.258	113	0.0941667
578	490.105	91	0.0758333
579	490.952	86	0.0716667
580	491.798	85	0.0708333
581	492.645	73	0.0608333
582	493.492	83	0.0691667
583	494.339	88	0.0733333
584	495.185	99	0.0825
585	496.032	80	0.0666667
586	496.879	102	0.085
587	497.726	89	0.0741667
588	498.573	96	0.08
589	499.419	66	0.055
590	500.266	85	0.0708333
591	501.113	89	0.0741667
592	501.960	81	0.0675
593	502.806	77	0.0641667
594	503.653	92	0.0766667
595	504.500	81	0.0675
596	505.347	86	0.0716667
597	506.194	81	0.0675
598	507.040	76	0.0633333
599	507.887	59	0.0491667
600	508.734	88	0.0733333
601	509.581	91	0.0758333
602	510.427	72	0.06
603	511.274	79	0.0658333
604	512.121	70	0.0583333
605	512.968	78	0.065
606	513.815	85	0.0708333
607	514.661	85	0.0708333
608	515.508	83	0.0691667
609	516.355	94	0.0783333
610	517.202	81	0.0675
611	518.048	105	0.0875
612	518.895	82	0.0683333
613	519.742	63	0.0525
614	520.589	87	0.0725
615	521.436	83	0.0691667
616	522.282	73	0.0608333
617	523.129	69	0.0575
618	523.976	79	0.0658333
619	524.823	63	0.0525
620	525.669	85	0.0708333
621	526.516	76	0.0633333
622	527.363	71	0.0591667
623	528.210	87	0.0725
624	529.056	60	0.05
625	529.903	61	0.0508333
626	530.750	69	0.0575
627	531.597	65	0.0541667
628	532.444	73	0.0608333
629	533.290	74	0.0616667
630	534.137	66	0.055
631	534.984	58	0.0483333
632	535.831	61	0.0508333
633	536.677	76	0.0633333
634	537.524	72	0.06
635	538.371	66	0.055
636	539.218	68	0.0566667
637	540.065	62	0.0516667
638	540.911	84	0.07
639	541.758	75	0.0625
640	542.605	64	0.0533333
641	543.452	49	0.0408333
642	544.298	60	0.05
643	545.145	55	0.0458333
644	545.992	62	0.0516667
645	546.839	70	0.0583333
646	547.686	68	0.0566667
647	548.532	57	0.0475
648	549.379	80	0.0666667
649	550.226	66	0.055
650	551.073	51	0.0425
651	551.919	60	0.05
652	552.766	66	0.055
653	553.613	58	0.0483333
654	554.460	72	0.06
655	555.306	74	0.0616667
656	556.153	44	0.0366667
657	557.000	61	0.0508333
658	557.847	58	0.0483333
659	558.694	60	0.05
660	559.540	63	0.0525
661	560.387	51	0.0425
662	561.234	58	0.0483333
663	562.081	58	0.0483333
664	562.927	53	0.0441667
665	563.774	57	0.0475
666	564.621	72	0.06
667	565.468	62	0.0516667
668	566.315	60	0.05
669	567.161	60	0.05
670	568.008	60	0.05
671	568.855	59	0.0491667
672	569.702	47	0.0391667
673	570.548	66	0.055
674	571.395	53	0.0441667
675	572.242	61	0.0508333
676	573.089	56	0.0466667
677	573.936	60	0.05
678	574.782	51	0.0425
679	575.629	53	0.0441667
680	576.476	55	0.0458333
681	577.323	62	0.0516667
682	578.169	59	0.0491667
683	579.016	53	0.0441667
684	579.863	44	0.0366667
685	580.710	56	0.0466667
686	581.556	43	0.0358333
687	582.403	57	0.0475
688	583.250	45	0.0375
689	584.097	47	0.0391667
690	584.944	66	0.055
691	585.790	60	0.05
692	586.637	52	0.0433333
693	587.484	46	0.0383333
694	588.331	51	0.0425
695	589.177	45	0.0375
696	590.024	49	0.0408333
697	590.871	52	0.0433333
698	591.718	54	0.045
699	592.565	59	0.0491667
700	593.411	52	0.0433333
701	594.258	49	0.0408333
702	595.105	47	0.0391667
703	595.952	36	0.03
704	596.798	41	0.0341667
705	597.645	59	0.0491667
706	598.492	51	0.0425
707	599.339	36	0.03
708	600.186	48	0.04
709	601.032	46	0.0383333
710	601.879	36	0.03
711	602.726	47	0.0391667
712	603.573	36	0.03
713	604.419	33	0.0275
714	605.266	40	0.0333333
715	606.113	59	0.0491667
716	606.960	40	0.0333333
717	607.806	40	0.0333333
718	608.653	53	0.0441667
719	609.500	50	0.0416667
720	610.347	43	0.0358333
721	611.194	53	0.0441667
722	612.040	40	0.0333333
723	612.887	51	0.0425
724	613.734	61	0.0508333
725	614.581	48	0.04
726	615.427	50	0.0416667
727	616.274	42	0.035
728	617.121	45	0.0375
729	617.968	38	0.0316667
730	618.815	54	0.045
731	619.661	46	0.0383333
732	620.508	38	0.0316667
733	621.355	41	0.0341667
734	622.202	36	0.03
735	623.048	51	0.0425
736	623.895	45	0.0375
737	624.742	40	0.0333333
738	625.589	46	0.0383333
739	626.436	57	0.0475
740	627.282	69	0.0575
741	628.129	48	0.04
742	628.976	35	0.0291667
743	629.823	39	0.0325
744	630.669	43	0.0358333
745	631.516	39	0.0325
746	632.363	54	0.045
747	633.210	34	0.0283333
748	634.056	41	0.0341667
749	634.903	40	0.0333333
750	635.750	55	0.0458333
751	636.597	40	0.0333333
752	637.444	43	0.0358333
753	638.290	44	0.0366667
754	639.137	41	0.0341667
755	639.984	40	0.0333333
756	640.831	31	0.0258333
757	641.677	39	0.0325
758	642.524	47	0.0391667
759	643.371	33	0.0275
760	644.218	47	0.0391667
761	645.065	41	0.0341667
762	645.911	43	0.0358333
763	646.758	37	0.0308333
764	647.605	47	0.0391667
765	648.452	52	0.0433333
766	649.298	47	0.0391667
767	650.145	43	0.0358333
768	650.992	42	0.035
769	651.839	52	0.0433333
770	652.686	33	0.0275
771	653.532	27	0.0225
772	654.379	40	0.0333333
773	655.226	34	0.0283333
774	656.073	43	0.0358333
775	656.919	40	0.0333333
776	657.766	39	0.0325
777	658.613	31	0.0258333
778	659.460	48	0.04
779	660.306	37	0.0308333
780	661.153	43	0.0358333
781	662.000	40	0.0333333
782	662.847	26	0.0216667
783	663.694	50	0.0416667
784	664.540	38	0.0316667
785	665.387	46	0.0383333
786	666.234	35	0.0291667
787	667.081	37	0.0308333
788	667.927	35	0.0291667
789	668.774	38	0.0316667
790	669.621	34	0.0283333
791	670.468	39	0.0325
792	671.315	39	0.0325
793	672.161	29	0.0241667
794	673.008	41	0.0341667
795	673.855	43	0.0358333
796	674.702	44	0.0366667
797	675.548	37	0.0308333
798	676.395	35	0.0291667
799	677.242	35	0.0291667
800	678.089	35	0.0291667
801	678.936	36	0.03
802	679.782	37	0.0308333
803	680.629	35	0.0291667
804	681.476	27	0.0225
805	682.323	27	0.0225
806	683.169	34	0.0283333
807	684.016	39	0.0325
808	684.863	32	0.0266667
809	685.710	39	0.0325
810	686.556	42	0.035
811	687.403	27	0.0225
812	688.250	40	0.0333333
813	689.097	28	0.0233333
814	689.944	36	0.03
815	690.790	33	0.0275
816	691.637	35	0.0291667
817	692.484	35	0.0291667
818	693.331	34	0.0283333
819	694.177	24	0.02
820	695.024	35	0.0291667
821	695.871	31	0.0258333
822	696.718	24	0.02
823	697.565	23	0.0191667
824	698.411	29	0.0241667
825	699.258	29	0.0241667
826	700.105	33	0.0275
827	700.952	32	0.0266667
828	701.798	20	0.0166667
829	702.645	30	0.025
830	703.492	29	0.0241667
831	704.339	26	0.0216667
832	705.186	26	0.0216667
833	706.032	31	0.0258333
834	706.879	35	0.0291667
835	707.726	20	0.0166667
836	708.573	22	0.0183333
837	709.419	19	0.0158333
838	710.266	31	0.0258333
839	711.113	33	0.0275
840	711.960	30	0.025
841	712.806	38	0.0316667
842	713.653	32	0.0266667
843	714.500	26	0.0216667
844	715.347	31	0.0258333
845	716.194	28	0.0233333
846	717.040	35	0.0291667
847	717.887	26	0.0216667
848	718.734	30	0.025
849	719.581	24	0.02
850	720.427	32	0.0266667
851	721.274	22	0.0183333
852	722.121	37	0.0308333
853	722.968	26	0.0216667
854	723.815	26	0.0216667
855	724.661	32	0.0266667
856	725.508	26	0.0216667
857	726.355	33	0.0275
858	727.202	24	0.02
859	728.048	24	0.02
860	728.895	26	0.0216667
861	729.742	23	0.0191667
862	730.589	27	0.0225
863	731.436	29	0.0241667
864	732.282	21	0.0175
865	733.129	26	0.0216667
866	733.976	30	0.025
867	734.823	28	0.0233333
868	735.669	27	0.0225
869	736.516	26	0.0216667
870	737.363	28	0.0233333
871	738.210	26	0.0216667
872	739.056	39	0.0325
873	739.903	33	0.0275
874	740.750	26	0.0216667
875	741.597	29	0.0241667
876	742.444	25	0.0208333
877	743.290	26	0.0216667
878	744.137	34	0.0283333
879	744.984	30	0.025
880	745.831	30	0.025
881	746.677	28	0.0233333
882	747.524	18	0.015
883	748.371	33	0.0275
884	749.218	18	0.015
885	750.065	24	0.02
886	750.911	29	0.0241667
887	751.758	27	0.0225
888	752.605	25	0.0208333
889	753.452	30	0.025
890	754.298	28	0.0233333
891	755.145	32	0.0266667
892	755.992	26	0.0216667
893	756.839	29	0.0241667
894	757.686	19	0.0158333
895	758.532	24	0.02
896	759.379	26	0.0216667
897	760.226	36	0.03
898	761.073	28	0.0233333
899	761.919	31	0.0258333
900	762.766	34	0.0283333
901	763.613	26	0.0216667
902	764.460	15	0.0125
903	765.306	23	0.0191667
904	766.153	23	0.0191667
905	767.000	29	0.0241667
906	767.847	24	0.02
907	768.694	25	0.0208333
908	769.540	25	0.0208333
909	770.387	25	0.0208333
910	771.234	26	0.0216667
911	772.081	25	0.0208333
912	772.927	18	0.015
913	773.774	22	0.0183333
914	774.621	21	0.0175
915	775.468	26	0.0216667
916	776.315	41	0.0341667
917	777.161	25	0.0208333
918	778.008	23	0.0191667
919	778.855	26	0.0216667
920	779.702	24	0.02
921	780.548	23	0.0191667
922	781.395	25	0.0208333
923	782.242	15	0.0125
924	783.089	28	0.0233333
925	783.936	25	0.0208333
926	784.782	22	0.0183333
927	785.629	24	0.02
928	786.476	17	0.0141667
929	787.323	20	0.0166667
930	788.169	27	0.0225
931	789.016	14	0.0116667
932	789.863	29	0.0241667
933	790.710	19	0.0158333
934	791.556	23	0.0191667
935	792.403	18	0.015
936	793.250	16	0.0133333
937	794.097	25	0.0208333
938	794.944	20	0.0166667
939	795.790	20	0.0166667
940	796.637	20	0.0166667
941	797.484	28	0.0233333
942	798.331	20	0.0166667
943	799.177	24	0.02
944	800.024	21	0.0175
945	800.871	25	0.0208333
946	801.718	20	0.0166667
947	802.565	15	0.0125
948	803.411	23	0.0191667
949	804.258	31	0.0258333
950	805.105	30	0.025
951	805.952	24	0.02
952	806.798	28	0.0233333
953	807.645	19	0.0158333
954	808.492	19	0.0158333
955	809.339	18	0.015
956	810.186	15	0.0125
957	811.032	22	0.0183333
958	811.879	22	0.0183333
959	812.726	17	0.0141667
960	813.573	32	0.0266667
961	814.419	19	0.0158333
962	815.266	17	0.0141667
963	816.113	17	0.0141667
964	816.960	15	0.0125
965	817.806	15	0.0125
966	818.653	22	0.0183333
967	819.500	17	0.0141667
968	820.347	20	0.0166667
969	821.194	22	0.0183333
970	822.040	25	0.0208333
971	822.887	21	0.0175
972	823.734	21	0.0175
973	824.581	18	0.015
974	825.427	19	0.0158333
975	826.274	15	0.0125
976	827.121	25	0.0208333
977	827.968	17	0.0141667
978	828.815	24	0.02
979	829.661	23	0.0191667
980	830.508	18	0.015
981	831.355	24	0.02
982	832.202	17	0.0141667
983	833.048	24	0.02
984	833.895	24	0.02
985	834.742	21	0.0175
986	835.589	14	0.0116667
987	836.436	16	0.0133333
988	837.282	18	0.015
989	838.129	17	0.0141667
990	838.976	17	0.0141667
991	839.823	14	0.0116667
992	840.669	11	0.00916667
993	841.516	21	0.0175
994	842.363	16	0.0133333
995	843.210	13	0.0108333
996	844.056	21	0.0175
997	844.903	16	0.0133333
998	845.750	16	0.0133333
999	846.597	21	0.0175
1000	847.444	21	0.0175
1001	848.290	17	0.0141667
1002	849.137	16	0.0133333
1003	849.984	19	0.0158333
1004	850.831	17	0.0141667
1005	851.677	18	0.015
1006	852.524	17	0.0141667
1007	853.371	14	0.0116667
1008	854.218	18	0.015
1009	855.065	18	0.015
1010	855.911	17	0.0141667
1011	856.758	19	0.0158333
1012	857.605	15	0.0125
1013	858.452	16	0.0133333
1014	859.298	16	0.0133333
1015	860.145	14	0.0116667
1016	860.992	15	0.0125
1017	861.839	15	0.0125
1018	862.686	19	0.0158333
1019	863.532	16	0.0133333
1020	864.379	22	0.0183333
1021	865.226	18	0.015
1022	866.073	15	0.0125
1023	866.919	21	0.0175
1024	867.766	18	0.015
