# bkgd-live 452 6063 0.4500910128667019 0.047036043419179864 77.86526825228306
-4.727510 0 0.000000 0.000000 0.000000
-4.277419 0 0.000000 0.000000 0.000000
-3.827328 0 0.000000 0.000000 0.000000
-3.377237 0 0.000000 0.000000 0.000000
-2.927146 0 0.000000 0.000000 0.000000
-2.477055 0 0.000000 0.000000 0.000000
-2.026964 0 0.000000 0.000000 0.000000
-1.576873 0 0.000000 0.000000 0.000000
-1.126782 0 0.000000 0.000000 0.000000
-0.676691 0 0.000000 0.000000 0.000000
-0.226600 0 0.000000 0.000000 0.000000
0.223491 2 0.707107 0.000330 0.000117
0.673582 8 0.353553 0.001319 0.000061
1.123673 3 0.577350 0.000495 0.000095
1.573764 5 0.447214 0.000825 0.000075
2.023855 20 0.223607 0.003299 0.000056
2.473946 44 0.150756 0.007257 0.000096
2.924037 80 0.111803 0.013195 0.000170
3.374128 93 0.103695 0.015339 0.000198
3.824219 142 0.083918 0.023421 0.000301
4.274310 165 0.077850 0.027214 0.000350
4.724401 229 0.066082 0.037770 0.000485
5.174492 194 0.071796 0.031997 0.000411
5.624583 229 0.066082 0.037770 0.000485
6.074674 226 0.066519 0.037275 0.000479
6.524765 225 0.066667 0.037110 0.000477
6.974856 252 0.062994 0.041564 0.000534
7.424947 231 0.065795 0.038100 0.000489
7.875038 216 0.068041 0.035626 0.000458
8.325129 218 0.067729 0.035956 0.000462
8.775220 220 0.067420 0.036286 0.000466
9.225312 234 0.065372 0.038595 0.000496
9.675403 195 0.071611 0.032162 0.000413
10.125494 241 0.064416 0.039749 0.000511
10.575585 260 0.062017 0.042883 0.000551
11.025676 224 0.066815 0.036945 0.000475
11.475767 246 0.063758 0.040574 0.000521
11.925858 328 0.055216 0.054099 0.000695
12.375949 322 0.055728 0.053109 0.000682
12.826040 344 0.053916 0.056738 0.000729
13.276131 423 0.048622 0.069767 0.000896
13.726222 408 0.049507 0.067293 0.000864
14.176313 416 0.049029 0.068613 0.000881
14.626404 385 0.050965 0.063500 0.000816
15.076495 452 0.047036 0.074551 0.000957
15.526586 396 0.050252 0.065314 0.000839
15.976677 391 0.050572 0.064490 0.000828
16.426768 381 0.051232 0.062840 0.000807
16.876859 386 0.050899 0.063665 0.000818
17.326950 439 0.047727 0.072406 0.000930
17.777041 419 0.048853 0.069108 0.000888
18.227132 420 0.048795 0.069273 0.000890
18.677223 426 0.048450 0.070262 0.000902
19.127314 425 0.048507 0.070097 0.000900
19.577405 438 0.047782 0.072241 0.000928
20.027496 361 0.052632 0.059541 0.000765
20.477587 411 0.049326 0.067788 0.000871
20.927678 363 0.052486 0.059871 0.000769
21.377769 382 0.051164 0.063005 0.000809
21.827860 357 0.052926 0.058882 0.000756
22.277951 348 0.053606 0.057397 0.000737
22.728042 383 0.051098 0.063170 0.000811
23.178133 366 0.052271 0.060366 0.000775
23.628224 363 0.052486 0.059871 0.000769
24.078315 382 0.051164 0.063005 0.000809
24.528406 366 0.052271 0.060366 0.000775
24.978497 364 0.052414 0.060036 0.000771
25.428588 345 0.053838 0.056903 0.000731
25.878679 361 0.052632 0.059541 0.000765
26.328770 363 0.052486 0.059871 0.000769
26.778861 378 0.051434 0.062345 0.000801
27.228952 350 0.053452 0.057727 0.000741
27.679043 347 0.053683 0.057232 0.000735
28.129134 329 0.055132 0.054264 0.000697
28.579225 314 0.056433 0.051790 0.000665
29.029316 297 0.058026 0.048986 0.000629
29.479407 300 0.057735 0.049480 0.000636
29.929498 284 0.059339 0.046841 0.000602
30.379589 269 0.060971 0.044367 0.000570
30.829680 275 0.060302 0.045357 0.000583
31.279771 292 0.058521 0.048161 0.000619
31.729862 262 0.061780 0.043213 0.000555
32.179953 243 0.064150 0.040079 0.000515
32.630044 231 0.065795 0.038100 0.000489
33.080135 223 0.066965 0.036780 0.000472
33.530226 227 0.066372 0.037440 0.000481
33.980317 193 0.071982 0.031832 0.000409
34.430408 214 0.068359 0.035296 0.000453
34.880499 196 0.071429 0.032327 0.000415
35.330590 186 0.073324 0.030678 0.000394
35.780681 195 0.071611 0.032162 0.000413
36.230772 175 0.075593 0.028864 0.000371
36.680863 143 0.083624 0.023586 0.000303
37.130954 135 0.086066 0.022266 0.000286
37.581045 149 0.081923 0.024575 0.000316
38.031136 160 0.079057 0.026390 0.000339
38.481227 134 0.086387 0.022101 0.000284
38.931318 147 0.082479 0.024245 0.000312
39.381409 156 0.080064 0.025730 0.000331
39.831500 144 0.083333 0.023751 0.000305
40.281591 115 0.093250 0.018968 0.000244
40.731682 127 0.088736 0.020947 0.000269
41.181773 110 0.095346 0.018143 0.000234
41.631864 121 0.090909 0.019957 0.000257
42.081955 107 0.096674 0.017648 0.000227
42.532046 111 0.094916 0.018308 0.000236
42.982137 109 0.095783 0.017978 0.000231
43.432228 102 0.099015 0.016823 0.000217
43.882319 93 0.103695 0.015339 0.000198
44.332411 82 0.110432 0.013525 0.000175
44.782502 103 0.098533 0.016988 0.000219
45.232593 96 0.102062 0.015834 0.000204
45.682684 70 0.119523 0.011545 0.000150
46.132775 79 0.112509 0.013030 0.000168
46.582866 71 0.118678 0.011710 0.000152
47.032957 68 0.121268 0.011216 0.000145
47.483048 80 0.111803 0.013195 0.000170
47.933139 78 0.113228 0.012865 0.000166
48.383230 61 0.128037 0.010061 0.000131
48.833321 64 0.125000 0.010556 0.000137
49.283412 64 0.125000 0.010556 0.000137
49.733503 48 0.144338 0.007917 0.000104
50.183594 60 0.129099 0.009896 0.000129
50.633685 69 0.120386 0.011381 0.000147
51.083776 58 0.131306 0.009566 0.000125
51.533867 58 0.131306 0.009566 0.000125
51.983958 51 0.140028 0.008412 0.000110
52.434049 45 0.149071 0.007422 0.000098
52.884140 39 0.160128 0.006432 0.000087
53.334231 52 0.138675 0.008577 0.000112
53.784322 53 0.137361 0.008742 0.000115
54.234413 42 0.154303 0.006927 0.000093
54.684504 41 0.156174 0.006762 0.000091
55.134595 34 0.171499 0.005608 0.000077
55.584686 24 0.204124 0.003958 0.000061
56.034777 30 0.182574 0.004948 0.000070
56.484868 33 0.174078 0.005443 0.000076
56.934959 28 0.188982 0.004618 0.000067
57.385050 36 0.166667 0.005938 0.000081
57.835141 24 0.204124 0.003958 0.000061
58.285232 22 0.213201 0.003629 0.000058
58.735323 29 0.185695 0.004783 0.000069
59.185414 15 0.258199 0.002474 0.000053
59.635505 23 0.208514 0.003794 0.000060
60.085596 21 0.218218 0.003464 0.000057
60.535687 30 0.182574 0.004948 0.000070
60.985778 16 0.250000 0.002639 0.000053
61.435869 16 0.250000 0.002639 0.000053
61.885960 33 0.174078 0.005443 0.000076
62.336051 16 0.250000 0.002639 0.000053
62.786142 27 0.192450 0.004453 0.000065
63.236233 23 0.208514 0.003794 0.000060
63.686324 20 0.223607 0.003299 0.000056
64.136415 10 0.316228 0.001649 0.000056
64.586506 14 0.267261 0.002309 0.000053
65.036597 18 0.235702 0.002969 0.000054
65.486688 9 0.333333 0.001484 0.000058
65.936779 19 0.229416 0.003134 0.000055
66.386870 9 0.333333 0.001484 0.000058
66.836961 14 0.267261 0.002309 0.000053
67.287052 8 0.353553 0.001319 0.000061
67.737143 14 0.267261 0.002309 0.000053
68.187234 9 0.333333 0.001484 0.000058
68.637325 9 0.333333 0.001484 0.000058
69.087416 8 0.353553 0.001319 0.000061
69.537507 14 0.267261 0.002309 0.000053
69.987598 1 1.000000 0.000165 0.000165
70.437689 4 0.500000 0.000660 0.000083
70.887780 5 0.447214 0.000825 0.000075
71.337871 3 0.577350 0.000495 0.000095
71.787962 0 0.000000 0.000000 0.000000
72.238053 0 0.000000 0.000000 0.000000
72.688144 2 0.707107 0.000330 0.000117
73.138235 0 0.000000 0.000000 0.000000
73.588326 0 0.000000 0.000000 0.000000
74.038417 1 1.000000 0.000165 0.000165
74.488508 1 1.000000 0.000165 0.000165
74.938599 0 0.000000 0.000000 0.000000
75.388690 0 0.000000 0.000000 0.000000
75.838781 1 1.000000 0.000165 0.000165
76.288872 0 0.000000 0.000000 0.000000
76.738963 0 0.000000 0.000000 0.000000
77.189054 0 0.000000 0.000000 0.000000
77.639145 0 0.000000 0.000000 0.000000
78.089236 0 0.000000 0.000000 0.000000
78.539327 0 0.000000 0.000000 0.000000
78.989418 0 0.000000 0.000000 0.000000
79.439510 0 0.000000 0.000000 0.000000
79.889601 0 0.000000 0.000000 0.000000
80.339692 0 0.000000 0.000000 0.000000
80.789783 1 1.000000 0.000165 0.000165
81.239874 0 0.000000 0.000000 0.000000
81.689965 0 0.000000 0.000000 0.000000
82.140056 0 0.000000 0.000000 0.000000
82.590147 0 0.000000 0.000000 0.000000
83.040238 0 0.000000 0.000000 0.000000
83.490329 0 0.000000 0.000000 0.000000
83.940420 0 0.000000 0.000000 0.000000
84.390511 0 0.000000 0.000000 0.000000
84.840602 1 1.000000 0.000165 0.000165
85.290693 0 0.000000 0.000000 0.000000
85.740784 0 0.000000 0.000000 0.000000
86.190875 1 1.000000 0.000165 0.000165
86.640966 0 0.000000 0.000000 0.000000
87.091057 0 0.000000 0.000000 0.000000
87.541148 0 0.000000 0.000000 0.000000
87.991239 0 0.000000 0.000000 0.000000
88.441330 0 0.000000 0.000000 0.000000
88.891421 0 0.000000 0.000000 0.000000
89.341512 0 0.000000 0.000000 0.000000
89.791603 0 0.000000 0.000000 0.000000
90.241694 0 0.000000 0.000000 0.000000
90.691785 0 0.000000 0.000000 0.000000
91.141876 0 0.000000 0.000000 0.000000
91.591967 0 0.000000 0.000000 0.000000
92.042058 0 0.000000 0.000000 0.000000
92.492149 0 0.000000 0.000000 0.000000
92.942240 1 1.000000 0.000165 0.000165
93.392331 0 0.000000 0.000000 0.000000
93.842422 0 0.000000 0.000000 0.000000
94.292513 0 0.000000 0.000000 0.000000
94.742604 0 0.000000 0.000000 0.000000
95.192695 0 0.000000 0.000000 0.000000
95.642786 0 0.000000 0.000000 0.000000
96.092877 0 0.000000 0.000000 0.000000
96.542968 0 0.000000 0.000000 0.000000
96.993059 0 0.000000 0.000000 0.000000
97.443150 1 1.000000 0.000165 0.000165
97.893241 0 0.000000 0.000000 0.000000
98.343332 0 0.000000 0.000000 0.000000
98.793423 0 0.000000 0.000000 0.000000
99.243514 0 0.000000 0.000000 0.000000
99.693605 1 1.000000 0.000165 0.000165
100.143696 0 0.000000 0.000000 0.000000
100.593787 0 0.000000 0.000000 0.000000
101.043878 0 0.000000 0.000000 0.000000
101.493969 0 0.000000 0.000000 0.000000
101.944060 0 0.000000 0.000000 0.000000
102.394151 0 0.000000 0.000000 0.000000
102.844242 0 0.000000 0.000000 0.000000
103.294333 0 0.000000 0.000000 0.000000
103.744424 1 1.000000 0.000165 0.000165
104.194515 0 0.000000 0.000000 0.000000
104.644606 0 0.000000 0.000000 0.000000
105.094697 0 0.000000 0.000000 0.000000
105.544788 0 0.000000 0.000000 0.000000
105.994879 1 1.000000 0.000165 0.000165
106.444970 0 0.000000 0.000000 0.000000
106.895061 0 0.000000 0.000000 0.000000
107.345152 0 0.000000 0.000000 0.000000
107.795243 0 0.000000 0.000000 0.000000
108.245334 0 0.000000 0.000000 0.000000
108.695425 0 0.000000 0.000000 0.000000
109.145516 0 0.000000 0.000000 0.000000
109.595607 0 0.000000 0.000000 0.000000
110.045698 1 1.000000 0.000165 0.000165
110.495789 0 0.000000 0.000000 0.000000
110.945880 0 0.000000 0.000000 0.000000
111.395971 0 0.000000 0.000000 0.000000
111.846062 0 0.000000 0.000000 0.000000
112.296153 0 0.000000 0.000000 0.000000
112.746244 0 0.000000 0.000000 0.000000
113.196335 0 0.000000 0.000000 0.000000
113.646426 0 0.000000 0.000000 0.000000
114.096518 0 0.000000 0.000000 0.000000
114.546609 0 0.000000 0.000000 0.000000
114.996700 0 0.000000 0.000000 0.000000
115.446791 0 0.000000 0.000000 0.000000
115.896882 0 0.000000 0.000000 0.000000
116.346973 1 1.000000 0.000165 0.000165
116.797064 0 0.000000 0.000000 0.000000
117.247155 0 0.000000 0.000000 0.000000
117.697246 0 0.000000 0.000000 0.000000
118.147337 0 0.000000 0.000000 0.000000
118.597428 0 0.000000 0.000000 0.000000
119.047519 0 0.000000 0.000000 0.000000
119.497610 0 0.000000 0.000000 0.000000
119.947701 0 0.000000 0.000000 0.000000
120.397792 0 0.000000 0.000000 0.000000
120.847883 0 0.000000 0.000000 0.000000
121.297974 0 0.000000 0.000000 0.000000
121.748065 0 0.000000 0.000000 0.000000
122.198156 0 0.000000 0.000000 0.000000
122.648247 0 0.000000 0.000000 0.000000
123.098338 0 0.000000 0.000000 0.000000
123.548429 0 0.000000 0.000000 0.000000
123.998520 0 0.000000 0.000000 0.000000
124.448611 0 0.000000 0.000000 0.000000
124.898702 0 0.000000 0.000000 0.000000
125.348793 0 0.000000 0.000000 0.000000
125.798884 0 0.000000 0.000000 0.000000
126.248975 0 0.000000 0.000000 0.000000
126.699066 0 0.000000 0.000000 0.000000
127.149157 0 0.000000 0.000000 0.000000
127.599248 0 0.000000 0.000000 0.000000
128.049339 0 0.000000 0.000000 0.000000
128.499430 0 0.000000 0.000000 0.000000
128.949521 0 0.000000 0.000000 0.000000
129.399612 0 0.000000 0.000000 0.000000
129.849703 0 0.000000 0.000000 0.000000
