# Cs137-live 6063 6063 0.4500910128667019 0.012842696396550068 77.86526825228306
-4.727510 1 1.000000 0.000165 0.000165
-4.277419 0 0.000000 0.000000 0.000000
-3.827328 0 0.000000 0.000000 0.000000
-3.377237 1 1.000000 0.000165 0.000165
-2.927146 1 1.000000 0.000165 0.000165
-2.477055 2 0.707107 0.000330 0.000117
-2.026964 3 0.577350 0.000495 0.000095
-1.576873 8 0.353553 0.001319 0.000061
-1.126782 5 0.447214 0.000825 0.000075
-0.676691 4 0.500000 0.000660 0.000083
-0.226600 11 0.301511 0.001814 0.000055
0.223491 25 0.200000 0.004123 0.000062
0.673582 99 0.100504 0.016329 0.000210
1.123673 437 0.047836 0.072077 0.000926
1.573764 1620 0.024845 0.267194 0.003431
2.023855 3986 0.015839 0.657430 0.008443
2.473946 6063 0.012843 1.000000 0.012843
2.924037 5651 0.013303 0.932047 0.011970
3.374128 3988 0.015835 0.657760 0.008447
3.824219 2747 0.019080 0.453076 0.005819
4.274310 2362 0.020576 0.389576 0.005003
4.724401 2261 0.021031 0.372918 0.004789
5.174492 2279 0.020947 0.375887 0.004827
5.624583 2276 0.020961 0.375392 0.004821
6.074674 2494 0.020024 0.411348 0.005283
6.524765 2426 0.020303 0.400132 0.005139
6.974856 2309 0.020811 0.380835 0.004891
7.424947 2563 0.019753 0.422728 0.005429
7.875038 2694 0.019266 0.444334 0.005706
8.325129 2736 0.019118 0.451262 0.005795
8.775220 2791 0.018929 0.460333 0.005912
9.225312 2715 0.019192 0.447798 0.005751
9.675403 2732 0.019132 0.450602 0.005787
10.125494 2522 0.019913 0.415966 0.005342
10.575585 2452 0.020195 0.404420 0.005194
11.025676 2376 0.020515 0.391885 0.005033
11.475767 2136 0.021637 0.352301 0.004524
11.925858 2114 0.021749 0.348672 0.004478
12.375949 2060 0.022033 0.339766 0.004364
12.826040 1979 0.022479 0.326406 0.004192
13.276131 1807 0.023525 0.298037 0.003828
13.726222 2023 0.022233 0.333663 0.004285
14.176313 1926 0.022786 0.317665 0.004080
14.626404 1930 0.022763 0.318324 0.004088
15.076495 1894 0.022978 0.312387 0.004012
15.526586 2010 0.022305 0.331519 0.004258
15.976677 1898 0.022954 0.313046 0.004020
16.426768 1923 0.022804 0.317170 0.004073
16.876859 1921 0.022816 0.316840 0.004069
17.326950 1839 0.023319 0.303315 0.003895
17.777041 1790 0.023636 0.295233 0.003792
18.227132 1694 0.024296 0.279400 0.003588
18.677223 1682 0.024383 0.277420 0.003563
19.127314 1537 0.025507 0.253505 0.003256
19.577405 1543 0.025458 0.254494 0.003268
20.027496 1541 0.025474 0.254165 0.003264
20.477587 1355 0.027166 0.223487 0.002870
20.927678 1267 0.028094 0.208972 0.002684
21.377769 1105 0.030083 0.182253 0.002341
21.827860 1013 0.031419 0.167079 0.002146
22.277951 907 0.033204 0.149596 0.001921
22.728042 843 0.034442 0.139040 0.001786
23.178133 826 0.034794 0.136236 0.001750
23.628224 710 0.037529 0.117104 0.001504
24.078315 764 0.036179 0.126010 0.001618
24.528406 871 0.033884 0.143658 0.001845
24.978497 941 0.032599 0.155204 0.001993
25.428588 1121 0.029867 0.184892 0.002375
25.878679 1353 0.027186 0.223157 0.002866
26.328770 1653 0.024596 0.272637 0.003501
26.778861 2110 0.021770 0.348013 0.004469
27.228952 2332 0.020708 0.384628 0.004940
27.679043 2522 0.019913 0.415966 0.005342
28.129134 2673 0.019342 0.440871 0.005662
28.579225 2659 0.019393 0.438562 0.005632
29.029316 2654 0.019411 0.437737 0.005622
29.479407 2378 0.020507 0.392215 0.005037
29.929498 2071 0.021974 0.341580 0.004387
30.379589 1796 0.023596 0.296223 0.003804
30.829680 1489 0.025915 0.245588 0.003154
31.279771 1256 0.028217 0.207158 0.002660
31.729862 1067 0.030614 0.175985 0.002260
32.179953 963 0.032225 0.158832 0.002040
32.630044 802 0.035311 0.132278 0.001699
33.080135 789 0.035601 0.130134 0.001671
33.530226 717 0.037346 0.118258 0.001519
33.980317 742 0.036711 0.122382 0.001572
34.430408 739 0.036786 0.121887 0.001565
34.880499 691 0.038042 0.113970 0.001464
35.330590 646 0.039344 0.106548 0.001368
35.780681 660 0.038925 0.108857 0.001398
36.230772 665 0.038778 0.109682 0.001409
36.680863 659 0.038954 0.108692 0.001396
37.130954 636 0.039653 0.104899 0.001347
37.581045 555 0.042448 0.091539 0.001176
38.031136 527 0.043561 0.086921 0.001116
38.481227 529 0.043478 0.087251 0.001121
38.931318 506 0.044455 0.083457 0.001072
39.381409 449 0.047193 0.074056 0.000951
39.831500 452 0.047036 0.074551 0.000957
40.281591 437 0.047836 0.072077 0.000926
40.731682 433 0.048057 0.071417 0.000917
41.181773 448 0.047246 0.073891 0.000949
41.631864 404 0.049752 0.066634 0.000856
42.081955 398 0.050125 0.065644 0.000843
42.532046 432 0.048113 0.071252 0.000915
42.982137 401 0.049938 0.066139 0.000849
43.432228 408 0.049507 0.067293 0.000864
43.882319 414 0.049147 0.068283 0.000877
44.332411 485 0.045408 0.079993 0.001027
44.782502 471 0.046078 0.077684 0.000998
45.232593 501 0.044677 0.082632 0.001061
45.682684 499 0.044766 0.082302 0.001057
46.132775 501 0.044677 0.082632 0.001061
46.582866 503 0.044588 0.082962 0.001065
47.032957 561 0.042220 0.092528 0.001188
47.483048 564 0.042108 0.093023 0.001195
47.933139 611 0.040456 0.100775 0.001294
48.383230 620 0.040161 0.102260 0.001313
48.833321 688 0.038125 0.113475 0.001457
49.283412 721 0.037242 0.118918 0.001527
49.733503 776 0.035898 0.127989 0.001644
50.183594 773 0.035968 0.127495 0.001637
50.633685 786 0.035669 0.129639 0.001665
51.083776 830 0.034711 0.136896 0.001758
51.533867 786 0.035669 0.129639 0.001665
51.983958 840 0.034503 0.138545 0.001779
52.434049 742 0.036711 0.122382 0.001572
52.884140 740 0.036761 0.122052 0.001567
53.334231 584 0.041380 0.096322 0.001237
53.784322 518 0.043937 0.085436 0.001097
54.234413 408 0.049507 0.067293 0.000864
54.684504 298 0.057928 0.049151 0.000631
55.134595 233 0.065512 0.038430 0.000494
55.584686 194 0.071796 0.031997 0.000411
56.034777 106 0.097129 0.017483 0.000225
56.484868 80 0.111803 0.013195 0.000170
56.934959 34 0.171499 0.005608 0.000077
57.385050 15 0.258199 0.002474 0.000053
57.835141 -3 0.000000 -0.000495 0.000000
58.285232 -4 0.000000 -0.000660 0.000000
58.735323 -14 0.000000 -0.002309 0.000000
59.185414 0 0.000000 0.000000 0.000000
59.635505 -4 0.000000 -0.000660 0.000000
60.085596 -16 0.000000 -0.002639 0.000000
60.535687 -22 0.000000 -0.003629 0.000000
60.985778 -8 0.000000 -0.001319 0.000000
61.435869 -9 0.000000 -0.001484 0.000000
61.885960 -26 0.000000 -0.004288 0.000000
62.336051 -9 0.000000 -0.001484 0.000000
62.786142 -18 0.000000 -0.002969 0.000000
63.236233 -16 0.000000 -0.002639 0.000000
63.686324 -16 0.000000 -0.002639 0.000000
64.136415 -6 0.000000 -0.000990 0.000000
64.586506 -12 0.000000 -0.001979 0.000000
65.036597 -14 0.000000 -0.002309 0.000000
65.486688 -4 0.000000 -0.000660 0.000000
65.936779 -17 0.000000 -0.002804 0.000000
66.386870 -2 0.000000 -0.000330 0.000000
66.836961 -8 0.000000 -0.001319 0.000000
67.287052 -1 0.000000 -0.000165 0.000000
67.737143 -8 0.000000 -0.001319 0.000000
68.187234 -2 0.000000 -0.000330 0.000000
68.637325 -6 0.000000 -0.000990 0.000000
69.087416 -5 0.000000 -0.000825 0.000000
69.537507 -12 0.000000 -0.001979 0.000000
69.987598 0 0.000000 0.000000 0.000000
70.437689 0 0.000000 0.000000 0.000000
70.887780 -4 0.000000 -0.000660 0.000000
71.337871 -2 0.000000 -0.000330 0.000000
71.787962 3 0.577350 0.000495 0.000095
72.238053 2 0.707107 0.000330 0.000117
72.688144 -2 0.000000 -0.000330 0.000000
73.138235 3 0.577350 0.000495 0.000095
73.588326 1 1.000000 0.000165 0.000165
74.038417 0 0.000000 0.000000 0.000000
74.488508 2 0.707107 0.000330 0.000117
74.938599 0 0.000000 0.000000 0.000000
75.388690 0 0.000000 0.000000 0.000000
75.838781 0 0.000000 0.000000 0.000000
76.288872 1 1.000000 0.000165 0.000165
76.738963 1 1.000000 0.000165 0.000165
77.189054 0 0.000000 0.000000 0.000000
77.639145 1 1.000000 0.000165 0.000165
78.089236 0 0.000000 0.000000 0.000000
78.539327 0 0.000000 0.000000 0.000000
78.989418 0 0.000000 0.000000 0.000000
79.439510 0 0.000000 0.000000 0.000000
79.889601 1 1.000000 0.000165 0.000165
80.339692 1 1.000000 0.000165 0.000165
80.789783 -1 0.000000 -0.000165 0.000000
81.239874 0 0.000000 0.000000 0.000000
81.689965 0 0.000000 0.000000 0.000000
82.140056 0 0.000000 0.000000 0.000000
82.590147 0 0.000000 0.000000 0.000000
83.040238 0 0.000000 0.000000 0.000000
83.490329 0 0.000000 0.000000 0.000000
83.940420 0 0.000000 0.000000 0.000000
84.390511 0 0.000000 0.000000 0.000000
84.840602 -1 0.000000 -0.000165 0.000000
85.290693 0 0.000000 0.000000 0.000000
85.740784 0 0.000000 0.000000 0.000000
86.190875 0 0.000000 0.000000 0.000000
86.640966 0 0.000000 0.000000 0.000000
87.091057 1 1.000000 0.000165 0.000165
87.541148 0 0.000000 0.000000 0.000000
87.991239 1 1.000000 0.000165 0.000165
88.441330 0 0.000000 0.000000 0.000000
88.891421 0 0.000000 0.000000 0.000000
89.341512 0 0.000000 0.000000 0.000000
89.791603 1 1.000000 0.000165 0.000165
90.241694 0 0.000000 0.000000 0.000000
90.691785 0 0.000000 0.000000 0.000000
91.141876 0 0.000000 0.000000 0.000000
91.591967 1 1.000000 0.000165 0.000165
92.042058 0 0.000000 0.000000 0.000000
92.492149 0 0.000000 0.000000 0.000000
92.942240 -1 0.000000 -0.000165 0.000000
93.392331 0 0.000000 0.000000 0.000000
93.842422 0 0.000000 0.000000 0.000000
94.292513 0 0.000000 0.000000 0.000000
94.742604 0 0.000000 0.000000 0.000000
95.192695 0 0.000000 0.000000 0.000000
95.642786 0 0.000000 0.000000 0.000000
96.092877 0 0.000000 0.000000 0.000000
96.542968 0 0.000000 0.000000 0.000000
96.993059 0 0.000000 0.000000 0.000000
97.443150 -1 0.000000 -0.000165 0.000000
97.893241 0 0.000000 0.000000 0.000000
98.343332 0 0.000000 0.000000 0.000000
98.793423 0 0.000000 0.000000 0.000000
99.243514 0 0.000000 0.000000 0.000000
99.693605 -1 0.000000 -0.000165 0.000000
100.143696 0 0.000000 0.000000 0.000000
100.593787 0 0.000000 0.000000 0.000000
101.043878 0 0.000000 0.000000 0.000000
101.493969 0 0.000000 0.000000 0.000000
101.944060 0 0.000000 0.000000 0.000000
102.394151 0 0.000000 0.000000 0.000000
102.844242 0 0.000000 0.000000 0.000000
103.294333 0 0.000000 0.000000 0.000000
103.744424 -1 0.000000 -0.000165 0.000000
104.194515 0 0.000000 0.000000 0.000000
104.644606 0 0.000000 0.000000 0.000000
105.094697 0 0.000000 0.000000 0.000000
105.544788 0 0.000000 0.000000 0.000000
105.994879 -1 0.000000 -0.000165 0.000000
106.444970 0 0.000000 0.000000 0.000000
106.895061 0 0.000000 0.000000 0.000000
107.345152 0 0.000000 0.000000 0.000000
107.795243 0 0.000000 0.000000 0.000000
108.245334 0 0.000000 0.000000 0.000000
108.695425 0 0.000000 0.000000 0.000000
109.145516 0 0.000000 0.000000 0.000000
109.595607 0 0.000000 0.000000 0.000000
110.045698 -1 0.000000 -0.000165 0.000000
110.495789 0 0.000000 0.000000 0.000000
110.945880 0 0.000000 0.000000 0.000000
111.395971 0 0.000000 0.000000 0.000000
111.846062 0 0.000000 0.000000 0.000000
112.296153 0 0.000000 0.000000 0.000000
112.746244 0 0.000000 0.000000 0.000000
113.196335 0 0.000000 0.000000 0.000000
113.646426 0 0.000000 0.000000 0.000000
114.096518 0 0.000000 0.000000 0.000000
114.546609 0 0.000000 0.000000 0.000000
114.996700 0 0.000000 0.000000 0.000000
115.446791 0 0.000000 0.000000 0.000000
115.896882 0 0.000000 0.000000 0.000000
116.346973 -1 0.000000 -0.000165 0.000000
116.797064 0 0.000000 0.000000 0.000000
117.247155 0 0.000000 0.000000 0.000000
117.697246 0 0.000000 0.000000 0.000000
118.147337 0 0.000000 0.000000 0.000000
118.597428 0 0.000000 0.000000 0.000000
119.047519 0 0.000000 0.000000 0.000000
119.497610 0 0.000000 0.000000 0.000000
119.947701 0 0.000000 0.000000 0.000000
120.397792 0 0.000000 0.000000 0.000000
120.847883 0 0.000000 0.000000 0.000000
121.297974 0 0.000000 0.000000 0.000000
121.748065 0 0.000000 0.000000 0.000000
122.198156 0 0.000000 0.000000 0.000000
122.648247 0 0.000000 0.000000 0.000000
123.098338 0 0.000000 0.000000 0.000000
123.548429 0 0.000000 0.000000 0.000000
123.998520 0 0.000000 0.000000 0.000000
124.448611 0 0.000000 0.000000 0.000000
124.898702 0 0.000000 0.000000 0.000000
125.348793 0 0.000000 0.000000 0.000000
125.798884 0 0.000000 0.000000 0.000000
126.248975 0 0.000000 0.000000 0.000000
126.699066 0 0.000000 0.000000 0.000000
127.149157 0 0.000000 0.000000 0.000000
127.599248 0 0.000000 0.000000 0.000000
128.049339 0 0.000000 0.000000 0.000000
128.499430 0 0.000000 0.000000 0.000000
128.949521 0 0.000000 0.000000 0.000000
129.399612 0 0.000000 0.000000 0.000000
129.849703 0 0.000000 0.000000 0.000000
