# Na22-live 1927 6063 0.4500910128667019 0.022780284450075735 77.86526825228306
-4.727510 0 0.000000 0.000000 0.000000
-4.277419 0 0.000000 0.000000 0.000000
-3.827328 0 0.000000 0.000000 0.000000
-3.377237 0 0.000000 0.000000 0.000000
-2.927146 0 0.000000 0.000000 0.000000
-2.477055 1 1.000000 0.000165 0.000165
-2.026964 0 0.000000 0.000000 0.000000
-1.576873 0 0.000000 0.000000 0.000000
-1.126782 0 0.000000 0.000000 0.000000
-0.676691 0 0.000000 0.000000 0.000000
-0.226600 2 0.707107 0.000330 0.000117
0.223491 0 0.000000 0.000000 0.000000
0.673582 6 0.408248 0.000990 0.000069
1.123673 48 0.144338 0.007917 0.000104
1.573764 171 0.076472 0.028204 0.000362
2.023855 430 0.048224 0.070922 0.000911
2.473946 799 0.035377 0.131783 0.001692
2.924037 1108 0.030042 0.182748 0.002347
3.374128 1134 0.029696 0.187036 0.002402
3.824219 1137 0.029656 0.187531 0.002408
4.274310 1079 0.030443 0.177965 0.002286
4.724401 1096 0.030206 0.180769 0.002322
5.174492 1208 0.028772 0.199241 0.002559
5.624583 1172 0.029210 0.193304 0.002483
6.074674 1214 0.028701 0.200231 0.002572
6.524765 1220 0.028630 0.201221 0.002584
6.974856 1213 0.028712 0.200066 0.002569
7.424947 1274 0.028017 0.210127 0.002699
7.875038 1399 0.026736 0.230744 0.002963
8.325129 1388 0.026841 0.228930 0.002940
8.775220 1407 0.026660 0.232063 0.002980
9.225312 1386 0.026861 0.228600 0.002936
9.675403 1328 0.027441 0.219033 0.002813
10.125494 1298 0.027756 0.214085 0.002749
10.575585 1227 0.028548 0.202375 0.002599
11.025676 1245 0.028341 0.205344 0.002637
11.475767 1168 0.029260 0.192644 0.002474
11.925858 996 0.031686 0.164275 0.002110
12.375949 1081 0.030415 0.178295 0.002290
12.826040 1016 0.031373 0.167574 0.002152
13.276131 978 0.031976 0.161306 0.002072
13.726222 977 0.031993 0.161141 0.002069
14.176313 978 0.031976 0.161306 0.002072
14.626404 959 0.032292 0.158173 0.002031
15.076495 913 0.033095 0.150586 0.001934
15.526586 878 0.033748 0.144813 0.001860
15.976677 838 0.034544 0.138215 0.001775
16.426768 765 0.036155 0.126175 0.001620
16.876859 737 0.036835 0.121557 0.001561
17.326950 577 0.041631 0.095167 0.001222
17.777041 549 0.042679 0.090549 0.001163
18.227132 483 0.045502 0.079664 0.001023
18.677223 540 0.043033 0.089065 0.001144
19.127314 447 0.047298 0.073726 0.000947
19.577405 466 0.046324 0.076860 0.000987
20.027496 635 0.039684 0.104734 0.001345
20.477587 649 0.039253 0.107043 0.001375
20.927678 885 0.033615 0.145967 0.001875
21.377769 1080 0.030429 0.178130 0.002288
21.827860 1310 0.027629 0.216065 0.002775
22.277951 1629 0.024776 0.268679 0.003451
22.728042 1703 0.024232 0.280884 0.003607
23.178133 1927 0.022780 0.317829 0.004082
23.628224 1847 0.023268 0.304635 0.003912
24.078315 1638 0.024708 0.270163 0.003470
24.528406 1383 0.026890 0.228105 0.002929
24.978497 1143 0.029579 0.188521 0.002421
25.428588 931 0.032774 0.153554 0.001972
25.878679 802 0.035311 0.132278 0.001699
26.328770 631 0.039809 0.104074 0.001337
26.778861 481 0.045596 0.079334 0.001019
27.228952 493 0.045038 0.081313 0.001044
27.679043 471 0.046078 0.077684 0.000998
28.129134 459 0.046676 0.075705 0.000972
28.579225 435 0.047946 0.071747 0.000921
29.029316 419 0.048853 0.069108 0.000888
29.479407 401 0.049938 0.066139 0.000849
29.929498 391 0.050572 0.064490 0.000828
30.379589 411 0.049326 0.067788 0.000871
30.829680 337 0.054473 0.055583 0.000714
31.279771 299 0.057831 0.049316 0.000633
31.729862 362 0.052559 0.059706 0.000767
32.179953 356 0.053000 0.058717 0.000754
32.630044 387 0.050833 0.063830 0.000820
33.080135 407 0.049568 0.067128 0.000862
33.530226 384 0.051031 0.063335 0.000813
33.980317 380 0.051299 0.062675 0.000805
34.430408 400 0.050000 0.065974 0.000847
34.880499 394 0.050379 0.064984 0.000835
35.330590 424 0.048564 0.069932 0.000898
35.780681 422 0.048679 0.069603 0.000894
36.230772 430 0.048224 0.070922 0.000911
36.680863 519 0.043895 0.085601 0.001099
37.130954 492 0.045083 0.081148 0.001042
37.581045 533 0.043315 0.087910 0.001129
38.031136 538 0.043113 0.088735 0.001140
38.481227 562 0.042182 0.092693 0.001190
38.931318 574 0.041739 0.094673 0.001216
39.381409 566 0.042033 0.093353 0.001199
39.831500 653 0.039133 0.107702 0.001383
40.281591 688 0.038125 0.113475 0.001457
40.731682 728 0.037062 0.120073 0.001542
41.181773 742 0.036711 0.122382 0.001572
41.631864 745 0.036637 0.122876 0.001578
42.081955 623 0.040064 0.102754 0.001320
42.532046 608 0.040555 0.100280 0.001288
42.982137 486 0.045361 0.080158 0.001029
43.432228 422 0.048679 0.069603 0.000894
43.882319 375 0.051640 0.061851 0.000794
44.332411 328 0.055216 0.054099 0.000695
44.782502 231 0.065795 0.038100 0.000489
45.232593 203 0.070186 0.033482 0.000430
45.682684 227 0.066372 0.037440 0.000481
46.132775 178 0.074953 0.029358 0.000377
46.582866 137 0.085436 0.022596 0.000291
47.032957 114 0.093659 0.018803 0.000242
47.483048 85 0.108465 0.014019 0.000181
47.933139 75 0.115470 0.012370 0.000160
48.383230 111 0.094916 0.018308 0.000236
48.833321 79 0.112509 0.013030 0.000168
49.283412 105 0.097590 0.017318 0.000223
49.733503 103 0.098533 0.016988 0.000219
50.183594 61 0.128037 0.010061 0.000131
50.633685 63 0.125988 0.010391 0.000135
51.083776 94 0.103142 0.015504 0.000200
51.533867 103 0.098533 0.016988 0.000219
51.983958 89 0.106000 0.014679 0.000189
52.434049 122 0.090536 0.020122 0.000259
52.884140 153 0.080845 0.025235 0.000324
53.334231 138 0.085126 0.022761 0.000293
53.784322 130 0.087706 0.021442 0.000276
54.234413 149 0.081923 0.024575 0.000316
54.684504 141 0.084215 0.023256 0.000299
55.134595 166 0.077615 0.027379 0.000352
55.584686 148 0.082199 0.024410 0.000314
56.034777 129 0.088045 0.021277 0.000274
56.484868 129 0.088045 0.021277 0.000274
56.934959 108 0.096225 0.017813 0.000229
57.385050 102 0.099015 0.016823 0.000217
57.835141 115 0.093250 0.018968 0.000244
58.285232 74 0.116248 0.012205 0.000158
58.735323 93 0.103695 0.015339 0.000198
59.185414 122 0.090536 0.020122 0.000259
59.635505 67 0.122169 0.011051 0.000143
60.085596 87 0.107211 0.014349 0.000185
60.535687 61 0.128037 0.010061 0.000131
60.985778 85 0.108465 0.014019 0.000181
61.435869 72 0.117851 0.011875 0.000154
61.885960 67 0.122169 0.011051 0.000143
62.336051 67 0.122169 0.011051 0.000143
62.786142 81 0.111111 0.013360 0.000173
63.236233 66 0.123091 0.010886 0.000141
63.686324 98 0.101015 0.016164 0.000208
64.136415 90 0.105409 0.014844 0.000191
64.586506 76 0.114708 0.012535 0.000162
65.036597 81 0.111111 0.013360 0.000173
65.486688 93 0.103695 0.015339 0.000198
65.936779 63 0.125988 0.010391 0.000135
66.386870 91 0.104828 0.015009 0.000194
66.836961 78 0.113228 0.012865 0.000166
67.287052 113 0.094072 0.018638 0.000240
67.737143 71 0.118678 0.011710 0.000152
68.187234 92 0.104257 0.015174 0.000196
68.637325 80 0.111803 0.013195 0.000170
69.087416 102 0.099015 0.016823 0.000217
69.537507 64 0.125000 0.010556 0.000137
69.987598 91 0.104828 0.015009 0.000194
70.437689 86 0.107833 0.014184 0.000183
70.887780 89 0.106000 0.014679 0.000189
71.337871 87 0.107211 0.014349 0.000185
71.787962 59 0.130189 0.009731 0.000127
72.238053 79 0.112509 0.013030 0.000168
72.688144 66 0.123091 0.010886 0.000141
73.138235 81 0.111111 0.013360 0.000173
73.588326 75 0.115470 0.012370 0.000160
74.038417 65 0.124035 0.010721 0.000139
74.488508 38 0.162221 0.006268 0.000085
74.938599 57 0.132453 0.009401 0.000123
75.388690 61 0.128037 0.010061 0.000131
75.838781 64 0.125000 0.010556 0.000137
76.288872 65 0.124035 0.010721 0.000139
76.738963 66 0.123091 0.010886 0.000141
77.189054 58 0.131306 0.009566 0.000125
77.639145 71 0.118678 0.011710 0.000152
78.089236 79 0.112509 0.013030 0.000168
78.539327 76 0.114708 0.012535 0.000162
78.989418 78 0.113228 0.012865 0.000166
79.439510 69 0.120386 0.011381 0.000147
79.889601 53 0.137361 0.008742 0.000115
80.339692 46 0.147442 0.007587 0.000100
80.789783 22 0.213201 0.003629 0.000058
81.239874 14 0.267261 0.002309 0.000053
81.689965 9 0.333333 0.001484 0.000058
82.140056 8 0.353553 0.001319 0.000061
82.590147 4 0.500000 0.000660 0.000083
83.040238 1 1.000000 0.000165 0.000165
83.490329 2 0.707107 0.000330 0.000117
83.940420 1 1.000000 0.000165 0.000165
84.390511 2 0.707107 0.000330 0.000117
84.840602 0 0.000000 0.000000 0.000000
85.290693 1 1.000000 0.000165 0.000165
85.740784 3 0.577350 0.000495 0.000095
86.190875 0 0.000000 0.000000 0.000000
86.640966 2 0.707107 0.000330 0.000117
87.091057 1 1.000000 0.000165 0.000165
87.541148 0 0.000000 0.000000 0.000000
87.991239 2 0.707107 0.000330 0.000117
88.441330 1 1.000000 0.000165 0.000165
88.891421 0 0.000000 0.000000 0.000000
89.341512 0 0.000000 0.000000 0.000000
89.791603 0 0.000000 0.000000 0.000000
90.241694 0 0.000000 0.000000 0.000000
90.691785 0 0.000000 0.000000 0.000000
91.141876 0 0.000000 0.000000 0.000000
91.591967 0 0.000000 0.000000 0.000000
92.042058 1 1.000000 0.000165 0.000165
92.492149 0 0.000000 0.000000 0.000000
92.942240 -1 0.000000 -0.000165 0.000000
93.392331 0 0.000000 0.000000 0.000000
93.842422 1 1.000000 0.000165 0.000165
94.292513 0 0.000000 0.000000 0.000000
94.742604 0 0.000000 0.000000 0.000000
95.192695 0 0.000000 0.000000 0.000000
95.642786 0 0.000000 0.000000 0.000000
96.092877 1 1.000000 0.000165 0.000165
96.542968 0 0.000000 0.000000 0.000000
96.993059 0 0.000000 0.000000 0.000000
97.443150 -1 0.000000 -0.000165 0.000000
97.893241 0 0.000000 0.000000 0.000000
98.343332 0 0.000000 0.000000 0.000000
98.793423 0 0.000000 0.000000 0.000000
99.243514 0 0.000000 0.000000 0.000000
99.693605 -1 0.000000 -0.000165 0.000000
100.143696 0 0.000000 0.000000 0.000000
100.593787 0 0.000000 0.000000 0.000000
101.043878 0 0.000000 0.000000 0.000000
101.493969 0 0.000000 0.000000 0.000000
101.944060 0 0.000000 0.000000 0.000000
102.394151 0 0.000000 0.000000 0.000000
102.844242 0 0.000000 0.000000 0.000000
103.294333 0 0.000000 0.000000 0.000000
103.744424 -1 0.000000 -0.000165 0.000000
104.194515 0 0.000000 0.000000 0.000000
104.644606 0 0.000000 0.000000 0.000000
105.094697 0 0.000000 0.000000 0.000000
105.544788 0 0.000000 0.000000 0.000000
105.994879 -1 0.000000 -0.000165 0.000000
106.444970 0 0.000000 0.000000 0.000000
106.895061 0 0.000000 0.000000 0.000000
107.345152 0 0.000000 0.000000 0.000000
107.795243 0 0.000000 0.000000 0.000000
108.245334 0 0.000000 0.000000 0.000000
108.695425 0 0.000000 0.000000 0.000000
109.145516 0 0.000000 0.000000 0.000000
109.595607 0 0.000000 0.000000 0.000000
110.045698 -1 0.000000 -0.000165 0.000000
110.495789 0 0.000000 0.000000 0.000000
110.945880 0 0.000000 0.000000 0.000000
111.395971 0 0.000000 0.000000 0.000000
111.846062 0 0.000000 0.000000 0.000000
112.296153 0 0.000000 0.000000 0.000000
112.746244 0 0.000000 0.000000 0.000000
113.196335 0 0.000000 0.000000 0.000000
113.646426 0 0.000000 0.000000 0.000000
114.096518 0 0.000000 0.000000 0.000000
114.546609 0 0.000000 0.000000 0.000000
114.996700 0 0.000000 0.000000 0.000000
115.446791 0 0.000000 0.000000 0.000000
115.896882 0 0.000000 0.000000 0.000000
116.346973 -1 0.000000 -0.000165 0.000000
116.797064 0 0.000000 0.000000 0.000000
117.247155 0 0.000000 0.000000 0.000000
117.697246 0 0.000000 0.000000 0.000000
118.147337 0 0.000000 0.000000 0.000000
118.597428 0 0.000000 0.000000 0.000000
119.047519 0 0.000000 0.000000 0.000000
119.497610 0 0.000000 0.000000 0.000000
119.947701 0 0.000000 0.000000 0.000000
120.397792 0 0.000000 0.000000 0.000000
120.847883 0 0.000000 0.000000 0.000000
121.297974 0 0.000000 0.000000 0.000000
121.748065 0 0.000000 0.000000 0.000000
122.198156 0 0.000000 0.000000 0.000000
122.648247 0 0.000000 0.000000 0.000000
123.098338 0 0.000000 0.000000 0.000000
123.548429 0 0.000000 0.000000 0.000000
123.998520 0 0.000000 0.000000 0.000000
124.448611 0 0.000000 0.000000 0.000000
124.898702 0 0.000000 0.000000 0.000000
125.348793 0 0.000000 0.000000 0.000000
125.798884 0 0.000000 0.000000 0.000000
126.248975 0 0.000000 0.000000 0.000000
126.699066 0 0.000000 0.000000 0.000000
127.149157 0 0.000000 0.000000 0.000000
127.599248 0 0.000000 0.000000 0.000000
128.049339 0 0.000000 0.000000 0.000000
128.499430 0 0.000000 0.000000 0.000000
128.949521 0 0.000000 0.000000 0.000000
129.399612 0 0.000000 0.000000 0.000000
129.849703 0 0.000000 0.000000 0.000000
