pulse_val, e_count, adc_val
12	1	1018074107	96	3376	3376	3360	3376	3376
12	2	1018274124	70	3200	3168	3152	3168	3168
12	3	1018474106	76	3680	3648	3632	3632	3632
12	4	1018674110	75	3792	3792	3776	3776	3792
12	5	1018874102	70	3648	3648	3632	3632	3632
12	6	1019074108	72	3504	3472	3488	3488	3488
12	7	1019274113	66	3904	3904	3904	3920	3904
12	8	1019474109	65	3408	3392	3392	3392	3392
12	9	1019674110	71	3280	3280	3280	3296	3280
12	10	1019874121	70	3440	3408	3424	3408	3424
12	11	1020074120	74	3168	3152	3152	3136	3168
12	12	1020274118	71	3312	3312	3296	3296	3296
12	13	1020474121	71	3328	3312	3328	3296	3328
12	14	1020674120	68	3584	3632	3632	3632	3632
12	15	1020874126	70	3776	3792	3760	3760	3744
12	16	1021074127	70	3552	3552	3552	3552	3552
12	17	1021274116	72	3888	3920	3888	3888	3888
12	18	1021474120	66	3216	3216	3216	3232	3200
12	19	1021674132	69	3664	3664	3648	3648	3664
12	20	1021874122	68	3760	3744	3744	3728	3776
12	21	1022074136	69	3360	3344	3344	3328	3344
12	22	1022274131	64	3664	3680	3664	3680	3648
12	23	1022474130	65	3264	3264	3264	3248	3248
12	24	1022674148	78	3344	3328	3328	3328	3328
12	25	1022874147	69	3840	3808	3840	3840	3872
12	26	1023074135	73	3552	3520	3504	3504	3520
12	27	1023274136	73	3488	3488	3488	3488	3472
12	28	1023474134	70	3456	3456	3456	3424	3456
12	29	1023674139	74	3648	3632	3632	3632	3664
12	30	1023874137	81	3664	3632	3616	3632	3632
12	31	1024074144	70	3360	3344	3328	3328	3328
12	32	1024274140	67	3376	3392	3392	3376	3392
12	33	1024474148	68	3392	3392	3392	3392	3376
12	34	1024674142	68	3248	3264	3264	3248	3248
12	35	1024874148	73	3712	3680	3696	3680	3680
12	36	1025074148	66	3552	3568	3552	3552	3552
12	37	1025274149	74	3536	3504	3504	3520	3504
12	38	1025474150	69	3648	3648	3648	3616	3632
12	39	1025674152	71	3728	3680	3680	3680	3664
12	40	1025874161	69	3728	3728	3728	3712	3728
12	41	1026074163	67	3552	3568	3552	3584	3552
12	42	1026274154	70	3808	3792	3792	3776	3792
12	43	1026474164	66	3520	3520	3536	3520	3520
12	44	1026674159	72	3296	3296	3296	3280	3280
12	45	1026874154	67	3584	3552	3568	3552	3584
12	46	1027074160	69	3744	3728	3728	3744	3728
12	47	1027274176	75	3856	3840	3840	3840	3840
12	48	1027474177	68	3584	3600	3600	3584	3616
12	49	1027674166	67	3552	3552	3552	3536	3552
12	50	1027874166	65	3600	3616	3600	3600	3584
12	51	1028074169	72	4000	3984	3968	3984	3952
12	52	1028274175	67	3488	3504	3488	3472	3488
12	53	1028474178	75	3792	3776	3776	3792	3776
12	54	1028674181	71	3488	3488	3488	3472	3456
12	55	1028874186	69	3200	3216	3184	3152	3168
12	56	1029074180	70	3152	3152	3152	3136	3152
12	57	1029274177	71	3328	3296	3328	3360	3312
12	58	1029474183	73	3312	3312	3280	3296	3280
12	59	1029674186	76	3360	3376	3360	3360	3360
12	60	1029874177	69	3328	3328	3344	3312	3296
12	61	1030074190	67	3664	3664	3664	3648	3632
12	62	1030274191	69	3408	3392	3392	3392	3376
12	63	1030474196	72	3376	3376	3376	3360	3360
12	64	1030674184	70	3264	3248	3296	3296	3248
12	65	1030874185	75	3280	3312	3280	3280	3280
12	66	1031074189	68	3904	3904	3904	3936	3888
12	67	1031274193	70	3648	3648	3632	3616	3632
12	68	1031474200	76	3264	3264	3232	3248	3248
12	69	1031674211	76	3472	3472	3472	3472	3456
12	70	1031874203	72	3264	3264	3264	3264	3248
12	71	1032074202	69	3456	3456	3456	3456	3472
12	72	1032274204	69	3680	3680	3712	3680	3664
12	73	1032474199	67	3424	3408	3408	3424	3408
12	74	1032674204	67	3472	3504	3472	3472	3472
12	75	1032874205	72	3392	3392	3392	3376	3392
12	76	1033074214	67	3232	3264	3232	3232	3232
12	77	1033274212	74	3200	3120	3120	3088	3120
12	78	1033474218	82	3312	3328	3328	3328	3328
12	79	1033674210	69	3328	3296	3296	3280	3280
12	80	1033874209	72	2912	2928	2944	2944	2944
12	81	1034074220	70	3504	3536	3520	3520	3520
12	82	1034274219	71	3520	3520	3520	3520	3520
12	83	1034474216	74	3568	3552	3568	3584	3552
12	84	1034674217	67	3616	3648	3600	3600	3600
12	85	1034874219	70	3520	3520	3552	3536	3520
12	86	1035074218	68	3664	3680	3680	3680	3680
12	87	1035274220	70	3680	3664	3680	3680	3728
12	88	1035474229	68	3728	3728	3728	3760	3728
12	89	1035674230	68	3632	3632	3632	3616	3632
12	90	1035874232	68	3584	3568	3584	3552	3584
12	91	1036074223	62	3216	3216	3200	3232	3200
12	92	1036274234	70	3472	3456	3456	3456	3472
12	93	1036474242	69	3312	3312	3296	3296	3344
12	94	1036674243	70	3296	3296	3296	3296	3344
12	95	1036874228	76	3600	3616	3600	3584	3568
12	96	1037074235	68	3504	3488	3472	3472	3488
12	97	1037274239	77	3552	3568	3552	3568	3552
12	98	1037474248	71	3536	3552	3536	3536	3536
12	99	1037674237	68	3792	3776	3776	3776	3808
12	100	1037874237	64	3472	3472	3488	3472	3472
14	1	1042993507	76	6401	6417	6401	6369	6369
14	2	1043193529	68	6529	6529	6497	6513	6481
14	3	1043393522	70	6625	6577	6593	6577	6561
14	4	1043593529	82	6353	6353	6353	6337	6321
14	5	1043793526	68	6577	6577	6545	6561	6545
14	6	1043993541	67	6497	6481	6481	6481	6465
14	7	1044193538	66	6465	6465	6449	6449	6433
14	8	1044393528	74	6561	6561	6561	6577	6529
14	9	1044593528	63	6625	6593	6593	6593	6577
14	10	1044793530	67	6417	6369	6401	6369	6369
14	11	1044993544	63	6481	6449	6465	6465	6449
14	12	1045193537	66	6545	6561	6529	6513	6529
14	13	1045393550	67	6497	6497	6465	6465	6465
14	14	1045593545	76	6529	6481	6481	6465	6545
14	15	1045793545	71	6401	6369	6369	6401	6353
14	16	1045993549	73	6497	6545	6481	6481	6481
14	17	1046193542	71	6449	6433	6417	6417	6433
14	18	1046393546	70	6561	6561	6545	6545	6529
14	19	1046593544	75	6705	6641	6625	6625	6625
14	20	1046793546	67	6481	6497	6449	6449	6449
14	21	1046993557	74	6481	6481	6481	6465	6465
14	22	1047193553	71	6561	6529	6561	6529	6529
14	23	1047393557	74	6497	6497	6481	6449	6449
14	24	1047593552	71	6369	6369	6369	6369	6385
14	25	1047793554	74	6465	6513	6497	6449	6433
14	26	1047993564	73	6625	6609	6593	6577	6577
14	27	1048193565	70	6545	6529	6529	6529	6497
14	28	1048393559	73	6545	6529	6513	6481	6497
14	29	1048593555	69	6577	6593	6577	6561	6577
14	30	1048793568	69	6577	6593	6593	6577	6561
14	31	1048993575	69	6593	6593	6577	6545	6561
14	32	1049193566	70	6545	6545	6545	6545	6561
14	33	1049393564	71	6417	6417	6401	6401	6401
14	34	1049593569	65	6449	6465	6449	6465	6433
14	35	1049793580	68	6545	6545	6497	6513	6481
14	36	1049993568	69	6577	6561	6561	6577	6561
14	37	1050193580	73	6497	6481	6481	6465	6449
14	38	1050393581	77	6609	6593	6593	6577	6577
14	39	1050593586	71	6545	6497	6529	6497	6497
14	40	1050793583	74	6497	6497	6481	6449	6465
14	41	1050993579	69	6497	6513	6497	6481	6481
14	42	1051193579	76	6545	6497	6529	6497	6497
14	43	1051393590	66	6609	6561	6561	6545	6545
14	44	1051593586	64	6561	6561	6561	6529	6529
14	45	1051793585	62	6529	6497	6497	6465	6481
14	46	1051993583	71	6465	6465	6497	6449	6449
14	47	1052193584	70	6465	6465	6449	6465	6449
14	48	1052393581	71	6497	6497	6481	6529	6449
14	49	1052593589	71	6593	6577	6577	6577	6561
14	50	1052793591	65	6593	6625	6577	6577	6577
14	51	1052993604	77	6609	6593	6593	6593	6561
14	52	1053193595	74	6529	6529	6465	6481	6465
14	53	1053393596	70	6465	6465	6449	6449	6433
14	54	1053593590	68	6481	6513	6481	6497	6449
14	55	1053793598	71	6545	6529	6529	6497	6545
14	56	1053993607	68	6561	6561	6545	6545	6545
14	57	1054193608	68	6561	6561	6545	6545	6545
14	58	1054393599	68	6497	6481	6465	6465	6449
14	59	1054593598	70	6529	6561	6561	6497	6497
14	60	1054793607	72	6449	6449	6449	6449	6433
14	61	1054993618	78	6369	6369	6353	6353	6353
14	62	1055193623	70	6449	6433	6433	6449	6401
14	63	1055393612	72	6577	6561	6545	6529	6545
14	64	1055593616	67	6593	6545	6545	6545	6529
14	65	1055793617	66	6545	6529	6529	6497	6545
14	66	1055993623	69	6545	6529	6529	6513	6545
14	67	1056193622	68	6577	6529	6529	6497	6497
14	68	1056393620	67	6657	6625	6593	6609	6593
14	69	1056593613	66	6593	6609	6545	6545	6577
14	70	1056793627	67	6609	6577	6593	6561	6577
14	71	1056993623	68	6593	6561	6561	6561	6561
14	72	1057193636	81	6465	6449	6449	6449	6449
14	73	1057393631	73	6593	6561	6577	6577	6545
14	74	1057593633	69	6641	6625	6609	6609	6593
14	75	1057793627	69	6641	6593	6593	6609	6577
14	76	1057993628	71	6545	6545	6529	6529	6513
14	77	1058193637	66	6529	6529	6513	6481	6481
14	78	1058393630	68	6481	6545	6481	6465	6465
14	79	1058593632	74	6497	6497	6481	6465	6465
14	80	1058793640	65	6577	6609	6577	6609	6561
14	81	1058993634	69	6561	6545	6529	6513	6545
14	82	1059193632	66	6577	6577	6561	6561	6561
14	83	1059393651	69	6593	6577	6577	6561	6561
14	84	1059593645	73	6593	6577	6561	6561	6545
14	85	1059793645	68	6577	6561	6561	6545	6545
14	86	1059993647	65	6609	6561	6561	6545	6545
14	87	1060193643	65	6481	6497	6497	6481	6449
14	88	1060393648	74	6449	6449	6417	6417	6417
14	89	1060593657	72	6465	6465	6465	6449	6449
14	90	1060793651	73	6561	6513	6497	6497	6497
14	91	1060993649	69	6577	6577	6545	6561	6545
14	92	1061193652	66	6449	6433	6465	6433	6417
14	93	1061393653	71	6433	6417	6433	6417	6401
14	94	1061593657	70	6481	6449	6497	6449	6433
14	95	1061793655	76	6577	6545	6545	6545	6529
14	96	1061993665	65	6593	6593	6577	6577	6561
14	97	1062193671	69	6497	6497	6481	6481	6465
14	98	1062393657	73	6497	6465	6481	6481	6465
14	99	1062593659	65	6497	6481	6497	6465	6481
14	100	1062793660	70	6465	6433	6433	6433	6417
16	1	1067895421	80	7361	7329	7345	7329	7329
16	2	1068095454	72	7265	7233	7249	7265	7217
16	3	1068295441	67	7409	7361	7345	7361	7345
16	4	1068495444	70	7345	7313	7313	7297	7297
16	5	1068695451	69	7249	7249	7233	7233	7233
16	6	1068895449	73	7345	7345	7345	7313	7313
16	7	1069095451	78	7297	7249	7265	7233	7233
16	8	1069295450	74	7297	7265	7249	7233	7249
16	9	1069495446	74	7377	7329	7393	7345	7329
16	10	1069695444	81	7377	7361	7329	7329	7313
16	11	1069895447	68	7425	7457	7393	7377	7377
16	12	1070095458	72	7265	7249	7233	7233	7217
16	13	1070295447	69	7377	7377	7345	7361	7361
16	14	1070495455	67	7377	7377	7329	7329	7329
16	15	1070695455	71	7297	7281	7265	7265	7249
16	16	1070895460	74	7265	7265	7249	7265	7233
16	17	1071095456	69	7329	7297	7313	7265	7297
16	18	1071295467	69	7377	7361	7361	7345	7329
16	19	1071495464	69	7265	7249	7233	7217	7217
16	20	1071695457	68	7393	7377	7361	7361	7345
16	21	1071895459	67	7345	7361	7313	7313	7313
16	22	1072095466	67	7313	7297	7265	7265	7265
16	23	1072295471	68	7425	7377	7425	7377	7345
16	24	1072495463	67	7313	7313	7297	7281	7297
16	25	1072695461	71	7393	7361	7361	7345	7329
16	26	1072895464	73	7297	7313	7281	7265	7265
16	27	1073095484	69	7361	7345	7377	7345	7313
16	28	1073295481	70	7361	7313	7297	7297	7297
16	29	1073495484	72	7345	7313	7297	7297	7265
16	30	1073695487	72	7377	7361	7345	7329	7329
16	31	153648	67	7361	7345	7329	7345	7313
16	32	353656	72	7393	7377	7361	7329	7345
16	33	553655	71	7329	7281	7265	7265	7265
16	34	753670	68	7377	7361	7377	7361	7361
16	35	953654	66	7361	7345	7345	7329	7329
16	36	1153655	65	7425	7425	7377	7361	7361
16	37	1353662	65	7393	7393	7361	7361	7345
16	38	1553657	69	7297	7265	7249	7233	7233
16	39	1753664	72	7377	7393	7361	7361	7361
16	40	1953673	71	7345	7297	7297	7297	7265
16	41	2153668	80	7345	7345	7345	7329	7313
16	42	2353682	70	7377	7329	7361	7345	7313
16	43	2553675	72	7329	7329	7329	7313	7313
16	44	2753673	75	7377	7377	7361	7329	7345
16	45	2953671	72	7345	7313	7313	7297	7281
16	46	3153673	68	7361	7329	7329	7345	7313
16	47	3353674	73	7265	7297	7249	7249	7249
16	48	3553681	72	7313	7313	7297	7265	7265
16	49	3753685	72	7393	7377	7361	7345	7345
16	50	3953673	67	7425	7425	7377	7345	7345
16	51	4153680	68	7297	7249	7233	7249	7217
16	52	4353684	68	7345	7313	7313	7297	7297
16	53	4553689	72	7329	7313	7313	7313	7297
16	54	4753691	70	7313	7281	7265	7265	7249
16	55	4953688	73	7345	7345	7329	7313	7313
16	56	5153686	70	7393	7409	7377	7361	7345
16	57	5353700	66	7265	7233	7249	7249	7249
16	58	5553698	77	7313	7313	7297	7265	7249
16	59	5753697	68	7329	7329	7329	7313	7297
16	60	5953693	70	7329	7313	7297	7297	7265
16	61	6153697	67	7329	7313	7297	7265	7297
16	62	6353693	68	7361	7329	7329	7313	7313
16	63	6553698	68	7361	7345	7329	7329	7313
16	64	6753699	71	7313	7313	7297	7297	7265
16	65	6953712	69	7393	7377	7393	7393	7361
16	66	7153710	73	7313	7361	7313	7313	7297
16	67	7353707	68	7265	7265	7265	7233	7233
16	68	7553708	74	7329	7313	7297	7265	7265
16	69	7753705	67	7361	7361	7345	7313	7329
16	70	7953708	67	7377	7377	7361	7345	7345
16	71	8153708	66	7329	7329	7313	7313	7297
16	72	8353717	68	7313	7313	7265	7297	7265
16	73	8553723	75	7329	7313	7313	7297	7297
16	74	8753710	66	7361	7361	7329	7345	7313
16	75	8953714	74	7425	7393	7377	7377	7361
16	76	9153723	71	7345	7313	7313	7297	7265
16	77	9353723	70	7393	7361	7377	7329	7345
16	78	9553728	64	7297	7297	7265	7233	7249
16	79	9753725	71	7313	7297	7265	7249	7249
16	80	9953730	63	7249	7233	7201	7217	7201
16	81	10153722	69	7441	7409	7425	7425	7393
16	82	10353723	69	7329	7281	7281	7265	7249
16	83	10553738	68	7361	7313	7313	7297	7297
16	84	10753736	75	7313	7313	7297	7265	7265
16	85	10953724	71	7393	7361	7361	7377	7345
16	86	11153728	72	7393	7377	7345	7345	7329
16	87	11353731	71	7361	7345	7329	7329	7329
16	88	11553734	66	7377	7345	7345	7329	7329
16	89	11753737	65	7345	7329	7345	7313	7329
16	90	11953738	74	7361	7361	7329	7329	7313
16	91	12153744	72	7361	7361	7329	7361	7345
16	92	12353739	68	7265	7249	7217	7233	7217
16	93	12553740	70	7345	7297	7313	7297	7297
16	94	12753750	68	7297	7297	7297	7265	7265
16	95	12953757	69	7233	7297	7233	7233	7217
16	96	13153741	77	7377	7345	7345	7329	7329
16	97	13353744	67	7361	7345	7345	7345	7329
16	98	13553753	70	7393	7377	7377	7361	7345
16	99	13753750	72	7297	7297	7265	7249	7249
16	100	13953757	73	7233	7201	7201	7201	7185
18	1	19085205	84	8113	8113	8081	8081	8065
18	2	19285217	72	8177	8145	8161	8145	8145
18	3	19485221	79	8129	8097	8097	8081	8081
18	4	19685222	83	8065	8033	8017	8001	8001
18	5	19885211	67	8177	8177	8177	8177	8161
18	6	20085216	74	8145	8113	8097	8081	8081
18	7	20285233	68	8177	8177	8177	8161	8145
18	8	20485215	67	8177	8177	8177	8177	8177
18	9	20685219	71	8145	8129	8097	8097	8097
18	10	20885222	69	8145	8145	8113	8145	8113
18	11	21085229	67	8145	8145	8129	8129	8113
18	12	21285219	70	8161	8177	8145	8177	8145
18	13	21485218	71	8177	8177	8177	8161	8161
18	14	21685230	73	8177	8129	8113	8097	8081
18	15	21885234	78	8081	8049	8033	8033	8017
18	16	22085233	74	8177	8177	8177	8161	8161
18	17	22285228	68	8161	8129	8129	8113	8097
18	18	22485232	69	8161	8145	8129	8129	8097
18	19	22685238	72	8177	8177	8145	8145	8113
18	20	22885232	66	8129	8097	8081	8081	8065
18	21	23085231	72	8129	8113	8097	8097	8097
18	22	23285238	75	8129	8097	8097	8081	8081
18	23	23485233	67	8129	8129	8097	8097	8065
18	24	23685241	65	8177	8161	8161	8177	8161
18	25	23885233	64	8177	8177	8177	8177	8161
18	26	24085245	77	8161	8129	8097	8113	8097
18	27	24285251	78	8161	8129	8129	8113	8097
18	28	24485254	69	8177	8177	8177	8177	8177
18	29	24685261	69	8177	8177	8177	8145	8145
18	30	24885249	68	8145	8145	8145	8129	8161
18	31	25085248	68	8177	8177	8177	8177	8177
18	32	25285248	64	8177	8177	8177	8177	8177
18	33	25485249	76	8113	8113	8113	8097	8081
18	34	25685252	71	8097	8081	8081	8081	8033
18	35	25885254	69	8177	8177	8177	8177	8177
18	36	26085251	68	8177	8177	8177	8161	8177
18	37	26285256	68	8129	8129	8129	8097	8113
18	38	26485274	67	8145	8145	8113	8097	8081
18	39	26685274	70	8113	8097	8081	8097	8065
18	40	26885268	71	8113	8129	8113	8113	8129
18	41	27085268	65	8161	8145	8129	8129	8129
18	42	27285262	69	8161	8161	8145	8129	8129
18	43	27485271	72	8129	8129	8113	8113	8113
18	44	27685271	68	8177	8161	8161	8161	8145
18	45	27885265	72	8177	8161	8161	8145	8129
18	46	28085271	75	8161	8113	8081	8081	8065
18	47	28285270	64	8177	8177	8161	8161	8129
18	48	28485272	70	8145	8145	8145	8113	8113
18	49	28685286	75	8129	8081	8081	8081	8065
18	50	28885283	72	8129	8129	8097	8113	8097
18	51	29085283	79	8129	8145	8113	8113	8081
18	52	29285284	68	8145	8113	8113	8113	8113
18	53	29485280	65	8177	8177	8177	8177	8161
18	54	29685285	68	8097	8081	8081	8065	8081
18	55	29885284	69	8177	8177	8177	8177	8161
18	56	30085281	71	8177	8177	8177	8161	8161
18	57	30285282	65	8177	8177	8177	8177	8177
18	58	30485294	63	8177	8177	8177	8177	8177
18	59	30685282	66	8161	8145	8145	8129	8129
18	60	30885289	72	8177	8177	8177	8161	8177
18	61	31085294	67	8113	8113	8097	8097	8065
18	62	31285306	72	8129	8113	8113	8097	8081
18	63	31485295	69	8145	8145	8145	8129	8113
18	64	31685306	71	8177	8177	8177	8145	8161
18	65	31885305	73	8113	8097	8081	8081	8065
18	66	32085304	64	8177	8177	8177	8177	8177
18	67	32285305	74	8177	8177	8177	8177	8177
18	68	32485300	69	8177	8177	8145	8161	8145
18	69	32685306	71	8177	8177	8145	8129	8129
18	70	32885300	68	8242	8210	8210	8194	8194
18	71	33085312	69	8177	8161	8177	8161	8161
18	72	33285307	71	8161	8161	8145	8161	8129
18	73	33485321	72	8177	8177	8177	8161	8177
18	74	33685329	68	8161	8145	8145	8161	8113
18	75	33885313	68	8081	8081	8033	8033	8017
18	76	34085312	69	8113	8097	8097	8081	8081
18	77	34285317	69	8177	8177	8177	8177	8177
18	78	34485316	67	8177	8177	8161	8161	8145
18	79	34685320	66	8177	8177	8177	8177	8177
18	80	34885327	71	8129	8081	8097	8081	8081
18	81	35085318	73	8177	8129	8145	8129	8113
18	82	35285320	69	8081	8097	8065	8081	8049
18	83	35485334	71	8097	8097	8081	8081	8049
18	84	35685323	72	8129	8113	8097	8097	8113
18	85	35885328	74	8065	8065	8033	8033	8017
18	86	36085348	77	8161	8129	8129	8129	8113
18	87	36285328	68	8145	8129	8113	8113	8097
18	88	36485327	71	8161	8097	8081	8081	8065
18	89	36685332	68	8177	8177	8161	8145	8145
18	90	36885333	74	8177	8145	8145	8145	8129
18	91	37085333	64	8097	8081	8097	8081	8065
18	92	37285337	69	8145	8161	8145	8129	8129
18	93	37485349	70	8177	8177	8177	8177	8177
18	94	37685339	65	8177	8177	8177	8177	8177
18	95	37885337	67	8177	8177	8177	8161	8161
18	96	38085345	68	8161	8177	8145	8129	8145
18	97	38285354	75	8177	8177	8161	8113	8113
18	98	38485351	66	8145	8145	8161	8129	8113
18	99	38685343	74	8145	8129	8097	8081	8097
18	100	38885351	64	8145	8145	8161	8113	8113
20	1	44077805	77	8610	8594	8594	8578	8530
20	2	44277820	74	8594	8610	8562	8530	8514
20	3	44477818	71	8770	8738	8738	8754	8722
20	4	44677818	74	8706	8658	8658	8626	8626
20	5	44877823	65	8626	8594	8594	8578	8578
20	6	45077814	72	8706	8674	8674	8658	8658
20	7	45277821	68	8642	8610	8594	8594	8578
20	8	45477824	73	8642	8626	8610	8594	8578
20	9	45677832	71	8594	8546	8546	8530	8530
20	10	45877829	67	8642	8658	8626	8642	8594
20	11	46077822	74	8642	8642	8626	8610	8594
20	12	46277841	72	8626	8626	8610	8578	8578
20	13	46477835	70	8706	8674	8706	8690	8674
20	14	46677827	69	8674	8642	8642	8642	8610
20	15	46877829	71	8642	8642	8594	8594	8594
20	16	47077834	73	8642	8626	8610	8610	8610
20	17	47277834	69	8658	8658	8642	8626	8610
20	18	47477840	74	8658	8626	8658	8626	8594
20	19	47677833	71	8706	8690	8658	8658	8642
20	20	47877838	70	8658	8658	8658	8642	8610
20	21	48077850	73	8578	8594	8546	8530	8530
20	22	48277864	71	8610	8578	8594	8578	8578
20	23	48477846	78	8658	8642	8610	8626	8610
20	24	48677849	70	8594	8594	8562	8546	8546
20	25	48877844	74	8642	8658	8642	8626	8626
20	26	49077846	65	8674	8642	8674	8642	8626
20	27	49277849	71	8610	8594	8578	8610	8562
20	28	49477850	73	8690	8642	8610	8626	8594
20	29	49677858	65	8626	8594	8610	8578	8578
20	30	49877863	72	8594	8546	8546	8530	8514
20	31	50077864	67	8674	8658	8642	8674	8642
20	32	50277856	66	8642	8626	8626	8594	8594
20	33	50477866	77	8530	8546	8530	8514	8514
20	34	50677855	73	8658	8642	8626	8610	8610
20	35	50877867	71	8626	8610	8594	8594	8578
20	36	51077872	70	8610	8642	8594	8594	8610
20	37	51277863	70	8674	8674	8706	8658	8674
20	38	51477871	71	8674	8658	8674	8626	8610
20	39	51677874	66	8722	8706	8706	8706	8674
20	40	51877868	69	8626	8626	8594	8578	8578
20	41	52077869	72	8610	8594	8594	8594	8578
20	42	52277875	65	8642	8642	8642	8626	8610
20	43	52477887	69	8498	8482	8466	8450	8450
20	44	52677877	70	8610	8546	8594	8530	8546
20	45	52877885	77	8594	8578	8578	8546	8546
20	46	53077880	84	8578	8578	8546	8546	8530
20	47	53277873	71	8610	8610	8594	8578	8578
20	48	53477892	71	8626	8610	8594	8594	8578
20	49	53677877	70	8658	8626	8626	8594	8578
20	50	53877888	68	8706	8642	8626	8626	8610
20	51	54077882	69	8610	8626	8610	8594	8578
20	52	54277883	66	8642	8610	8594	8594	8578
20	53	54477884	66	8626	8610	8626	8594	8578
20	54	54677890	75	8610	8594	8594	8594	8578
20	55	54877885	70	8594	8594	8594	8578	8546
20	56	55077902	64	8594	8578	8546	8546	8530
20	57	55277895	70	8546	8530	8514	8514	8482
20	58	55477900	70	8674	8658	8610	8626	8594
20	59	55677895	69	8626	8610	8610	8578	8578
20	60	55877900	70	8658	8658	8642	8626	8610
20	61	56077898	69	8706	8642	8642	8626	8626
20	62	56277892	65	8626	8642	8610	8610	8594
20	63	56477905	65	8658	8626	8626	8610	8610
20	64	56677904	65	8610	8546	8578	8594	8546
20	65	56877909	69	8642	8610	8642	8610	8578
20	66	57077909	67	8658	8674	8642	8610	8610
20	67	57277906	71	8578	8578	8530	8530	8514
20	68	57477911	74	8610	8594	8546	8546	8530
20	69	57677915	73	8594	8594	8578	8578	8546
20	70	57877920	69	8546	8546	8514	8530	8514
20	71	58077917	67	8530	8530	8530	8514	8498
20	72	58277918	69	8594	8578	8578	8546	8546
20	73	58477913	69	8610	8546	8546	8546	8530
20	74	58677916	76	8642	8610	8610	8594	8578
20	75	58877916	66	8674	8626	8626	8626	8610
20	76	59077913	68	8594	8546	8546	8546	8530
20	77	59277924	67	8610	8594	8578	8578	8546
20	78	59477924	77	8594	8578	8578	8530	8546
20	79	59677926	72	8642	8658	8610	8578	8610
20	80	59877935	66	8594	8594	8546	8546	8546
20	81	60077935	80	8594	8578	8578	8530	8498
20	82	60277944	68	8594	8610	8578	8578	8546
20	83	60477928	74	8610	8578	8562	8562	8546
20	84	60677936	70	8658	8594	8594	8578	8546
20	85	60877928	68	8530	8530	8514	8514	8498
20	86	61077941	71	8626	8594	8626	8578	8578
20	87	61277935	70	8674	8642	8658	8642	8610
20	88	61477938	64	8626	8610	8594	8594	8594
20	89	61677937	75	8578	8546	8530	8530	8514
20	90	61877940	64	8754	8706	8674	8674	8658
20	91	62077942	71	8706	8706	8674	8674	8706
20	92	62277962	68	8610	8594	8578	8594	8578
20	93	62477951	64	8498	8498	8482	8466	8466
20	94	62677954	68	8626	8642	8626	8626	8594
20	95	62877944	67	8706	8658	8658	8626	8626
20	96	63077951	67	8690	8658	8674	8658	8658
20	97	63277947	67	8626	8626	8610	8594	8578
20	98	63477947	73	8594	8546	8530	8514	8530
20	99	63677959	75	8690	8674	8674	8642	8642
20	100	63877952	69	8722	8706	8706	8690	8690
22	1	69076516	81	9250	9234	9234	9202	9202
22	2	69276538	73	9154	9106	9090	9106	9090
22	3	69476526	61	9170	9154	9138	9138	9122
22	4	69676533	76	9170	9138	9138	9122	9122
22	5	69876531	70	9186	9138	9154	9138	9138
22	6	70076535	70	9106	9106	9106	9074	9058
22	7	70276531	75	9154	9154	9138	9138	9122
22	8	70476542	75	9202	9154	9138	9138	9122
22	9	70676544	72	9122	9138	9106	9090	9090
22	10	70876536	72	9186	9138	9122	9138	9122
22	11	71076539	63	9234	9170	9170	9138	9138
22	12	71276541	65	9282	9266	9234	9266	9218
22	13	71476552	69	9218	9154	9138	9154	9138
22	14	71676548	70	9138	9106	9106	9090	9058
22	15	71876545	71	9170	9138	9138	9122	9106
22	16	72076563	76	9170	9138	9138	9170	9122
22	17	72276569	68	9122	9074	9058	9042	9042
22	18	72476545	69	9138	9122	9106	9090	9090
22	19	72676559	71	9202	9186	9202	9170	9138
22	20	72876557	68	9250	9218	9186	9186	9170
22	21	73076563	64	9106	9106	9106	9058	9058
22	22	73276554	65	9218	9186	9186	9154	9154
22	23	73476558	72	9186	9138	9122	9106	9106
22	24	73676558	71	9138	9106	9106	9090	9090
22	25	73876558	69	9282	9250	9234	9218	9266
22	26	74076561	65	9186	9138	9154	9138	9106
22	27	74276566	69	9234	9202	9218	9170	9186
22	28	74476569	74	9122	9106	9106	9058	9058
22	29	74676573	74	9218	9202	9186	9170	9170
22	30	74876569	65	9042	9042	9042	9026	9026
22	31	75076570	69	9298	9250	9234	9234	9218
22	32	75276575	70	9346	9314	9266	9250	9250
22	33	75476574	75	9090	9074	9042	9042	9042
22	34	75676572	68	9186	9170	9154	9154	9138
22	35	75876576	72	9202	9186	9154	9154	9170
22	36	76076573	66	9154	9122	9122	9122	9106
22	37	76276573	70	9170	9138	9138	9122	9106
22	38	76476590	68	9218	9186	9186	9154	9170
22	39	76676585	66	9202	9154	9170	9138	9154
22	40	76876587	75	9234	9250	9218	9186	9218
22	41	77076596	65	9138	9154	9282	9186	9138
22	42	77276588	67	9170	9154	9138	9122	9122
22	43	77476589	66	9138	9122	9122	9138	9106
22	44	77676601	67	9122	9218	9154	9138	9138
22	45	77876589	73	9154	9138	9122	9106	9090
22	46	78076585	67	9186	9154	9154	9138	9138
22	47	78276596	68	9138	9122	9138	9138	9106
22	48	78476597	72	9218	9218	9202	9186	9186
22	49	78676600	68	9106	9090	9090	9042	9042
22	50	78876603	66	9154	9170	9138	9106	9106
22	51	79076607	70	9218	9186	9170	9170	9154
22	52	79276606	79	9218	9218	9170	9186	9170
22	53	79476608	73	9122	9154	9138	9122	9138
22	54	79676599	66	9170	9154	9138	9138	9122
22	55	79876601	63	9250	9186	9186	9170	9170
22	56	80076602	70	9234	9218	9186	9186	9170
22	57	80276601	66	9170	9154	9122	9138	9106
22	58	80476612	72	9234	9202	9170	9170	9154
22	59	80676610	68	9090	9074	9042	9042	9010
22	60	80876614	68	9282	9250	9218	9186	9218
22	61	81076608	68	9186	9186	9154	9154	9138
22	62	81276611	69	9218	9186	9170	9154	9154
22	63	81476622	65	9234	9234	9234	9202	9234
22	64	81676626	67	9122	9122	9042	9090	9074
22	65	81876641	68	9138	9122	9106	9090	9106
22	66	82076624	69	9122	9106	9106	9090	9090
22	67	82276620	69	9234	9186	9218	9170	9170
22	68	82476628	74	9170	9138	9154	9122	9106
22	69	82676629	72	9122	9138	9122	9106	9106
22	70	82876626	68	9186	9170	9154	9154	9122
22	71	83076622	68	9186	9170	9154	9138	9138
22	72	83276630	69	9106	9090	9074	9106	9042
22	73	83476626	72	9138	9106	9106	9122	9106
22	74	83676633	65	9154	9138	9138	9122	9106
22	75	83876632	71	9170	9154	9138	9122	9106
22	76	84076647	73	9218	9186	9202	9170	9138
22	77	84276639	70	9138	9090	9058	9058	9042
22	78	84476638	73	9186	9186	9154	9138	9154
22	79	84676639	66	9154	9138	9122	9170	9106
22	80	84876635	72	9282	9266	9266	9234	9250
22	81	85076636	65	9218	9170	9154	9138	9138
22	82	85276646	65	9170	9154	9170	9138	9106
22	83	85476642	72	9154	9122	9122	9106	9106
22	84	85676643	72	9186	9154	9122	9138	9106
22	85	85876648	69	9170	9154	9154	9154	9138
22	86	86076648	66	9170	9154	9154	9122	9122
22	87	86276646	67	9186	9138	9106	9122	9106
22	88	86476659	76	9266	9218	9218	9202	9202
22	89	86676673	68	9186	9186	9170	9154	9138
22	90	86876654	69	9266	9250	9234	9218	9202
22	91	87076666	72	9202	9250	9170	9170	9154
22	92	87276660	66	9250	9234	9218	9218	9186
22	93	87476667	73	9234	9218	9186	9170	9186
22	94	87676661	65	9282	9250	9234	9218	9218
22	95	87876659	73	9266	9250	9234	9218	9218
22	96	88076668	68	9202	9170	9170	9154	9154
22	97	88276666	66	9170	9170	9138	9154	9138
22	98	88476663	65	9218	9218	9186	9186	9170
22	99	88676667	67	9154	9138	9138	9122	9106
22	100	88876682	71	9250	9186	9154	9154	9170
24	1	94060063	83	9554	9506	9490	9474	9474
24	2	94260076	73	9698	9714	9666	9682	9634
24	3	94460068	72	9570	9570	9538	9538	9522
24	4	94660063	68	9602	9570	9602	9554	9554
24	5	94860066	72	9650	9666	9618	9618	9602
24	6	95060072	72	9602	9570	9570	9554	9538
24	7	95260079	70	9682	9650	9650	9634	9618
24	8	95460074	71	9666	9650	9634	9634	9618
24	9	95660090	71	9666	9618	9618	9618	9570
24	10	95860077	66	9698	9634	9634	9634	9634
24	11	96060078	73	9602	9618	9570	9554	9538
24	12	96260082	69	9650	9666	9634	9634	9570
24	13	96460090	64	9634	9650	9618	9602	9602
24	14	96660093	72	9538	9538	9538	9522	9506
24	15	96860080	72	9698	9714	9698	9682	9666
24	16	97060087	76	9634	9602	9618	9570	9570
24	17	97260081	76	9650	9634	9650	9618	9618
24	18	97460092	72	9602	9602	9602	9570	9538
24	19	97660085	66	9730	9698	9698	9666	9698
24	20	97860087	71	9650	9618	9618	9570	9570
24	21	98060092	73	9586	9570	9538	9522	9522
24	22	98260099	69	9682	9666	9682	9634	9634
24	23	98460108	70	9666	9666	9650	9650	9618
24	24	98660107	69	9650	9634	9634	9618	9618
24	25	98860095	69	9554	9618	9538	9538	9522
24	26	99060095	69	9602	9570	9554	9554	9570
24	27	99260096	63	9762	9698	9666	9682	9650
24	28	99460101	64	9554	9538	9522	9506	9490
24	29	99660099	73	9714	9698	9682	9682	9650
24	30	99860109	74	9570	9554	9538	9554	9522
24	31	100060108	71	9650	9602	9570	9554	9554
24	32	100260106	74	9618	9618	9586	9554	9554
24	33	100460101	64	9666	9634	9634	9602	9602
24	34	100660105	76	9682	9682	9650	9650	9634
24	35	100860119	73	9602	9602	9618	9602	9554
24	36	101060132	77	9682	9666	9650	9650	9634
24	37	101260130	72	9698	9698	9634	9634	9634
24	38	101460117	76	9682	9650	9634	9650	9618
24	39	101660118	72	9538	9538	9506	9490	9490
24	40	101860116	71	9730	9698	9682	9682	9666
24	41	102060122	67	9634	9650	9586	9570	9554
24	42	102260132	71	9650	9634	9602	9586	9586
24	43	102460132	78	9538	9506	9554	9490	9490
24	44	102660126	62	9602	9602	9570	9570	9602
24	45	102860123	71	9634	9570	9554	9538	9522
24	46	103060123	71	9730	9682	9698	9682	9682
24	47	103260136	73	9666	9682	9682	9650	9650
24	48	103460133	75	9650	9666	9602	9602	9602
24	49	103660145	70	9698	9698	9698	9666	9666
24	50	103860134	71	9618	9602	9570	9554	9554
24	51	104060138	68	9650	9634	9618	9634	9602
24	52	104260134	63	9602	9618	9554	9538	9522
24	53	104460136	67	9554	9538	9538	9522	9506
24	54	104660147	71	9682	9666	9650	9650	9634
24	55	104860145	64	9698	9682	9698	9698	9666
24	56	105060139	70	9666	9650	9666	9634	9634
24	57	105260148	65	9682	9682	9650	9618	9634
24	58	105460145	69	9666	9634	9618	9618	9634
24	59	105660152	76	9650	9650	9634	9602	9602
24	60	105860166	71	9570	9506	9506	9490	9490
24	61	106060149	70	9602	9570	9570	9618	9538
24	62	106260159	70	9570	9570	9506	9506	9490
24	63	106460156	73	9602	9602	9570	9538	9538
24	64	106660158	73	9618	9570	9554	9538	9522
24	65	106860156	73	9634	9634	9602	9602	9618
24	66	107060153	69	9698	9650	9618	9618	9650
24	67	107260157	67	9618	9602	9570	9570	9554
24	68	107460162	67	9650	9618	9602	9570	9554
24	69	107660167	66	9490	9458	9458	9426	9442
24	70	107860166	76	9506	9490	9490	9474	9490
24	71	108060174	74	9522	9490	9506	9522	9490
24	72	108260167	78	9682	9602	9602	9570	9554
24	73	108460169	67	9666	9650	9634	9618	9618
24	74	108660174	69	9538	9522	9506	9522	9490
24	75	108860173	73	9570	9538	9538	9522	9538
24	76	109060167	74	9650	9650	9650	9602	9602
24	77	109260168	69	9666	9650	9618	9618	9602
24	78	109460180	68	9602	9570	9554	9650	9538
24	79	109660184	67	9490	9490	9442	9474	9426
24	80	109860175	69	9618	9570	9554	9538	9538
24	81	110060175	70	9650	9618	9602	9602	9570
24	82	110260187	72	9618	9602	9602	9570	9554
24	83	110460186	72	9650	9618	9618	9602	9586
24	84	110660192	69	9698	9698	9666	9650	9650
24	85	110860182	70	9570	9554	9570	9554	9538
24	86	111060193	64	9634	9650	9618	9602	9602
24	87	111260188	69	9730	9730	9730	9730	9682
24	88	111460181	72	9650	9650	9634	9634	9602
24	89	111660196	67	9634	9586	9570	9554	9554
24	90	111860189	71	9650	9634	9602	9602	9618
24	91	112060193	65	9634	9618	9618	9570	9570
24	92	112260192	70	9698	9666	9666	9650	9634
24	93	112460194	71	9714	9698	9682	9698	9666
24	94	112660203	74	9714	9682	9666	9618	9650
24	95	112860207	69	9602	9570	9602	9554	9554
24	96	113060200	78	9714	9666	9666	9650	9634
24	97	113260201	76	9778	9762	9746	9730	9698
24	98	113460206	78	9602	9554	9570	9522	9522
24	99	113660210	68	9698	9666	9666	9650	9650
24	100	113860202	70	9682	9666	9650	9634	9634
26	1	118915410	77	9986	9970	10002	9938	9922
26	2	119115421	80	10018	10018	10002	9970	9938
26	3	119315421	79	10114	10050	10034	10034	10018
26	4	119515417	65	9938	9954	9906	9858	9874
26	5	119915413	75	9986	9954	9922	9922	9890
26	6	120115440	68	9986	9986	9954	9938	9938
26	7	120315424	62	10066	10050	10034	10034	10034
26	8	120515428	71	10082	10066	10066	10034	10034
26	9	120715423	68	9922	9906	9906	9890	9874
26	10	120915425	74	10034	10034	10018	10002	9986
26	11	121115427	69	9986	9970	9954	9922	9922
26	12	121315436	69	9954	9954	9938	9922	9922
26	13	121515428	69	10130	10066	10050	10050	10018
26	14	121715430	69	9938	9922	9922	9922	9906
26	15	121915432	67	10018	10034	10002	10002	10002
26	16	122115443	67	10018	10050	10002	9986	9986
26	17	122315441	74	10050	10050	10018	10002	10002
26	18	122515450	69	10098	10066	10050	10034	10034
26	19	122715436	68	10002	10002	9986	9954	9938
26	20	122915436	67	10034	10034	10002	10002	9986
26	21	123115446	66	9922	9906	9890	9890	9858
26	22	123315442	69	9986	9954	9986	9938	9938
26	23	123515442	66	10082	10082	10066	10034	10034
26	24	123715456	65	10082	10066	10066	10034	10034
26	25	123915443	71	10018	10018	9938	9938	9922
26	26	124115458	68	10002	9986	10018	9954	9938
26	27	124315454	71	9986	9938	9922	9906	9890
26	28	124515472	74	10066	10034	10034	10034	10002
26	29	124715452	70	10130	10066	10050	10066	10050
26	30	124915459	78	9954	9922	9922	9922	9890
26	31	125115470	72	9986	10002	9954	9938	9938
26	32	125315464	68	10066	10050	10034	10002	9986
26	33	125515468	69	9986	9954	9954	9954	9954
26	34	125715466	68	10114	10082	10082	10066	10066
26	35	125915464	73	10066	10066	10066	10018	10018
26	36	126115474	73	10130	10034	10034	10034	10002
26	37	126315474	66	10050	10034	10018	10002	10018
26	38	126515483	71	10018	10034	10002	9986	9954
26	39	126715473	74	10162	10146	10162	10130	10146
26	40	126915469	71	10066	10034	10002	9986	9986
26	41	127115480	67	9954	9954	9938	9954	9922
26	42	127315481	70	10114	10050	10034	10034	10018
26	43	127515471	70	10018	10002	9986	10002	9954
26	44	127715476	71	10018	9986	9954	9954	9938
26	45	127915485	66	10018	10018	10002	10002	9986
26	46	128115488	63	10050	10066	10018	10018	9986
26	47	128315475	76	10002	9922	9922	9906	9906
26	48	128515494	81	10018	10002	9954	9938	9954
26	49	128715494	80	10034	10002	9970	9954	9954
26	50	128915499	86	9906	9890	9890	9858	9858
26	51	129115484	71	10066	10066	10050	10034	10018
26	52	129315491	66	10002	9986	9954	9954	9954
26	53	129515497	67	9938	9922	9890	9874	9890
26	54	129715496	67	10114	10082	10066	10050	10034
26	55	129915502	75	10050	10034	10018	10050	10002
26	56	130115502	67	10114	10034	10018	10018	9986
26	57	130315502	76	9986	9986	9938	9922	9922
26	58	130515500	67	10098	10066	10034	10034	10018
26	59	130715499	71	10002	10002	9986	9954	9938
26	60	130915505	76	10034	10002	9938	9986	9954
26	61	131115512	70	10002	10002	9954	9986	9938
26	62	131315510	71	9986	9938	9954	9922	9922
26	63	131515505	68	9954	9938	9938	9906	9922
26	64	131715503	74	9970	9954	9938	9922	9922
26	65	131915509	70	9954	9938	9986	9922	9906
26	66	132115515	66	9986	10018	9954	9954	9938
26	67	132315519	67	9954	9922	9906	9906	9890
26	68	132515504	67	10034	9986	9970	9970	9938
26	69	132715513	66	10066	10066	10066	10034	10018
26	70	132915512	65	10002	9954	9954	9938	9922
26	71	133115517	71	9970	9954	9938	9922	9922
26	72	133315525	77	9906	9890	9874	9842	9858
26	73	133515528	71	9922	9906	9874	9874	9858
26	74	133715522	66	10018	9986	10002	9986	9954
26	75	133915520	73	10050	10034	10018	10002	10002
26	76	134115527	65	10082	10034	10050	10018	10018
26	77	134315521	70	10002	9954	9986	9938	9906
26	78	134515527	66	10098	10082	10082	10050	10050
26	79	134715532	72	10034	10018	10002	9986	9970
26	80	134915525	67	9986	9938	9922	9938	9906
26	81	135115529	67	10002	9986	9986	9986	9938
26	82	135315539	67	9954	9938	9938	9922	9906
26	83	135515537	80	10034	10018	9986	9954	9954
26	84	135715538	73	10050	10018	10002	10018	9986
26	85	135915533	79	10050	10050	10018	10002	10002
26	86	136115537	70	10018	10002	9986	9970	9986
26	87	136315535	70	10050	10066	10018	10018	9986
26	88	136515540	83	9986	9922	9922	9874	9874
26	89	136715544	67	9938	9922	9906	9874	9874
26	90	136915557	66	9938	9922	9890	9890	9874
26	91	137115542	69	9986	9986	9970	9954	9938
26	92	137315543	67	10066	10066	10082	10034	10018
26	93	137515555	69	9970	9938	9922	9906	9906
26	94	137715553	79	9922	9906	9906	9890	9874
26	95	137915571	73	10034	10002	10002	9986	9954
26	96	138115549	72	9986	9938	9970	9922	9890
26	97	138315563	63	10018	10002	10002	9970	9938
26	98	138515552	77	9874	9906	9890	9890	9874
26	99	138715563	69	10018	10002	9986	9954	9938
26	100	138915552	76	9954	9922	9922	9906	9890
28	1	144085085	83	10498	10450	10434	10450	10466
28	2	144285102	81	10466	10434	10402	10402	10386
28	3	144485098	69	10514	10450	10450	10466	10434
28	4	144685098	71	10482	10450	10498	10450	10450
28	5	144885104	74	10418	10402	10386	10370	10370
28	6	145085103	70	10354	10322	10306	10306	10290
28	7	145285115	67	10386	10370	10370	10402	10338
28	8	145485104	71	10514	10498	10466	10450	10434
28	9	145685106	72	10498	10498	10466	10434	10450
28	10	145885112	69	10482	10450	10466	10434	10418
28	11	146085117	73	10482	10450	10434	10466	10418
28	12	146285110	75	10370	10338	10322	10306	10306
28	13	146485109	73	10402	10386	10354	10322	10322
28	14	146685121	69	10402	10370	10338	10338	10338
28	15	146885124	73	10546	10514	10498	10482	10450
28	16	147085139	76	10338	10322	10274	10274	10290
28	17	147285121	71	10514	10498	10450	10450	10434
28	18	147485124	70	10386	10370	10338	10322	10322
28	19	147685124	71	10466	10450	10434	10434	10418
28	20	147885131	68	10514	10530	10514	10498	10482
28	21	148085123	68	10418	10418	10402	10402	10386
28	22	148285134	69	10402	10386	10370	10338	10306
28	23	148485129	74	10498	10434	10418	10402	10386
28	24	148685130	68	10498	10498	10466	10450	10418
28	25	148885128	68	10514	10514	10466	10450	10434
28	26	149085132	74	10402	10370	10370	10322	10322
28	27	149285141	72	10418	10402	10386	10386	10386
28	28	149485133	69	10434	10434	10418	10402	10370
28	29	149685148	71	10418	10354	10370	10338	10322
28	30	149885135	69	10530	10498	10498	10514	10466
28	31	150085140	69	10370	10322	10322	10306	10290
28	32	150285143	70	10450	10418	10370	10370	10370
28	33	150485139	78	10498	10450	10434	10418	10386
28	34	150685151	72	10418	10402	10386	10370	10338
28	35	150885143	73	10450	10418	10402	10386	10370
28	36	151085161	73	10466	10498	10418	10434	10402
28	37	151285157	76	10466	10450	10418	10402	10402
28	38	151485150	65	10402	10370	10338	10338	10338
28	39	151685149	65	10338	10338	10306	10306	10306
28	40	151885162	66	10514	10450	10434	10418	10418
28	41	152085155	72	10434	10402	10402	10386	10386
28	42	152285162	70	10402	10354	10354	10306	10322
28	43	152485156	77	10322	10290	10306	10274	10274
28	44	152685156	73	10370	10338	10338	10306	10306
28	45	152885171	66	10306	10290	10274	10258	10258
28	46	153085158	63	10434	10418	10402	10386	10418
28	47	153285170	70	10466	10466	10450	10450	10418
28	48	153485165	81	10370	10338	10322	10306	10290
28	49	153685163	68	10450	10434	10402	10418	10418
28	50	153885161	70	10418	10402	10402	10370	10338
28	51	154085171	76	10370	10338	10306	10306	10290
28	52	154285164	67	10370	10370	10322	10290	10290
28	53	154485179	67	10402	10402	10370	10370	10402
28	54	154685177	66	10418	10402	10386	10386	10354
28	55	154885173	68	10370	10338	10322	10370	10306
28	56	155085180	73	10434	10418	10450	10402	10386
28	57	155285185	78	10450	10418	10418	10434	10386
28	58	155485185	70	10450	10466	10450	10418	10402
28	59	155685192	70	10450	10418	10402	10386	10418
28	60	155885178	70	10466	10450	10434	10418	10418
28	61	156085180	71	10498	10498	10434	10418	10418
28	62	156285183	75	10450	10418	10418	10402	10386
28	63	156485185	64	10466	10450	10434	10418	10402
28	64	156685188	64	10466	10450	10466	10434	10370
28	65	156885187	70	10370	10370	10386	10338	10322
28	66	157085187	72	10498	10450	10450	10418	10418
28	67	157285191	69	10450	10434	10418	10402	10386
28	68	157485199	70	10450	10434	10402	10418	10386
28	69	157685199	72	10386	10386	10322	10306	10290
28	70	157885196	70	10386	10370	10322	10338	10306
28	71	158085192	73	10338	10322	10306	10306	10306
28	72	158285194	77	10434	10434	10418	10386	10386
28	73	158485197	70	10530	10498	10466	10466	10498
28	74	158685207	71	10498	10434	10450	10434	10434
28	75	158885197	67	10498	10450	10450	10418	10434
28	76	159085203	72	10418	10402	10386	10386	10370
28	77	159285206	72	10386	10354	10338	10322	10322
28	78	159485222	74	10450	10450	10418	10418	10402
28	79	159685221	71	10450	10402	10402	10386	10386
28	80	159885221	65	10562	10514	10514	10482	10498
28	81	160085211	69	10482	10450	10434	10434	10434
28	82	160285210	70	10450	10434	10434	10402	10402
28	83	160485219	70	10338	10338	10306	10322	10290
28	84	160685217	79	10466	10466	10434	10434	10434
28	85	160885213	67	10514	10450	10514	10434	10434
28	86	161085217	67	10402	10370	10370	10338	10370
28	87	161285223	70	10514	10466	10466	10466	10450
28	88	161485226	84	10498	10434	10402	10386	10386
28	89	161685222	79	10450	10434	10434	10402	10386
28	90	161885225	71	10498	10434	10434	10418	10402
28	91	162085234	80	10418	10354	10354	10322	10322
28	92	162285228	72	10514	10466	10450	10450	10434
28	93	162485233	79	10370	10290	10306	10290	10274
28	94	162685236	66	10578	10482	10498	10450	10450
28	95	162885238	74	10386	10370	10338	10338	10322
28	96	163085234	67	10450	10450	10450	10418	10418
28	97	163285244	70	10322	10322	10306	10290	10274
28	98	163485241	71	10562	10530	10530	10498	10498
28	99	163685244	71	10498	10450	10450	10418	10418
28	100	163885248	77	10322	10290	10290	10274	10258
30	1	168985698	80	10690	10674	10674	10658	10658
30	2	169185722	76	10802	10818	10754	10738	10754
30	3	169385705	72	10802	10786	10754	10738	10722
30	4	169585707	71	10850	10850	10818	10802	10786
30	5	169785711	76	10786	10770	10754	10738	10706
30	6	169985710	72	10834	10786	10770	10770	10754
30	7	170185712	73	10834	10834	10834	10818	10802
30	8	170385719	75	10802	10754	10770	10754	10722
30	9	170585721	65	10754	10786	10754	10722	10706
30	10	170785720	77	10818	10802	10786	10770	10754
30	11	170985725	71	10802	10786	10770	10738	10738
30	12	171185720	70	10738	10690	10674	10674	10658
30	13	171385721	70	10834	10802	10802	10786	10770
30	14	171585719	65	10930	10882	10882	10850	10834
30	15	171785731	67	10850	10850	10834	10818	10818
30	16	171985723	68	10930	10978	10914	10898	10898
30	17	172185732	68	10882	10850	10850	10834	10834
30	18	172385730	75	10802	10770	10754	10722	10722
30	19	172585738	66	10818	10818	10802	10802	10786
30	20	172785751	74	10754	10722	10722	10706	10690
30	21	172985757	67	10818	10770	10770	10754	10754
30	22	173185735	65	10770	10706	10706	10690	10690
30	23	173385740	76	10786	10770	10738	10738	10722
30	24	173585733	74	10786	10802	10754	10770	10706
30	25	173785746	74	10818	10802	10786	10786	10754
30	26	173985741	65	10930	10914	10898	10898	10882
30	27	174185739	67	10754	10722	10722	10690	10690
30	28	174385754	76	10786	10770	10722	10706	10690
30	29	174585743	70	10770	10754	10754	10770	10706
30	30	174785745	74	10722	10706	10690	10674	10674
30	31	174985751	81	10770	10786	10722	10706	10690
30	32	175185756	72	10722	10706	10690	10674	10658
30	33	175385752	69	10914	10850	10834	10818	10818
30	34	175585765	70	10834	10834	10818	10818	10786
30	35	175785757	65	10850	10850	10802	10802	10786
30	36	175985755	73	10850	10802	10786	10770	10770
30	37	176185750	70	10770	10722	10706	10706	10674
30	38	176385767	74	10786	10770	10738	10754	10722
30	39	176585761	72	10722	10706	10674	10690	10674
30	40	176785765	66	10770	10722	10690	10690	10690
30	41	176985770	78	10850	10834	10818	10802	10786
30	42	177185774	68	10786	10754	10738	10706	10722
30	43	177385772	74	10706	10706	10690	10690	10674
30	44	177585768	74	10786	10754	10722	10706	10738
30	45	177785765	69	10882	10834	10818	10786	10786
30	46	177985770	68	10770	10738	10738	10706	10706
30	47	178185767	77	10818	10770	10770	10738	10754
30	48	178385779	67	10754	10786	10738	10722	10706
30	49	178585774	74	10834	10818	10802	10786	10770
30	50	178785773	73	10722	10690	10690	10690	10658
30	51	178985783	74	10882	10850	10802	10786	10786
30	52	179185797	66	10786	10754	10722	10722	10706
30	53	179385786	65	10706	10706	10690	10706	10674
30	54	179585785	67	10754	10722	10690	10706	10674
30	55	179785785	75	10834	10834	10802	10786	10802
30	56	179985788	68	10850	10882	10850	10850	10882
30	57	180185783	67	10834	10802	10786	10786	10770
30	58	180385787	71	10802	10802	10786	10786	10770
30	59	180585784	69	10754	10722	10722	10706	10738
30	60	180785784	68	10930	10898	10898	10882	10914
30	61	180985785	73	10802	10770	10754	10770	10738
30	62	181385787	83	10850	10834	10818	10802	10786
30	63	181585805	66	10770	10770	10754	10722	10706
30	64	181785807	72	10690	10674	10674	10642	10642
30	65	181985794	72	10898	10882	10882	10850	10818
30	66	182185797	67	10882	10882	10834	10818	10834
30	67	182385799	66	10770	10738	10706	10690	10690
30	68	182585799	69	10770	10802	10770	10786	10722
30	69	182785801	72	10898	10866	10866	10834	10818
30	70	182985813	73	10866	10818	10802	10786	10770
30	71	183185821	74	10818	10802	10802	10770	10786
30	72	183385809	72	10898	10882	10882	10850	10898
30	73	183585806	73	10786	10738	10722	10722	10690
30	74	183785810	74	10978	10930	10930	10914	10914
30	75	183985807	66	10898	10882	10850	10834	10850
30	76	184185819	65	10930	10882	10850	10834	10802
30	77	184385824	66	10850	10834	10818	10834	10786
30	78	184585815	68	10914	10914	10882	10850	10850
30	79	184785825	69	10786	10754	10754	10754	10722
30	80	184985815	66	10914	10930	10898	10898	10882
30	81	185185824	75	10722	10706	10706	10690	10658
30	82	185385830	67	10914	10930	10898	10898	10850
30	83	185585832	71	10786	10770	10770	10738	10754
30	84	185785835	73	10818	10786	10786	10770	10754
30	85	185985827	69	10818	10770	10786	10754	10754
30	86	186185832	70	10706	10690	10690	10674	10642
30	87	186385827	68	10818	10818	10802	10770	10754
30	88	186585832	70	10786	10706	10690	10690	10674
30	89	186785830	72	10786	10722	10706	10706	10706
30	90	186985831	67	10834	10802	10786	10754	10754
30	91	187185839	69	10898	10882	10882	10850	10850
30	92	187385844	76	10754	10722	10690	10674	10674
30	93	187585845	73	10722	10722	10674	10674	10658
30	94	187785850	70	10834	10802	10786	10786	10802
30	95	187985842	70	10754	10722	10706	10690	10674
30	96	188185838	68	10834	10818	10818	10802	10802
30	97	188385856	69	10834	10754	10754	10722	10738
30	98	188585850	69	10786	10738	10722	10722	10706
30	99	188785843	68	10818	10802	10770	10754	10754
30	100	188985853	66	10818	10802	10786	10770	10770
32	1	194170841	80	11074	11042	11026	11010	11010
32	2	194370864	64	10994	11010	10962	10946	10946
32	3	194570853	64	11042	11026	11026	10994	11010
32	4	194770869	69	11010	10978	10962	10978	10946
32	5	194970869	68	11026	10994	10978	10962	10962
32	6	195170859	72	11026	10962	10962	10946	10946
32	7	195370870	66	11010	11010	10994	11026	10962
32	8	195570866	71	11074	11058	11042	11026	11010
32	9	195770859	71	11026	10978	10962	10946	10946
32	10	195970871	67	11042	11010	11042	11010	10962
32	11	196170862	70	11042	11058	11058	10994	10978
32	12	196370868	69	10994	10978	10962	10946	10946
32	13	196570863	68	11058	11026	11026	11010	11010
32	14	196770868	71	10978	11010	10962	10978	10946
32	15	196970871	66	11026	10978	10962	10962	10930
32	16	197170867	77	11010	10946	10914	10914	10898
32	17	197370872	74	11026	10994	10978	10946	10962
32	18	197570873	69	10898	10898	10850	10882	10834
32	19	197770883	68	11042	11026	11010	10978	10962
32	20	197970883	68	11138	11074	11090	11074	11058
32	21	198170873	69	11090	11074	11042	11042	11026
32	22	198370892	70	11106	11106	11042	11074	11042
32	23	198570887	69	10978	10946	10946	10930	10914
32	24	198770882	63	11026	11010	10978	10978	10962
32	25	198970894	73	10946	10898	10898	10898	10882
32	26	199170906	73	11026	11010	10978	10962	10978
32	27	199370892	66	11090	11074	11042	11042	11026
32	28	199570886	72	11074	11058	11042	11010	11026
32	29	199770890	68	10978	10946	10946	10930	10914
32	30	199970890	73	10946	10946	10914	10898	10882
32	31	200170892	72	11058	11026	11026	11010	10994
32	32	200370898	66	11042	10994	10978	10962	10962
32	33	200570898	69	11058	11026	11026	11010	10994
32	34	200770912	70	11074	11026	11026	10978	10978
32	35	200970904	70	10962	10946	10946	10914	10914
32	36	201170915	72	11010	10978	10962	10930	10930
32	37	201370906	70	10994	10978	10962	10930	10946
32	38	201570910	75	11074	11074	11058	11010	11010
32	39	201770910	72	11042	11026	11010	11010	10994
32	40	201970904	72	11074	11058	11042	11026	11026
32	41	202170905	68	10994	10962	11010	10946	10930
32	42	202370909	65	10978	10946	10930	10914	10898
32	43	202570925	68	11058	11010	10978	10962	10962
32	44	202770914	68	10994	10962	10930	10930	10914
32	45	202970918	74	11042	11010	10978	10962	10962
32	46	203170920	74	11090	11074	11058	11058	11058
32	47	203370931	66	11090	11074	11058	11058	11058
32	48	203570918	74	11074	11042	11042	11042	11058
32	49	203770930	71	11138	11090	11042	11042	11026
32	50	203970923	73	11042	10978	10978	10978	10946
32	51	204170923	68	11010	10978	11010	10962	10962
32	52	204370922	69	11090	11090	11026	11026	11026
32	53	204570921	70	11058	11042	11026	11010	10978
32	54	204770921	69	11042	10994	10978	10978	10946
32	55	204970938	68	11058	11026	11026	11010	10994
32	56	205170928	71	11058	11042	11058	10994	10978
32	57	205370939	71	11010	10978	10962	10946	10946
32	58	205570948	68	11026	10978	10994	10978	10962
32	59	205770932	76	11170	11138	11138	11106	11090
32	60	205970942	74	11074	11058	11058	11058	11026
32	61	206170942	70	11058	11042	11010	10994	11010
32	62	206370941	64	10946	10930	10978	10914	10882
32	63	206570941	75	11026	10962	10962	10962	10930
32	64	206770939	69	11074	11058	11042	11026	11026
32	65	206970947	69	11010	11010	10946	10946	10930
32	66	207170946	67	10978	10962	10962	10946	10914
32	67	207370966	74	11010	10978	10962	10946	10930
32	68	207570959	68	10962	10898	10898	10882	10882
32	69	207770948	68	11026	10994	10978	10962	10962
32	70	207970946	70	11058	11042	11026	11026	10994
32	71	208170952	74	11074	11042	11058	11010	11042
32	72	208370965	73	11026	10978	11010	10946	10930
32	73	208570962	62	11010	11010	10978	10978	10962
32	74	208770964	66	11042	11042	11090	11026	10978
32	75	208970965	67	11090	11074	11058	11010	11026
32	76	209170957	71	11090	11058	11042	11010	11026
32	77	209370960	70	11170	11106	11090	11090	11058
32	78	209570967	71	10994	10946	10946	10946	10914
32	79	209770969	74	11058	11042	11010	10994	10978
32	80	209970964	70	11042	11042	11010	10978	10962
32	81	210170973	72	11058	11026	10978	10962	10946
32	82	210370962	70	11010	11010	10962	10962	10946
32	83	210570981	75	11058	11026	11026	11010	10994
32	84	210770966	63	10962	10962	10946	10930	10930
32	85	210970973	70	11058	11026	11010	10978	10978
32	86	211170972	72	11042	11026	11010	11010	10978
32	87	211370986	80	11058	11026	10994	10978	10978
32	88	211570985	70	11026	11042	10994	11026	10962
32	89	211770978	75	11106	11074	11042	11026	11026
32	90	211970977	67	11026	10994	10978	10978	10962
32	91	212170986	77	11042	11026	11042	11010	10978
32	92	212370982	74	11122	11042	11042	11058	11026
32	93	212570989	69	11010	10962	10978	10930	10930
32	94	212770988	67	11138	11106	11090	11090	11074
32	95	212970986	70	11042	11010	11010	10978	10962
32	96	213170996	67	11026	11010	11010	10978	10962
32	97	213370990	70	11074	11074	11042	11026	11074
32	98	213571002	75	11042	11042	11026	10994	10994
32	99	213771004	71	11010	10978	10962	10946	10946
32	100	213971001	68	11058	11058	11026	11010	11010
34	1	219150185	76	11138	11074	11074	11074	11074
34	2	219350209	70	11138	11122	11074	11058	11026
34	3	219550209	78	11042	11042	10994	10994	10978
34	4	219750202	71	11154	11138	11090	11074	11058
34	5	219950203	69	11058	11010	11010	10962	10978
34	6	220150200	72	11074	11042	11042	11026	11026
34	7	220350202	69	11074	11058	11074	11042	11026
34	8	220550206	72	11090	11058	11058	11026	11026
34	9	220750224	70	11154	11090	11090	11074	11074
34	10	220950215	72	11138	11138	11090	11074	11074
34	11	221150213	70	11106	11058	11026	11026	11026
34	12	221350211	70	11058	11042	11026	11010	11026
34	13	221550226	72	11026	11010	10978	10962	10962
34	14	221750222	68	11090	11074	11058	11058	11042
34	15	221950214	67	11090	11074	11090	11042	11026
34	16	222150219	70	11106	11074	11058	11058	11026
34	17	222350215	69	11170	11106	11122	11106	11090
34	18	222550216	73	11106	11090	11074	11058	11058
34	19	222750225	76	11010	10994	10978	10978	10978
34	20	222950235	68	11058	11042	11042	11010	11010
34	21	223150224	70	11170	11090	11058	11058	11042
34	22	223350232	79	11138	11106	11090	11074	11058
34	23	223550224	72	11106	11090	11074	11058	11058
34	24	223750228	74	11138	11106	11074	11058	11058
34	25	223950229	66	11138	11122	11106	11090	11090
34	26	224150226	69	11154	11154	11138	11106	11138
34	27	224350232	71	11138	11090	11074	11074	11058
34	28	224550238	75	11106	11090	11058	11058	11026
34	29	224750255	68	11058	11058	11026	11042	10994
34	30	224950241	69	11170	11106	11074	11074	11074
34	31	225150244	64	11090	11074	11042	11042	11010
34	32	225350245	71	11090	11090	11074	11058	11042
34	33	225550240	75	11090	11042	11042	11042	11026
34	34	225750243	67	11106	11090	11074	11058	11042
34	35	225950243	70	11138	11106	11090	11074	11058
34	36	226150245	65	11154	11106	11090	11090	11074
34	37	226350242	67	11138	11090	11058	11074	11042
34	38	226550247	67	11154	11122	11106	11090	11090
34	39	226750249	68	11186	11186	11154	11106	11106
34	40	226950252	72	11154	11106	11106	11074	11074
34	41	227150264	70	11138	11090	11090	11074	11058
34	42	227350256	71	11154	11138	11138	11090	11074
34	43	227550252	73	11106	11090	11074	11074	11058
34	44	227750270	68	11042	11042	11042	11042	10994
34	45	227950256	68	11138	11106	11074	11074	11058
34	46	228150260	70	11074	11042	11042	11026	11026
34	47	228350269	74	11074	11058	11042	11026	11010
34	48	228550261	70	11106	11074	11074	11042	11042
34	49	228750273	68	11074	11042	11026	11026	10994
34	50	228950272	72	11106	11074	11042	11042	11026
34	51	229150279	70	11042	11010	11010	10978	10978
34	52	229350270	67	11154	11090	11090	11058	11058
34	53	229550270	69	11090	11058	11058	11026	10994
34	54	229750273	66	11106	11090	11090	11074	11106
34	55	229950272	69	11154	11138	11090	11090	11074
34	56	230150272	73	11170	11106	11106	11106	11090
34	57	230350280	65	11154	11122	11106	11106	11058
34	58	230550279	72	11106	11090	11042	11042	11026
34	59	230750288	74	11058	11042	11026	11026	11010
34	60	230950280	70	11138	11138	11090	11074	11106
34	61	231150282	74	11138	11138	11090	11074	11074
34	62	231350296	73	11154	11138	11122	11090	11074
34	63	231550282	71	11138	11090	11074	11090	11042
34	64	231750284	75	11074	11042	11042	11010	11010
34	65	231950286	68	11138	11138	11106	11090	11058
34	66	232150292	75	11090	11074	11074	11026	11026
34	67	232350303	70	11138	11090	11090	11090	11058
34	68	232550289	78	11122	11074	11058	11058	11026
34	69	232750299	64	11090	11090	11058	11042	11026
34	70	232950297	72	11106	11058	11058	11026	11026
34	71	233150308	75	11026	11026	11010	11010	10978
34	72	233350312	64	11090	11058	11026	11042	10994
34	73	233550316	71	11090	11138	11074	11042	11042
34	74	233750303	73	11106	11058	11058	11042	11042
34	75	233950313	68	11138	11090	11074	11074	11058
34	76	234150307	71	11106	11074	11058	11058	11042
34	77	234350301	71	11090	11074	11058	11042	11026
34	78	234550308	71	11090	11074	11090	11042	11026
34	79	234750310	76	11090	11058	11090	11058	11026
34	80	234950304	68	11154	11106	11170	11106	11106
34	81	235150309	74	11138	11138	11090	11074	11058
34	82	235350319	72	11106	11106	11074	11074	11058
34	83	235550317	69	11090	11074	11042	11042	11026
34	84	235750313	67	11090	11058	11058	11026	11026
34	85	235950312	77	11106	11138	11058	11074	11042
34	86	236150326	78	11058	11026	11010	10994	10978
34	87	236350315	70	11090	11042	11058	11042	11010
34	88	236550324	66	11090	11058	11058	11026	11026
34	89	236750321	82	11074	11058	11026	11042	11010
34	90	236950329	75	11106	11074	11042	11042	11026
34	91	237150333	69	11074	11058	11074	11042	11058
34	92	237350339	74	11090	11074	11042	11042	11010
34	93	237550338	69	11154	11106	11090	11090	11058
34	94	237750341	71	11074	11042	11042	11026	11026
34	95	237950332	68	11106	11090	11074	11074	11074
34	96	238150333	70	11058	11058	11026	11026	11010
34	97	238350332	65	11154	11154	11106	11106	11090
34	98	238550334	73	11090	11042	11026	11026	11026
34	99	238750340	65	11074	11042	11058	11026	11026
34	100	238950343	70	11074	11074	11074	11042	11010
36	1	244022564	76	11314	11282	11282	11250	11250
36	2	244222573	70	11362	11330	11298	11298	11282
36	3	244422564	76	11330	11282	11298	11266	11250
36	4	244622570	69	11314	11298	11314	11282	11266
36	5	244822566	70	11330	11314	11298	11282	11266
36	6	245022572	70	11394	11314	11330	11330	11298
36	7	245222575	68	11362	11362	11346	11314	11314
36	8	245422580	69	11266	11298	11266	11234	11234
36	9	245622585	69	11362	11314	11298	11298	11282
36	10	245822577	65	11410	11362	11346	11330	11314
36	11	246022588	73	11330	11330	11314	11346	11298
36	12	246222591	69	11330	11282	11266	11234	11218
36	13	246422591	74	11314	11314	11282	11266	11266
36	14	246622596	73	11426	11346	11314	11298	11298
36	15	246822591	71	11362	11362	11394	11346	11314
36	16	247022583	75	11394	11346	11346	11314	11314
36	17	247222585	72	11394	11346	11346	11346	11330
36	18	247422583	68	11330	11298	11282	11282	11266
36	19	247622587	63	11330	11314	11298	11298	11266
36	20	247822598	68	11362	11362	11330	11314	11298
36	21	248022595	74	11346	11314	11298	11282	11266
36	22	248222604	69	11266	11234	11234	11218	11218
36	23	248422594	68	11394	11362	11346	11314	11314
36	24	248622604	71	11330	11298	11266	11282	11266
36	25	248822613	74	11314	11298	11298	11282	11282
36	26	249022609	78	11250	11218	11202	11202	11186
36	27	249222598	73	11362	11346	11330	11298	11298
36	28	249422607	71	11346	11314	11298	11298	11282
36	29	249622602	74	11362	11330	11346	11314	11298
36	30	249822611	70	11378	11346	11330	11314	11298
36	31	250022616	73	11346	11330	11298	11314	11298
36	32	250222605	74	11346	11314	11298	11282	11250
36	33	250422610	71	11346	11346	11314	11298	11282
36	34	250622625	67	11298	11330	11282	11266	11266
36	35	250822620	70	11314	11282	11282	11282	11266
36	36	251022620	69	11394	11362	11346	11330	11330
36	37	251222616	67	11362	11346	11330	11314	11298
36	38	251422616	76	11362	11346	11330	11314	11314
36	39	251622625	68	11362	11330	11314	11314	11314
36	40	251822615	70	11394	11362	11346	11330	11330
36	41	252022631	66	11314	11234	11234	11218	11266
36	42	252222616	66	11426	11410	11394	11394	11362
36	43	252422624	71	11394	11410	11330	11330	11298
36	44	252622629	68	11378	11346	11330	11314	11298
36	45	252822647	77	11282	11234	11266	11218	11234
36	46	253022635	67	11346	11314	11298	11298	11266
36	47	253222629	71	11346	11298	11282	11282	11266
36	48	253422640	70	11426	11346	11346	11330	11330
36	49	253622640	72	11330	11314	11298	11314	11282
36	50	253822632	66	11298	11298	11298	11282	11266
36	51	254022635	72	11298	11282	11298	11266	11282
36	52	254222633	69	11330	11314	11298	11266	11266
36	53	254422635	69	11362	11362	11330	11314	11314
36	54	254622641	65	11346	11314	11298	11282	11282
36	55	255022632	76	11394	11346	11346	11346	11314
36	56	255222653	70	11298	11282	11282	11266	11250
36	57	255422659	72	11330	11282	11298	11282	11266
36	58	255622649	73	11314	11266	11234	11234	11218
36	59	255822647	69	11378	11346	11362	11330	11298
36	60	256022653	67	11266	11266	11250	11266	11234
36	61	256222644	67	11346	11346	11330	11362	11314
36	62	256422659	68	11410	11298	11282	11282	11282
36	63	256622661	72	11394	11346	11346	11330	11314
36	64	256822661	76	11410	11362	11346	11330	11314
36	65	257022657	78	11314	11314	11298	11282	11234
36	66	257222661	67	11346	11362	11330	11346	11314
36	67	257422669	72	11394	11346	11330	11330	11314
36	68	257622660	68	11346	11330	11298	11282	11282
36	69	257822675	66	11314	11298	11266	11266	11266
36	70	258022667	65	11314	11298	11298	11282	11266
36	71	258222669	73	11362	11330	11314	11298	11282
36	72	258422673	66	11330	11314	11314	11282	11266
36	73	258622669	65	11394	11394	11362	11330	11330
36	74	258822673	68	11378	11330	11314	11298	11298
36	75	259022670	66	11362	11394	11346	11330	11314
36	76	259222679	72	11346	11314	11330	11298	11298
36	77	259422683	68	11362	11362	11330	11314	11314
36	78	259622673	66	11362	11330	11314	11314	11298
36	79	259822673	70	11362	11330	11314	11314	11298
36	80	260022674	79	11410	11394	11330	11330	11330
36	81	260222676	71	11410	11394	11362	11346	11330
36	82	260422690	71	11298	11298	11266	11234	11234
36	83	260622690	72	11346	11298	11314	11282	11282
36	84	260822699	69	11394	11394	11314	11298	11282
36	85	261022690	68	11346	11298	11298	11282	11266
36	86	261222689	76	11394	11362	11330	11330	11314
36	87	261422692	71	11394	11362	11346	11330	11314
36	88	261622690	69	11314	11314	11282	11298	11266
36	89	261822697	72	11394	11410	11346	11362	11314
36	90	262022691	71	11314	11282	11234	11234	11218
36	91	262222691	65	11394	11410	11394	11346	11330
36	92	262422694	67	11314	11298	11282	11282	11250
36	93	262622705	71	11410	11362	11346	11330	11330
36	94	262822698	70	11410	11362	11346	11330	11314
36	95	263022702	65	11394	11410	11346	11314	11314
36	96	263222705	70	11346	11330	11298	11282	11266
36	97	263422704	81	11426	11362	11362	11330	11314
36	98	263622720	69	11378	11346	11346	11314	11298
36	99	263822705	68	11330	11362	11314	11298	11298
36	100	264022712	66	11426	11362	11362	11346	11330
38	1	269101749	79	11554	11538	11522	11522	11474
38	2	269301761	69	11554	11554	11522	11490	11474
38	3	269501761	70	11650	11586	11586	11554	11538
38	4	269701756	72	11570	11586	11586	11538	11554
38	5	269901760	74	11634	11602	11586	11586	11570
38	6	270101764	70	11570	11554	11554	11522	11506
38	7	270301770	80	11522	11522	11474	11490	11474
38	8	270501766	68	11538	11538	11506	11490	11474
38	9	270701766	71	11586	11522	11538	11490	11490
38	10	270901767	68	11554	11522	11522	11490	11474
38	11	271101776	66	11570	11538	11538	11506	11506
38	12	271301781	63	11586	11554	11522	11522	11474
38	13	271501775	66	11570	11570	11538	11538	11522
38	14	271701772	67	11554	11538	11538	11490	11490
38	15	271901781	69	11554	11538	11522	11538	11490
38	16	272101781	68	11538	11506	11554	11490	11474
38	17	272301776	66	11602	11538	11522	11490	11474
38	18	272501786	74	11586	11570	11554	11522	11506
38	19	272701791	67	11586	11554	11554	11522	11522
38	20	272901791	68	11570	11538	11538	11490	11490
38	21	273101797	75	11522	11522	11474	11474	11490
38	22	273301786	68	11570	11570	11554	11554	11522
38	23	273501795	68	11618	11586	11570	11538	11554
38	24	273701797	69	11538	11522	11522	11490	11458
38	25	273901798	70	11522	11506	11490	11474	11458
38	26	274101788	68	11538	11554	11522	11522	11490
38	27	274301804	66	11554	11522	11522	11522	11474
38	28	274501808	76	11538	11538	11506	11506	11474
38	29	274701806	67	11586	11586	11538	11554	11522
38	30	274901800	65	11570	11554	11570	11522	11522
38	31	275101804	68	11618	11602	11586	11570	11554
38	32	275301806	68	11586	11570	11554	11538	11522
38	33	275501798	70	11554	11586	11522	11522	11506
38	34	275701804	69	11586	11554	11554	11522	11522
38	35	275901807	66	11586	11586	11554	11538	11522
38	36	276101813	71	11586	11554	11538	11522	11522
38	37	276301810	63	11522	11490	11522	11474	11474
38	38	276501812	61	11586	11554	11538	11538	11522
38	39	276701817	74	11586	11554	11554	11538	11506
38	40	276901819	75	11554	11522	11522	11490	11490
38	41	277101813	68	11570	11554	11538	11522	11490
38	42	277301817	74	11570	11570	11522	11538	11538
38	43	277501814	69	11602	11602	11554	11538	11522
38	44	277701813	62	11586	11586	11570	11554	11522
38	45	277901827	70	11538	11506	11522	11474	11474
38	46	278101822	72	11554	11522	11442	11490	11458
38	47	278301823	70	11522	11474	11458	11458	11442
38	48	278501827	67	11602	11554	11522	11522	11522
38	49	278701828	70	11586	11554	11538	11538	11522
38	50	278901829	81	11602	11554	11554	11538	11522
38	51	279101827	72	11554	11522	11538	11506	11522
38	52	279301829	68	11554	11522	11538	11506	11490
38	53	279501842	69	11522	11522	11490	11490	11474
38	54	279701826	66	11602	11602	11586	11570	11554
38	55	279901840	77	11554	11522	11490	11474	11474
38	56	280101838	74	11522	11474	11474	11442	11410
38	57	280301838	69	11586	11538	11538	11522	11490
38	58	280501834	72	11586	11554	11538	11522	11522
38	59	280701841	70	11554	11506	11490	11522	11458
38	60	280901860	75	11474	11474	11474	11442	11410
38	61	281101853	75	11554	11522	11474	11490	11474
38	62	281301839	71	11586	11538	11538	11522	11474
38	63	281501847	68	11586	11570	11570	11538	11538
38	64	281701850	67	11538	11554	11538	11522	11490
38	65	281901852	65	11522	11522	11490	11474	11474
38	66	282101848	76	11570	11586	11522	11538	11474
38	67	282301857	62	11586	11586	11554	11538	11570
38	68	282501863	65	11554	11522	11474	11490	11474
38	69	282701866	73	11538	11538	11474	11474	11442
38	70	282901862	73	11570	11538	11570	11522	11490
38	71	283101865	68	11554	11538	11490	11538	11474
38	72	283301854	66	11602	11570	11554	11586	11538
38	73	283501875	73	11538	11474	11458	11442	11426
38	74	283701864	72	11538	11522	11522	11506	11490
38	75	283901861	73	11602	11570	11570	11554	11538
38	76	284101870	76	11522	11490	11458	11458	11426
38	77	284301871	72	11602	11570	11602	11554	11570
38	78	284501867	68	11538	11522	11522	11506	11474
38	79	284701877	68	11538	11522	11490	11474	11506
38	80	284901875	73	11618	11602	11586	11554	11522
38	81	285101878	76	11570	11538	11554	11522	11506
38	82	285301882	68	11570	11570	11538	11538	11522
38	83	285501877	70	11538	11522	11522	11490	11474
38	84	285701893	72	11570	11538	11538	11522	11490
38	85	285901889	74	11554	11490	11490	11474	11442
38	86	286101876	65	11586	11586	11570	11538	11554
38	87	286301879	69	11538	11522	11522	11490	11474
38	88	286501887	75	11554	11538	11522	11506	11474
38	89	286701885	66	11522	11522	11490	11474	11458
38	90	286901885	72	11602	11570	11570	11538	11538
38	91	287101885	72	11602	11570	11570	11554	11538
38	92	287301899	71	11570	11538	11538	11522	11474
38	93	287501902	68	11506	11522	11474	11458	11442
38	94	287701892	70	11602	11586	11570	11554	11570
38	95	287901891	66	11618	11602	11554	11554	11538
38	96	288101892	63	11602	11554	11570	11538	11522
38	97	288301899	70	11586	11570	11554	11554	11554
38	98	288501895	70	11554	11522	11490	11474	11474
38	99	288701902	64	11650	11586	11554	11538	11538
38	100	288901898	72	11522	11506	11490	11490	11458
40	1	294178029	85	11842	11810	11762	11762	11794
40	2	294378058	71	11874	11826	11826	11826	11794
40	3	294578046	68	11874	11874	11874	11826	11842
40	4	294778048	68	11842	11810	11810	11794	11794
40	5	294978046	65	11922	11906	11858	11842	11842
40	6	295178044	69	11826	11810	11826	11794	11794
40	7	295378042	69	11890	11890	11858	11842	11842
40	8	295578052	73	11874	11842	11842	11826	11810
40	9	295778056	67	11874	11874	11842	11826	11810
40	10	295978050	70	11826	11826	11794	11826	11762
40	11	296178049	75	11922	11874	11858	11858	11842
40	12	296378054	72	11810	11794	11778	11778	11746
40	13	296578057	67	11890	11858	11858	11858	11826
40	14	296778057	68	11890	11874	11858	11842	11810
40	15	296978057	68	11858	11826	11842	11810	11810
40	16	297178068	71	11842	11810	11794	11762	11778
40	17	297378060	72	11810	11794	11794	11778	11746
40	18	297578072	69	11874	11858	11826	11826	11810
40	19	297778065	76	11858	11826	11810	11810	11794
40	20	297978062	71	11922	11906	11874	11858	11826
40	21	298178071	70	11986	11906	11938	11874	11906
40	22	298378070	71	11906	11874	11874	11842	11826
40	23	298578086	74	11794	11746	11730	11714	11698
40	24	298778082	68	11858	11810	11810	11794	11794
40	25	298978072	68	11906	11858	11874	11842	11826
40	26	299178071	70	11922	11874	11858	11842	11826
40	27	299378082	72	11874	11858	11842	11810	11810
40	28	299578083	74	11906	11858	11858	11858	11826
40	29	299778085	69	11922	11874	11842	11826	11842
40	30	299978079	73	11842	11842	11794	11746	11746
40	31	300178089	66	11826	11778	11778	11746	11746
40	32	300378084	67	11842	11826	11810	11794	11810
40	33	300578087	78	11874	11842	11858	11810	11810
40	34	300778095	70	11874	11906	11826	11842	11810
40	35	300978094	66	11842	11810	11810	11794	11778
40	36	301178088	67	11906	11874	11906	11842	11826
40	37	301378095	73	11858	11810	11794	11778	11778
40	38	301578095	71	11874	11810	11810	11778	11778
40	39	301778100	65	11874	11826	11810	11794	11778
40	40	301978095	70	11810	11810	11762	11778	11730
40	41	302178107	71	11906	11858	11842	11826	11810
40	42	302378101	67	11842	11810	11794	11794	11794
40	43	302578118	70	11858	11810	11810	11794	11794
40	44	302778119	70	11874	11858	11826	11826	11810
40	45	302978101	74	11842	11858	11826	11794	11778
40	46	303178110	67	11890	11826	11810	11810	11778
40	47	303378104	69	11906	11874	11874	11858	11842
40	48	303578103	70	11842	11794	11810	11826	11778
40	49	303778109	70	11906	11842	11858	11826	11858
40	50	303978111	67	11858	11842	11826	11794	11794
40	51	304178115	71	11938	11858	11826	11842	11810
40	52	304378114	69	11842	11842	11826	11810	11794
40	53	304578120	68	11842	11842	11858	11810	11794
40	54	304778116	73	11890	11858	11842	11826	11826
40	55	304978115	65	11922	11874	11842	11842	11858
40	56	305178114	69	11874	11826	11826	11810	11810
40	57	305378117	75	11906	11858	11842	11826	11826
40	58	305578119	69	11874	11842	11826	11810	11794
40	59	305778123	68	11858	11810	11794	11778	11778
40	60	305978134	69	11826	11794	11778	11778	11746
40	61	306178124	65	12050	11906	11874	11874	11842
40	62	306378127	67	11874	11874	11842	11858	11842
40	63	306578127	66	11906	11890	11874	11858	11858
40	64	306778136	77	11826	11762	11778	11746	11746
40	65	306978143	70	11874	11842	11826	11826	11810
40	66	307178141	66	11842	11826	11810	11794	11778
40	67	307378138	69	11906	11890	11874	11842	11810
40	68	307578144	70	11842	11826	11794	11794	11762
40	69	307778147	71	11906	11842	11826	11826	11794
40	70	307978137	68	11874	11874	11858	11826	11826
40	71	308178150	66	11858	11858	11842	11826	11826
40	72	308378144	74	11858	11842	11842	11810	11778
40	73	308578147	65	11890	11842	11842	11810	11826
40	74	308778143	72	11826	11810	11810	11778	11778
40	75	308978151	72	11858	11842	11826	11826	11794
40	76	309178151	69	11906	11874	11858	11858	11842
40	77	309378153	76	11922	11874	11858	11874	11842
40	78	309578152	70	11858	11858	11842	11826	11794
40	79	309778160	77	11858	11874	11842	11826	11794
40	80	309978162	72	11842	11826	11826	11794	11826
40	81	310178151	70	11858	11842	11810	11810	11794
40	82	310378155	71	11826	11810	11778	11762	11746
40	83	310578162	72	11858	11842	11826	11826	11810
40	84	310778156	75	11858	11858	11826	11794	11794
40	85	310978175	75	11826	11810	11794	11778	11778
40	86	311178168	74	11826	11794	11810	11778	11778
40	87	311378175	72	11874	11842	11842	11810	11810
40	88	311578171	65	11842	11810	11826	11810	11778
40	89	311778177	69	11842	11874	11810	11794	11794
40	90	311978168	71	11906	11858	11826	11826	11826
40	91	312178168	71	11826	11794	11794	11762	11730
40	92	312378173	72	11858	11826	11826	11794	11778
40	93	312578166	71	11874	11858	11858	11826	11826
40	94	312778169	73	11906	11842	11826	11810	11826
40	95	312978181	69	11858	11842	11842	11810	11826
40	96	313178193	76	11810	11810	11778	11762	11746
40	97	313378191	67	11890	11874	11858	11842	11826
40	98	313578190	68	11842	11810	11794	11794	11762
40	99	313778177	72	11906	11858	11858	11826	11826
40	100	313978181	72	11890	11858	11842	11826	11826
