# name, dx, fmax, fmax_err, norm_value, norm_vale_err
# 100D_22Na 1 100110 316.4016434849857 1 0
# bin_center, freq, freq_err, norm_freq, norm_freq_err
0.500000 1 1.000000 1.000000 1.000000
1.500000 49 7.000000 49.000000 7.000000
2.500000 568 23.832751 568.000000 23.832751
3.500000 1764 42.000000 1764.000000 42.000000
4.500000 3484 59.025418 3484.000000 59.025418
5.500000 5385 73.382559 5385.000000 73.382559
6.500000 6398 79.987499 6398.000000 79.987499
7.500000 6696 81.829090 6696.000000 81.829090
8.500000 7259 85.199765 7259.000000 85.199765
9.500000 21685 147.258277 21685.000000 147.258277
10.500000 39633 199.080386 39633.000000 199.080386
11.500000 53583 231.480021 53583.000000 231.480021
12.500000 71191 266.816416 71191.000000 266.816416
13.500000 69601 263.820014 69601.000000 263.820014
14.500000 69229 263.114044 69229.000000 263.114044
15.500000 69466 263.564034 69466.000000 263.564034
16.500000 69216 263.089338 69216.000000 263.089338
17.500000 69568 263.757464 69568.000000 263.757464
18.500000 69653 263.918548 69653.000000 263.918548
19.500000 70160 264.877330 70160.000000 264.877330
20.500000 70894 266.259272 70894.000000 266.259272
21.500000 71042 266.537052 71042.000000 266.537052
22.500000 71829 268.009328 71829.000000 268.009328
23.500000 72502 269.261954 72502.000000 269.261954
24.500000 72989 270.164765 72989.000000 270.164765
25.500000 73624 271.337428 73624.000000 271.337428
26.500000 73962 271.959556 73962.000000 271.959556
27.500000 75081 274.009124 75081.000000 274.009124
28.500000 75861 275.428757 75861.000000 275.428757
29.500000 76831 277.184054 76831.000000 277.184054
30.500000 77341 278.102499 77341.000000 278.102499
31.500000 78137 279.529963 78137.000000 279.529963
32.500000 79010 281.087175 79010.000000 281.087175
33.500000 80112 283.040633 80112.000000 283.040633
34.500000 81698 285.828620 81698.000000 285.828620
35.500000 81996 286.349437 81996.000000 286.349437
36.500000 82955 288.019097 82955.000000 288.019097
37.500000 84658 290.960478 84658.000000 290.960478
38.500000 85802 292.919784 85802.000000 292.919784
39.500000 86781 294.586150 86781.000000 294.586150
40.500000 87918 296.509696 87918.000000 296.509696
41.500000 89155 298.588345 89155.000000 298.588345
42.500000 90188 300.313170 90188.000000 300.313170
43.500000 91773 302.940588 91773.000000 302.940588
44.500000 92781 304.599737 92781.000000 304.599737
45.500000 94224 306.959281 94224.000000 306.959281
46.500000 94091 306.742563 94091.000000 306.742563
47.500000 95216 308.570899 95216.000000 308.570899
48.500000 95246 308.619507 95246.000000 308.619507
49.500000 96421 310.517310 96421.000000 310.517310
50.500000 96520 310.676681 96520.000000 310.676681
51.500000 96440 310.547903 96440.000000 310.547903
52.500000 97068 311.557378 97068.000000 311.557378
53.500000 97416 312.115363 97416.000000 312.115363
54.500000 96235 310.217666 96235.000000 310.217666
55.500000 96178 310.125781 96178.000000 310.125781
56.500000 95618 309.221603 95618.000000 309.221603
57.500000 95001 308.222322 95001.000000 308.222322
58.500000 94012 306.613764 94012.000000 306.613764
59.500000 93695 306.096390 93695.000000 306.096390
60.500000 92451 304.057560 92451.000000 304.057560
61.500000 91768 302.932336 91768.000000 302.932336
62.500000 90543 300.903639 90543.000000 300.903639
63.500000 89825 299.708191 89825.000000 299.708191
64.500000 88671 297.776762 88671.000000 297.776762
65.500000 87968 296.593999 87968.000000 296.593999
66.500000 87238 295.360796 87238.000000 295.360796
67.500000 85849 293.000000 85849.000000 293.000000
68.500000 84877 291.336575 84877.000000 291.336575
69.500000 84449 290.601101 84449.000000 290.601101
70.500000 83374 288.745563 83374.000000 288.745563
71.500000 81999 286.354675 81999.000000 286.354675
72.500000 81217 284.985965 81217.000000 284.985965
73.500000 79720 282.347304 79720.000000 282.347304
74.500000 79914 282.690644 79914.000000 282.690644
75.500000 78837 280.779273 78837.000000 280.779273
76.500000 78180 279.606867 78180.000000 279.606867
77.500000 77158 277.773289 77158.000000 277.773289
78.500000 76472 276.535712 76472.000000 276.535712
79.500000 75948 275.586647 75948.000000 275.586647
80.500000 75351 274.501366 75351.000000 274.501366
81.500000 73824 271.705723 73824.000000 271.705723
82.500000 73772 271.610015 73772.000000 271.610015
83.500000 73710 271.495856 73710.000000 271.495856
84.500000 72849 269.905539 72849.000000 269.905539
85.500000 72455 269.174664 72455.000000 269.174664
86.500000 71444 267.290105 71444.000000 267.290105
87.500000 70494 265.507062 70494.000000 265.507062
88.500000 70357 265.248940 70357.000000 265.248940
89.500000 69431 263.497628 69431.000000 263.497628
90.500000 69421 263.478652 69421.000000 263.478652
91.500000 68633 261.979007 68633.000000 261.979007
92.500000 67919 260.612740 67919.000000 260.612740
93.500000 67309 259.439781 67309.000000 259.439781
94.500000 66649 258.164676 66649.000000 258.164676
95.500000 65711 256.341569 65711.000000 256.341569
96.500000 65046 255.041173 65046.000000 255.041173
97.500000 64950 254.852899 64950.000000 254.852899
98.500000 63561 252.113070 63561.000000 252.113070
99.500000 63220 251.435877 63220.000000 251.435877
100.500000 61688 248.370691 61688.000000 248.370691
101.500000 60862 246.702250 60862.000000 246.702250
102.500000 59895 244.734550 59895.000000 244.734550
103.500000 58700 242.280829 58700.000000 242.280829
104.500000 57796 240.407987 57796.000000 240.407987
105.500000 56855 238.442865 56855.000000 238.442865
106.500000 55466 235.512208 55466.000000 235.512208
107.500000 54412 233.263799 54412.000000 233.263799
108.500000 53090 230.412673 53090.000000 230.412673
109.500000 51653 227.272964 51653.000000 227.272964
110.500000 50938 225.694484 50938.000000 225.694484
111.500000 50024 223.660457 50024.000000 223.660457
112.500000 48756 220.807609 48756.000000 220.807609
113.500000 46983 216.755623 46983.000000 216.755623
114.500000 46122 214.760332 46122.000000 214.760332
115.500000 45444 213.175984 45444.000000 213.175984
116.500000 44399 210.710702 44399.000000 210.710702
117.500000 43664 208.959326 43664.000000 208.959326
118.500000 42820 206.929940 42820.000000 206.929940
119.500000 41692 204.186190 41692.000000 204.186190
120.500000 41305 203.236316 41305.000000 203.236316
121.500000 40764 201.900966 40764.000000 201.900966
122.500000 39981 199.952494 39981.000000 199.952494
123.500000 39764 199.409127 39764.000000 199.409127
124.500000 39404 198.504408 39404.000000 198.504408
125.500000 39565 198.909527 39565.000000 198.909527
126.500000 38888 197.200406 38888.000000 197.200406
127.500000 39002 197.489240 39002.000000 197.489240
128.500000 39062 197.641089 39062.000000 197.641089
129.500000 39402 198.499370 39402.000000 198.499370
130.500000 39173 197.921702 39173.000000 197.921702
131.500000 39731 199.326366 39731.000000 199.326366
132.500000 40721 201.794450 40721.000000 201.794450
133.500000 40850 202.113829 40850.000000 202.113829
134.500000 42211 205.453158 42211.000000 205.453158
135.500000 43146 207.716152 43146.000000 207.716152
136.500000 44190 210.214176 44190.000000 210.214176
137.500000 45658 213.677327 45658.000000 213.677327
138.500000 46815 216.367743 46815.000000 216.367743
139.500000 48582 220.413248 48582.000000 220.413248
140.500000 50239 224.140581 50239.000000 224.140581
141.500000 52297 228.685373 52297.000000 228.685373
142.500000 54098 232.589768 54098.000000 232.589768
143.500000 56735 238.191100 56735.000000 238.191100
144.500000 59044 242.989712 59044.000000 242.989712
145.500000 61243 247.473231 61243.000000 247.473231
146.500000 63713 252.414342 63713.000000 252.414342
147.500000 66085 257.070029 66085.000000 257.070029
148.500000 69363 263.368563 69363.000000 263.368563
149.500000 72935 270.064807 72935.000000 270.064807
150.500000 75103 274.049266 75103.000000 274.049266
151.500000 78167 279.583619 78167.000000 279.583619
152.500000 80765 284.191837 80765.000000 284.191837
153.500000 83606 289.147021 83606.000000 289.147021
154.500000 85544 292.479059 85544.000000 292.479059
155.500000 88597 297.652482 88597.000000 297.652482
156.500000 90712 301.184329 90712.000000 301.184329
157.500000 92643 304.373126 92643.000000 304.373126
158.500000 94424 307.284884 94424.000000 307.284884
159.500000 95899 309.675637 95899.000000 309.675637
160.500000 96829 311.173585 96829.000000 311.173585
161.500000 98019 313.079862 98019.000000 313.079862
162.500000 99655 315.681802 99655.000000 315.681802
163.500000 99379 315.244350 99379.000000 315.244350
164.500000 100003 316.232509 100003.000000 316.232509
165.500000 100110 316.401643 100110.000000 316.401643
166.500000 99300 315.119025 99300.000000 315.119025
167.500000 97738 312.630773 97738.000000 312.630773
168.500000 97415 312.113761 97415.000000 312.113761
169.500000 96111 310.017741 96111.000000 310.017741
170.500000 94450 307.327187 94450.000000 307.327187
171.500000 92418 304.003289 92418.000000 304.003289
172.500000 90616 301.024916 90616.000000 301.024916
173.500000 88210 297.001683 88210.000000 297.001683
174.500000 86464 294.047615 86464.000000 294.047615
175.500000 84304 290.351511 84304.000000 290.351511
176.500000 81947 286.263864 81947.000000 286.263864
177.500000 79398 281.776507 79398.000000 281.776507
178.500000 77239 277.919053 77239.000000 277.919053
179.500000 74458 272.869932 74458.000000 272.869932
180.500000 72279 268.847540 72279.000000 268.847540
181.500000 69802 264.200681 69802.000000 264.200681
182.500000 67191 259.212268 67191.000000 259.212268
183.500000 64736 254.432702 64736.000000 254.432702
184.500000 62828 250.655142 62828.000000 250.655142
185.500000 60014 244.977550 60014.000000 244.977550
186.500000 58853 242.596373 58853.000000 242.596373
187.500000 56705 238.128117 56705.000000 238.128117
188.500000 54472 233.392373 54472.000000 233.392373
189.500000 52873 229.941297 52873.000000 229.941297
190.500000 50991 225.811869 50991.000000 225.811869
191.500000 49217 221.849048 49217.000000 221.849048
192.500000 47423 217.768225 47423.000000 217.768225
193.500000 45721 213.824695 45721.000000 213.824695
194.500000 44442 210.812713 44442.000000 210.812713
195.500000 42964 207.277592 42964.000000 207.277592
196.500000 41660 204.107815 41660.000000 204.107815
197.500000 40137 200.342207 40137.000000 200.342207
198.500000 39011 197.512025 39011.000000 197.512025
199.500000 37743 194.275577 37743.000000 194.275577
200.500000 36758 191.723760 36758.000000 191.723760
201.500000 35248 187.744507 35248.000000 187.744507
202.500000 34143 184.778245 34143.000000 184.778245
203.500000 33212 182.241598 33212.000000 182.241598
204.500000 32287 179.685837 32287.000000 179.685837
205.500000 31165 176.536115 31165.000000 176.536115
206.500000 30399 174.353090 30399.000000 174.353090
207.500000 29733 172.432596 29733.000000 172.432596
208.500000 28436 168.629772 28436.000000 168.629772
209.500000 27970 167.242339 27970.000000 167.242339
210.500000 27191 164.896938 27191.000000 164.896938
211.500000 26304 162.185079 26304.000000 162.185079
212.500000 25887 160.894375 25887.000000 160.894375
213.500000 25056 158.290871 25056.000000 158.290871
214.500000 23957 154.780490 23957.000000 154.780490
215.500000 23823 154.347012 23823.000000 154.347012
216.500000 23010 151.690474 23010.000000 151.690474
217.500000 22358 149.525917 22358.000000 149.525917
218.500000 21999 148.320599 21999.000000 148.320599
219.500000 21815 147.699018 21815.000000 147.699018
220.500000 21135 145.378816 21135.000000 145.378816
221.500000 20681 143.808901 20681.000000 143.808901
222.500000 20250 142.302495 20250.000000 142.302495
223.500000 19783 140.652053 19783.000000 140.652053
224.500000 19775 140.623611 19775.000000 140.623611
225.500000 19463 139.509856 19463.000000 139.509856
226.500000 19148 138.376299 19148.000000 138.376299
227.500000 18764 136.981751 18764.000000 136.981751
228.500000 18566 136.257110 18566.000000 136.257110
229.500000 18354 135.476935 18354.000000 135.476935
230.500000 17918 133.858134 17918.000000 133.858134
231.500000 17961 134.018655 17961.000000 134.018655
232.500000 17682 132.973682 17682.000000 132.973682
233.500000 17427 132.011363 17427.000000 132.011363
234.500000 17771 133.307914 17771.000000 133.307914
235.500000 17279 131.449610 17279.000000 131.449610
236.500000 17130 130.881626 17130.000000 130.881626
237.500000 17062 130.621591 17062.000000 130.621591
238.500000 16709 129.263297 16709.000000 129.263297
239.500000 16953 130.203687 16953.000000 130.203687
240.500000 16936 130.138388 16936.000000 130.138388
241.500000 16574 128.740048 16574.000000 128.740048
242.500000 16894 129.976921 16894.000000 129.976921
243.500000 16647 129.023254 16647.000000 129.023254
244.500000 16601 128.844868 16601.000000 128.844868
245.500000 16251 127.479410 16251.000000 127.479410
246.500000 16290 127.632284 16290.000000 127.632284
247.500000 16247 127.463720 16247.000000 127.463720
248.500000 16165 127.141653 16165.000000 127.141653
249.500000 16039 126.645174 16039.000000 126.645174
250.500000 16039 126.645174 16039.000000 126.645174
251.500000 15893 126.067442 15893.000000 126.067442
252.500000 16072 126.775392 16072.000000 126.775392
253.500000 15779 125.614490 15779.000000 125.614490
254.500000 15661 125.143917 15661.000000 125.143917
255.500000 15628 125.011999 15628.000000 125.011999
256.500000 15646 125.083972 15646.000000 125.083972
257.500000 15609 124.935984 15609.000000 124.935984
258.500000 15672 125.187859 15672.000000 125.187859
259.500000 15392 124.064499 15392.000000 124.064499
260.500000 15434 124.233651 15434.000000 124.233651
261.500000 15415 124.157158 15415.000000 124.157158
262.500000 15356 123.919329 15356.000000 123.919329
263.500000 15549 124.695629 15549.000000 124.695629
264.500000 15292 123.660826 15292.000000 123.660826
265.500000 15141 123.048771 15141.000000 123.048771
266.500000 15201 123.292336 15201.000000 123.292336
267.500000 15083 122.812866 15083.000000 122.812866
268.500000 15021 122.560189 15021.000000 122.560189
269.500000 14926 122.172010 14926.000000 122.172010
270.500000 15001 122.478570 15001.000000 122.478570
271.500000 15068 122.751782 15068.000000 122.751782
272.500000 14937 122.217020 14937.000000 122.217020
273.500000 15020 122.556110 15020.000000 122.556110
274.500000 14893 122.036880 14893.000000 122.036880
275.500000 14925 122.167917 14925.000000 122.167917
276.500000 14794 121.630588 14794.000000 121.630588
277.500000 14941 122.233383 14941.000000 122.233383
278.500000 14554 120.639960 14554.000000 120.639960
279.500000 14802 121.663470 14802.000000 121.663470
280.500000 14896 122.049170 14896.000000 122.049170
281.500000 14841 121.823643 14841.000000 121.823643
282.500000 14590 120.789072 14590.000000 120.789072
283.500000 14745 121.428992 14745.000000 121.428992
284.500000 14744 121.424874 14744.000000 121.424874
285.500000 14506 120.440857 14506.000000 120.440857
286.500000 14495 120.395183 14495.000000 120.395183
287.500000 14589 120.784933 14589.000000 120.784933
288.500000 14404 120.016666 14404.000000 120.016666
289.500000 14452 120.216471 14452.000000 120.216471
290.500000 14756 121.474277 14756.000000 121.474277
291.500000 14346 119.774789 14346.000000 119.774789
292.500000 14655 121.057837 14655.000000 121.057837
293.500000 14340 119.749739 14340.000000 119.749739
294.500000 14373 119.887447 14373.000000 119.887447
295.500000 14660 121.078487 14660.000000 121.078487
296.500000 14372 119.883277 14372.000000 119.883277
297.500000 14301 119.586789 14301.000000 119.586789
298.500000 14190 119.121786 14190.000000 119.121786
299.500000 14356 119.816526 14356.000000 119.816526
300.500000 14498 120.407641 14498.000000 120.407641
301.500000 14191 119.125984 14191.000000 119.125984
302.500000 14190 119.121786 14190.000000 119.121786
303.500000 14225 119.268604 14225.000000 119.268604
304.500000 13945 118.088950 13945.000000 118.088950
305.500000 14282 119.507322 14282.000000 119.507322
306.500000 14044 118.507384 14044.000000 118.507384
307.500000 14225 119.268604 14225.000000 119.268604
308.500000 14145 118.932754 14145.000000 118.932754
309.500000 14016 118.389189 14016.000000 118.389189
310.500000 14029 118.444080 14029.000000 118.444080
311.500000 13894 117.872813 13894.000000 117.872813
312.500000 14002 118.330047 14002.000000 118.330047
313.500000 14038 118.482066 14038.000000 118.482066
314.500000 14008 118.355397 14008.000000 118.355397
315.500000 13887 117.843116 13887.000000 117.843116
316.500000 13918 117.974574 13918.000000 117.974574
317.500000 13893 117.868571 13893.000000 117.868571
318.500000 13898 117.889779 13898.000000 117.889779
319.500000 14054 118.549568 14054.000000 118.549568
320.500000 13912 117.949142 13912.000000 117.949142
321.500000 13764 117.320075 13764.000000 117.320075
322.500000 13673 116.931604 13673.000000 116.931604
323.500000 13764 117.320075 13764.000000 117.320075
324.500000 13817 117.545736 13817.000000 117.545736
325.500000 13763 117.315813 13763.000000 117.315813
326.500000 13618 116.696187 13618.000000 116.696187
327.500000 13592 116.584733 13592.000000 116.584733
328.500000 13537 116.348614 13537.000000 116.348614
329.500000 13523 116.288435 13523.000000 116.288435
330.500000 13510 116.232526 13510.000000 116.232526
331.500000 13364 115.602768 13364.000000 115.602768
332.500000 13443 115.943952 13443.000000 115.943952
333.500000 13186 114.830310 13186.000000 114.830310
334.500000 13260 115.152073 13260.000000 115.152073
335.500000 13084 114.385314 13084.000000 114.385314
336.500000 13130 114.586212 13130.000000 114.586212
337.500000 12754 112.933609 12754.000000 112.933609
338.500000 12902 113.586971 12902.000000 113.586971
339.500000 12800 113.137085 12800.000000 113.137085
340.500000 12834 113.287246 12834.000000 113.287246
341.500000 12751 112.920326 12751.000000 112.920326
342.500000 12680 112.605506 12680.000000 112.605506
343.500000 12701 112.698713 12701.000000 112.698713
344.500000 12548 112.017856 12548.000000 112.017856
345.500000 12420 111.445054 12420.000000 111.445054
346.500000 12502 111.812343 12502.000000 111.812343
347.500000 12195 110.430974 12195.000000 110.430974
348.500000 12212 110.507918 12212.000000 110.507918
349.500000 12164 110.290525 12164.000000 110.290525
350.500000 11946 109.297758 11946.000000 109.297758
351.500000 11683 108.087927 11683.000000 108.087927
352.500000 11923 109.192491 11923.000000 109.192491
353.500000 11672 108.037031 11672.000000 108.037031
354.500000 11552 107.480231 11552.000000 107.480231
355.500000 11548 107.461621 11548.000000 107.461621
356.500000 11530 107.377838 11530.000000 107.377838
357.500000 11531 107.382494 11531.000000 107.382494
358.500000 11263 106.127282 11263.000000 106.127282
359.500000 11363 106.597373 11363.000000 106.597373
360.500000 11160 105.640901 11160.000000 105.640901
361.500000 11176 105.716602 11176.000000 105.716602
362.500000 11020 104.976188 11020.000000 104.976188
363.500000 11027 105.009523 11027.000000 105.009523
364.500000 11002 104.890419 11002.000000 104.890419
365.500000 10743 103.648444 10743.000000 103.648444
366.500000 10701 103.445638 10701.000000 103.445638
367.500000 10929 104.541858 10929.000000 104.541858
368.500000 10877 104.292857 10877.000000 104.292857
369.500000 10404 102.000000 10404.000000 102.000000
370.500000 10548 102.703457 10548.000000 102.703457
371.500000 10705 103.464970 10705.000000 103.464970
372.500000 10730 103.585713 10730.000000 103.585713
373.500000 10600 102.956301 10600.000000 102.956301
374.500000 10763 103.744879 10763.000000 103.744879
375.500000 10549 102.708325 10549.000000 102.708325
376.500000 10669 103.290851 10669.000000 103.290851
377.500000 10734 103.605019 10734.000000 103.605019
378.500000 10604 102.975725 10604.000000 102.975725
379.500000 10547 102.698588 10547.000000 102.698588
380.500000 10927 104.532292 10927.000000 104.532292
381.500000 10612 103.014562 10612.000000 103.014562
382.500000 10911 104.455732 10911.000000 104.455732
383.500000 10721 103.542262 10721.000000 103.542262
384.500000 10717 103.522944 10717.000000 103.522944
385.500000 10652 103.208527 10652.000000 103.208527
386.500000 10671 103.300532 10671.000000 103.300532
387.500000 10789 103.870111 10789.000000 103.870111
388.500000 10951 104.647026 10951.000000 104.647026
389.500000 10883 104.321618 10883.000000 104.321618
390.500000 11119 105.446669 11119.000000 105.446669
391.500000 11051 105.123737 11051.000000 105.123737
392.500000 11126 105.479856 11126.000000 105.479856
393.500000 11202 105.839501 11202.000000 105.839501
394.500000 10983 104.799809 10983.000000 104.799809
395.500000 10957 104.675690 10957.000000 104.675690
396.500000 11020 104.976188 11020.000000 104.976188
397.500000 11055 105.142760 11055.000000 105.142760
398.500000 10968 104.728220 10968.000000 104.728220
399.500000 11026 105.004762 11026.000000 105.004762
400.500000 10997 104.866582 10997.000000 104.866582
401.500000 10906 104.431796 10906.000000 104.431796
402.500000 11037 105.057127 11037.000000 105.057127
403.500000 11114 105.422958 11114.000000 105.422958
404.500000 10903 104.417431 10903.000000 104.417431
405.500000 11064 105.185550 11064.000000 105.185550
406.500000 10932 104.556205 10932.000000 104.556205
407.500000 10819 104.014422 10819.000000 104.014422
408.500000 10553 102.727796 10553.000000 102.727796
409.500000 10695 103.416633 10695.000000 103.416633
410.500000 10611 103.009708 10611.000000 103.009708
411.500000 10482 102.381639 10482.000000 102.381639
412.500000 10283 101.405128 10283.000000 101.405128
413.500000 10279 101.385403 10279.000000 101.385403
414.500000 10040 100.199800 10040.000000 100.199800
415.500000 10066 100.329457 10066.000000 100.329457
416.500000 9789 98.939375 9789.000000 98.939375
417.500000 9794 98.964640 9794.000000 98.964640
418.500000 9634 98.152942 9634.000000 98.152942
419.500000 9599 97.974486 9599.000000 97.974486
420.500000 9408 96.994845 9408.000000 96.994845
421.500000 9141 95.608577 9141.000000 95.608577
422.500000 9214 95.989583 9214.000000 95.989583
423.500000 8871 94.185986 8871.000000 94.185986
424.500000 8826 93.946793 8826.000000 93.946793
425.500000 8818 93.904207 8818.000000 93.904207
426.500000 8585 92.655275 8585.000000 92.655275
427.500000 8480 92.086915 8480.000000 92.086915
428.500000 8454 91.945636 8454.000000 91.945636
429.500000 8117 90.094395 8117.000000 90.094395
430.500000 8159 90.327183 8159.000000 90.327183
431.500000 7983 89.347636 7983.000000 89.347636
432.500000 7869 88.707384 7869.000000 88.707384
433.500000 7652 87.475711 7652.000000 87.475711
434.500000 7554 86.913750 7554.000000 86.913750
435.500000 7408 86.069739 7408.000000 86.069739
436.500000 7251 85.152804 7251.000000 85.152804
437.500000 7244 85.111691 7244.000000 85.111691
438.500000 7153 84.575410 7153.000000 84.575410
439.500000 6905 83.096330 6905.000000 83.096330
440.500000 6794 82.425724 6794.000000 82.425724
441.500000 6534 80.833162 6534.000000 80.833162
442.500000 6582 81.129526 6582.000000 81.129526
443.500000 6478 80.486024 6478.000000 80.486024
444.500000 6338 79.611557 6338.000000 79.611557
445.500000 6128 78.281543 6128.000000 78.281543
446.500000 6141 78.364533 6141.000000 78.364533
447.500000 6032 77.665951 6032.000000 77.665951
448.500000 5942 77.084369 5942.000000 77.084369
449.500000 5942 77.084369 5942.000000 77.084369
450.500000 5831 76.360985 5831.000000 76.360985
451.500000 5678 75.352505 5678.000000 75.352505
452.500000 5553 74.518454 5553.000000 74.518454
453.500000 5611 74.906609 5611.000000 74.906609
454.500000 5422 73.634231 5422.000000 73.634231
455.500000 5337 73.054774 5337.000000 73.054774
456.500000 5285 72.698005 5285.000000 72.698005
457.500000 5231 72.325652 5231.000000 72.325652
458.500000 5103 71.435285 5103.000000 71.435285
459.500000 4986 70.611614 4986.000000 70.611614
460.500000 5009 70.774289 5009.000000 70.774289
461.500000 4948 70.342022 4948.000000 70.342022
462.500000 4868 69.771054 4868.000000 69.771054
463.500000 4939 70.278019 4939.000000 70.278019
464.500000 4720 68.702256 4720.000000 68.702256
465.500000 4759 68.985506 4759.000000 68.985506
466.500000 4665 68.300805 4665.000000 68.300805
467.500000 4561 67.535176 4561.000000 67.535176
468.500000 4570 67.601775 4570.000000 67.601775
469.500000 4435 66.595796 4435.000000 66.595796
470.500000 4342 65.893854 4342.000000 65.893854
471.500000 4373 66.128662 4373.000000 66.128662
472.500000 4213 64.907627 4213.000000 64.907627
473.500000 4256 65.238026 4256.000000 65.238026
474.500000 4196 64.776539 4196.000000 64.776539
475.500000 4134 64.296190 4134.000000 64.296190
476.500000 3922 62.625873 3922.000000 62.625873
477.500000 4108 64.093681 4108.000000 64.093681
478.500000 4065 63.757353 4065.000000 63.757353
479.500000 3917 62.585941 3917.000000 62.585941
480.500000 3844 62.000000 3844.000000 62.000000
481.500000 3820 61.806149 3820.000000 61.806149
482.500000 3768 61.384037 3768.000000 61.384037
483.500000 3776 61.449166 3776.000000 61.449166
484.500000 3645 60.373835 3645.000000 60.373835
485.500000 3620 60.166436 3620.000000 60.166436
486.500000 3599 59.991666 3599.000000 59.991666
487.500000 3611 60.091597 3611.000000 60.091597
488.500000 3440 58.651513 3440.000000 58.651513
489.500000 3449 58.728187 3449.000000 58.728187
490.500000 3328 57.688820 3328.000000 57.688820
491.500000 3422 58.497863 3422.000000 58.497863
492.500000 3185 56.435804 3185.000000 56.435804
493.500000 3272 57.201399 3272.000000 57.201399
494.500000 3159 56.204982 3159.000000 56.204982
495.500000 3125 55.901699 3125.000000 55.901699
496.500000 3085 55.542776 3085.000000 55.542776
497.500000 3041 55.145263 3041.000000 55.145263
498.500000 3049 55.217751 3049.000000 55.217751
499.500000 2891 53.768020 2891.000000 53.768020
500.500000 2917 54.009258 2917.000000 54.009258
501.500000 2880 53.665631 2880.000000 53.665631
502.500000 2869 53.563047 2869.000000 53.563047
503.500000 2879 53.656314 2879.000000 53.656314
504.500000 2731 52.258971 2731.000000 52.258971
505.500000 2743 52.373658 2743.000000 52.373658
506.500000 2912 53.962950 2912.000000 53.962950
507.500000 2632 51.303021 2632.000000 51.303021
508.500000 2672 51.691392 2672.000000 51.691392
509.500000 2625 51.234754 2625.000000 51.234754
510.500000 2604 51.029403 2604.000000 51.029403
511.500000 2409 49.081565 2409.000000 49.081565
512.500000 2437 49.365980 2437.000000 49.365980
513.500000 2304 48.000000 2304.000000 48.000000
514.500000 2475 49.749372 2475.000000 49.749372
515.500000 2341 48.383882 2341.000000 48.383882
516.500000 2356 48.538644 2356.000000 48.538644
517.500000 2308 48.041649 2308.000000 48.041649
518.500000 2389 48.877398 2389.000000 48.877398
519.500000 2180 46.690470 2180.000000 46.690470
520.500000 2222 47.138095 2222.000000 47.138095
521.500000 2211 47.021272 2211.000000 47.021272
522.500000 2162 46.497312 2162.000000 46.497312
523.500000 2098 45.803930 2098.000000 45.803930
524.500000 2131 46.162756 2131.000000 46.162756
525.500000 2076 45.563143 2076.000000 45.563143
526.500000 2050 45.276926 2050.000000 45.276926
527.500000 1979 44.485953 1979.000000 44.485953
528.500000 2114 45.978256 2114.000000 45.978256
529.500000 2117 46.010868 2117.000000 46.010868
530.500000 2027 45.022217 2027.000000 45.022217
531.500000 2099 45.814845 2099.000000 45.814845
532.500000 2063 45.420260 2063.000000 45.420260
533.500000 2018 44.922155 2018.000000 44.922155
534.500000 1967 44.350874 1967.000000 44.350874
535.500000 1949 44.147480 1949.000000 44.147480
536.500000 1908 43.680659 1908.000000 43.680659
537.500000 1926 43.886217 1926.000000 43.886217
538.500000 1841 42.906876 1841.000000 42.906876
539.500000 1891 43.485630 1891.000000 43.485630
540.500000 1745 41.773197 1745.000000 41.773197
541.500000 1841 42.906876 1841.000000 42.906876
542.500000 1866 43.197222 1866.000000 43.197222
543.500000 1842 42.918527 1842.000000 42.918527
544.500000 1782 42.213742 1782.000000 42.213742
545.500000 1776 42.142615 1776.000000 42.142615
546.500000 1776 42.142615 1776.000000 42.142615
547.500000 1684 41.036569 1684.000000 41.036569
548.500000 1650 40.620192 1650.000000 40.620192
549.500000 1691 41.121770 1691.000000 41.121770
550.500000 1669 40.853396 1669.000000 40.853396
551.500000 1761 41.964271 1761.000000 41.964271
552.500000 1744 41.761226 1744.000000 41.761226
553.500000 1743 41.749251 1743.000000 41.749251
554.500000 1615 40.187063 1615.000000 40.187063
555.500000 1724 41.521079 1724.000000 41.521079
556.500000 1628 40.348482 1628.000000 40.348482
557.500000 1604 40.049969 1604.000000 40.049969
558.500000 1603 40.037482 1603.000000 40.037482
559.500000 1663 40.779897 1663.000000 40.779897
560.500000 1596 39.949969 1596.000000 39.949969
561.500000 1618 40.224371 1618.000000 40.224371
562.500000 1599 39.987498 1599.000000 39.987498
563.500000 1542 39.268308 1542.000000 39.268308
564.500000 1622 40.274061 1622.000000 40.274061
565.500000 1525 39.051248 1525.000000 39.051248
566.500000 1507 38.820098 1507.000000 38.820098
567.500000 1510 38.858718 1510.000000 38.858718
568.500000 1462 38.236109 1462.000000 38.236109
569.500000 1485 38.535698 1485.000000 38.535698
570.500000 1486 38.548671 1486.000000 38.548671
571.500000 1386 37.229021 1386.000000 37.229021
572.500000 1454 38.131352 1454.000000 38.131352
573.500000 1414 37.603191 1414.000000 37.603191
574.500000 1392 37.309516 1392.000000 37.309516
575.500000 1410 37.549967 1410.000000 37.549967
576.500000 1394 37.336309 1394.000000 37.336309
577.500000 1400 37.416574 1400.000000 37.416574
578.500000 1429 37.802116 1429.000000 37.802116
579.500000 1440 37.947332 1440.000000 37.947332
580.500000 1389 37.269290 1389.000000 37.269290
581.500000 1378 37.121422 1378.000000 37.121422
582.500000 1347 36.701499 1347.000000 36.701499
583.500000 1344 36.660606 1344.000000 36.660606
584.500000 1363 36.918830 1363.000000 36.918830
585.500000 1335 36.537652 1335.000000 36.537652
586.500000 1344 36.660606 1344.000000 36.660606
587.500000 1309 36.180105 1309.000000 36.180105
588.500000 1309 36.180105 1309.000000 36.180105
589.500000 1232 35.099858 1232.000000 35.099858
590.500000 1276 35.721142 1276.000000 35.721142
591.500000 1216 34.871192 1216.000000 34.871192
592.500000 1196 34.583233 1196.000000 34.583233
593.500000 1252 35.383612 1252.000000 35.383612
594.500000 1285 35.846897 1285.000000 35.846897
595.500000 1295 35.986108 1295.000000 35.986108
596.500000 1241 35.227830 1241.000000 35.227830
597.500000 1260 35.496479 1260.000000 35.496479
598.500000 1228 35.042831 1228.000000 35.042831
599.500000 1239 35.199432 1239.000000 35.199432
600.500000 1197 34.597688 1197.000000 34.597688
601.500000 1180 34.351128 1180.000000 34.351128
602.500000 1170 34.205263 1170.000000 34.205263
603.500000 1177 34.307434 1177.000000 34.307434
604.500000 1169 34.190642 1169.000000 34.190642
605.500000 1141 33.778692 1141.000000 33.778692
606.500000 1152 33.941125 1152.000000 33.941125
607.500000 1197 34.597688 1197.000000 34.597688
608.500000 1133 33.660065 1133.000000 33.660065
609.500000 1192 34.525353 1192.000000 34.525353
610.500000 1192 34.525353 1192.000000 34.525353
611.500000 1100 33.166248 1100.000000 33.166248
612.500000 1206 34.727511 1206.000000 34.727511
613.500000 1155 33.985291 1155.000000 33.985291
614.500000 1189 34.481879 1189.000000 34.481879
615.500000 1163 34.102786 1163.000000 34.102786
616.500000 1182 34.380227 1182.000000 34.380227
617.500000 1148 33.882149 1148.000000 33.882149
618.500000 1131 33.630343 1131.000000 33.630343
619.500000 1141 33.778692 1141.000000 33.778692
620.500000 1096 33.105891 1096.000000 33.105891
621.500000 1101 33.181320 1101.000000 33.181320
622.500000 1147 33.867388 1147.000000 33.867388
623.500000 1119 33.451457 1119.000000 33.451457
624.500000 1098 33.136083 1098.000000 33.136083
625.500000 1148 33.882149 1148.000000 33.882149
626.500000 1088 32.984845 1088.000000 32.984845
627.500000 1064 32.619013 1064.000000 32.619013
628.500000 1094 33.075671 1094.000000 33.075671
629.500000 1128 33.585711 1128.000000 33.585711
630.500000 1123 33.511192 1123.000000 33.511192
631.500000 1080 32.863353 1080.000000 32.863353
632.500000 1182 34.380227 1182.000000 34.380227
633.500000 1100 33.166248 1100.000000 33.166248
634.500000 1072 32.741411 1072.000000 32.741411
635.500000 1107 33.271610 1107.000000 33.271610
636.500000 1105 33.241540 1105.000000 33.241540
637.500000 1045 32.326460 1045.000000 32.326460
638.500000 1109 33.301652 1109.000000 33.301652
639.500000 1047 32.357379 1047.000000 32.357379
640.500000 1065 32.634338 1065.000000 32.634338
641.500000 1064 32.619013 1064.000000 32.619013
642.500000 1090 33.015148 1090.000000 33.015148
643.500000 1036 32.186954 1036.000000 32.186954
644.500000 1068 32.680269 1068.000000 32.680269
645.500000 987 31.416556 987.000000 31.416556
646.500000 1022 31.968735 1022.000000 31.968735
647.500000 1050 32.403703 1050.000000 32.403703
648.500000 1058 32.526912 1058.000000 32.526912
649.500000 1027 32.046841 1027.000000 32.046841
650.500000 1013 31.827661 1013.000000 31.827661
651.500000 1026 32.031235 1026.000000 32.031235
652.500000 1048 32.372828 1048.000000 32.372828
653.500000 1075 32.787193 1075.000000 32.787193
654.500000 1061 32.572995 1061.000000 32.572995
655.500000 1081 32.878564 1081.000000 32.878564
656.500000 1055 32.480764 1055.000000 32.480764
657.500000 1054 32.465366 1054.000000 32.465366
658.500000 991 31.480152 991.000000 31.480152
659.500000 1027 32.046841 1027.000000 32.046841
660.500000 966 31.080541 966.000000 31.080541
661.500000 1037 32.202484 1037.000000 32.202484
662.500000 978 31.272992 978.000000 31.272992
663.500000 1024 32.000000 1024.000000 32.000000
664.500000 978 31.272992 978.000000 31.272992
665.500000 1000 31.622777 1000.000000 31.622777
666.500000 977 31.256999 977.000000 31.256999
667.500000 986 31.400637 986.000000 31.400637
668.500000 1018 31.906112 1018.000000 31.906112
669.500000 1008 31.749016 1008.000000 31.749016
670.500000 985 31.384710 985.000000 31.384710
671.500000 942 30.692019 942.000000 30.692019
672.500000 969 31.128765 969.000000 31.128765
673.500000 926 30.430248 926.000000 30.430248
674.500000 991 31.480152 991.000000 31.480152
675.500000 962 31.016125 962.000000 31.016125
676.500000 983 31.352831 983.000000 31.352831
677.500000 987 31.416556 987.000000 31.416556
678.500000 947 30.773365 947.000000 30.773365
679.500000 962 31.016125 962.000000 31.016125
680.500000 948 30.789609 948.000000 30.789609
681.500000 934 30.561414 934.000000 30.561414
682.500000 895 29.916551 895.000000 29.916551
683.500000 944 30.724583 944.000000 30.724583
684.500000 926 30.430248 926.000000 30.430248
685.500000 948 30.789609 948.000000 30.789609
686.500000 943 30.708305 943.000000 30.708305
687.500000 946 30.757113 946.000000 30.757113
688.500000 935 30.577770 935.000000 30.577770
689.500000 913 30.215890 913.000000 30.215890
690.500000 953 30.870698 953.000000 30.870698
691.500000 903 30.049958 903.000000 30.049958
692.500000 911 30.182777 911.000000 30.182777
693.500000 932 30.528675 932.000000 30.528675
694.500000 937 30.610456 937.000000 30.610456
695.500000 919 30.315013 919.000000 30.315013
696.500000 898 29.966648 898.000000 29.966648
697.500000 921 30.347982 921.000000 30.347982
698.500000 869 29.478806 869.000000 29.478806
699.500000 864 29.393877 864.000000 29.393877
700.500000 882 29.698485 882.000000 29.698485
701.500000 922 30.364453 922.000000 30.364453
702.500000 882 29.698485 882.000000 29.698485
703.500000 878 29.631065 878.000000 29.631065
704.500000 856 29.257478 856.000000 29.257478
705.500000 855 29.240383 855.000000 29.240383
706.500000 839 28.965497 839.000000 28.965497
707.500000 892 29.866369 892.000000 29.866369
708.500000 861 29.342802 861.000000 29.342802
709.500000 874 29.563491 874.000000 29.563491
710.500000 810 28.460499 810.000000 28.460499
711.500000 874 29.563491 874.000000 29.563491
712.500000 805 28.372522 805.000000 28.372522
713.500000 854 29.223278 854.000000 29.223278
714.500000 839 28.965497 839.000000 28.965497
715.500000 843 29.034462 843.000000 29.034462
716.500000 816 28.565714 816.000000 28.565714
717.500000 861 29.342802 861.000000 29.342802
718.500000 786 28.035692 786.000000 28.035692
719.500000 783 27.982137 783.000000 27.982137
720.500000 744 27.276363 744.000000 27.276363
721.500000 840 28.982753 840.000000 28.982753
722.500000 733 27.073973 733.000000 27.073973
723.500000 785 28.017851 785.000000 28.017851
724.500000 762 27.604347 762.000000 27.604347
725.500000 789 28.089144 789.000000 28.089144
726.500000 827 28.757608 827.000000 28.757608
727.500000 770 27.748874 770.000000 27.748874
728.500000 850 29.154759 850.000000 29.154759
729.500000 766 27.676705 766.000000 27.676705
730.500000 776 27.856777 776.000000 27.856777
731.500000 795 28.195744 795.000000 28.195744
732.500000 741 27.221315 741.000000 27.221315
733.500000 719 26.814175 719.000000 26.814175
734.500000 746 27.313001 746.000000 27.313001
735.500000 739 27.184554 739.000000 27.184554
736.500000 732 27.055499 732.000000 27.055499
737.500000 773 27.802878 773.000000 27.802878
738.500000 773 27.802878 773.000000 27.802878
739.500000 725 26.925824 725.000000 26.925824
740.500000 727 26.962938 727.000000 26.962938
741.500000 718 26.795522 718.000000 26.795522
742.500000 736 27.129320 736.000000 27.129320
743.500000 731 27.037012 731.000000 27.037012
744.500000 756 27.495454 756.000000 27.495454
745.500000 716 26.758176 716.000000 26.758176
746.500000 764 27.640550 764.000000 27.640550
747.500000 756 27.495454 756.000000 27.495454
748.500000 706 26.570661 706.000000 26.570661
749.500000 670 25.884358 670.000000 25.884358
750.500000 699 26.438608 699.000000 26.438608
751.500000 671 25.903668 671.000000 25.903668
752.500000 693 26.324893 693.000000 26.324893
753.500000 690 26.267851 690.000000 26.267851
754.500000 655 25.592968 655.000000 25.592968
755.500000 711 26.664583 711.000000 26.664583
756.500000 639 25.278449 639.000000 25.278449
757.500000 678 26.038433 678.000000 26.038433
758.500000 668 25.845696 668.000000 25.845696
759.500000 656 25.612497 656.000000 25.612497
760.500000 663 25.748786 663.000000 25.748786
761.500000 652 25.534291 652.000000 25.534291
762.500000 650 25.495098 650.000000 25.495098
763.500000 589 24.269322 589.000000 24.269322
764.500000 625 25.000000 625.000000 25.000000
765.500000 615 24.799194 615.000000 24.799194
766.500000 647 25.436195 647.000000 25.436195
767.500000 651 25.514702 651.000000 25.514702
768.500000 618 24.859606 618.000000 24.859606
769.500000 627 25.039968 627.000000 25.039968
770.500000 611 24.718414 611.000000 24.718414
771.500000 627 25.039968 627.000000 25.039968
772.500000 626 25.019992 626.000000 25.019992
773.500000 591 24.310492 591.000000 24.310492
774.500000 624 24.979992 624.000000 24.979992
775.500000 620 24.899799 620.000000 24.899799
776.500000 610 24.698178 610.000000 24.698178
777.500000 604 24.576411 604.000000 24.576411
778.500000 600 24.494897 600.000000 24.494897
779.500000 607 24.637370 607.000000 24.637370
780.500000 602 24.535688 602.000000 24.535688
781.500000 620 24.899799 620.000000 24.899799
782.500000 578 24.041631 578.000000 24.041631
783.500000 595 24.392622 595.000000 24.392622
784.500000 583 24.145393 583.000000 24.145393
785.500000 574 23.958297 574.000000 23.958297
786.500000 580 24.083189 580.000000 24.083189
787.500000 569 23.853721 569.000000 23.853721
788.500000 549 23.430749 549.000000 23.430749
789.500000 562 23.706539 562.000000 23.706539
790.500000 547 23.388031 547.000000 23.388031
791.500000 547 23.388031 547.000000 23.388031
792.500000 591 24.310492 591.000000 24.310492
793.500000 553 23.515952 553.000000 23.515952
794.500000 601 24.515301 601.000000 24.515301
795.500000 585 24.186773 585.000000 24.186773
796.500000 566 23.790755 566.000000 23.790755
797.500000 608 24.657656 608.000000 24.657656
798.500000 533 23.086793 533.000000 23.086793
799.500000 562 23.706539 562.000000 23.706539
800.500000 585 24.186773 585.000000 24.186773
801.500000 566 23.790755 566.000000 23.790755
802.500000 565 23.769729 565.000000 23.769729
803.500000 572 23.916521 572.000000 23.916521
804.500000 504 22.449944 504.000000 22.449944
805.500000 530 23.021729 530.000000 23.021729
806.500000 557 23.600847 557.000000 23.600847
807.500000 495 22.248595 495.000000 22.248595
808.500000 554 23.537205 554.000000 23.537205
809.500000 581 24.103942 581.000000 24.103942
810.500000 540 23.237900 540.000000 23.237900
811.500000 536 23.151674 536.000000 23.151674
812.500000 543 23.302360 543.000000 23.302360
813.500000 511 22.605309 511.000000 22.605309
814.500000 553 23.515952 553.000000 23.515952
815.500000 551 23.473389 551.000000 23.473389
816.500000 540 23.237900 540.000000 23.237900
817.500000 534 23.108440 534.000000 23.108440
818.500000 535 23.130067 535.000000 23.130067
819.500000 542 23.280893 542.000000 23.280893
820.500000 503 22.427661 503.000000 22.427661
821.500000 525 22.912878 525.000000 22.912878
822.500000 557 23.600847 557.000000 23.600847
823.500000 517 22.737634 517.000000 22.737634
824.500000 562 23.706539 562.000000 23.706539
825.500000 533 23.086793 533.000000 23.086793
826.500000 523 22.869193 523.000000 22.869193
827.500000 522 22.847319 522.000000 22.847319
828.500000 490 22.135944 490.000000 22.135944
829.500000 547 23.388031 547.000000 23.388031
830.500000 497 22.293497 497.000000 22.293497
831.500000 566 23.790755 566.000000 23.790755
832.500000 533 23.086793 533.000000 23.086793
833.500000 532 23.065125 532.000000 23.065125
834.500000 501 22.383029 501.000000 22.383029
835.500000 524 22.891046 524.000000 22.891046
836.500000 502 22.405357 502.000000 22.405357
837.500000 493 22.203603 493.000000 22.203603
838.500000 511 22.605309 511.000000 22.605309
839.500000 486 22.045408 486.000000 22.045408
840.500000 559 23.643181 559.000000 23.643181
841.500000 542 23.280893 542.000000 23.280893
842.500000 545 23.345235 545.000000 23.345235
843.500000 504 22.449944 504.000000 22.449944
844.500000 516 22.715633 516.000000 22.715633
845.500000 505 22.472205 505.000000 22.472205
846.500000 517 22.737634 517.000000 22.737634
847.500000 524 22.891046 524.000000 22.891046
848.500000 474 21.771541 474.000000 21.771541
849.500000 481 21.931712 481.000000 21.931712
850.500000 534 23.108440 534.000000 23.108440
851.500000 516 22.715633 516.000000 22.715633
852.500000 505 22.472205 505.000000 22.472205
853.500000 553 23.515952 553.000000 23.515952
854.500000 471 21.702534 471.000000 21.702534
855.500000 488 22.090722 488.000000 22.090722
856.500000 519 22.781571 519.000000 22.781571
857.500000 520 22.803509 520.000000 22.803509
858.500000 510 22.583180 510.000000 22.583180
859.500000 474 21.771541 474.000000 21.771541
860.500000 537 23.173260 537.000000 23.173260
861.500000 523 22.869193 523.000000 22.869193
862.500000 498 22.315914 498.000000 22.315914
863.500000 463 21.517435 463.000000 21.517435
864.500000 488 22.090722 488.000000 22.090722
865.500000 472 21.725561 472.000000 21.725561
866.500000 472 21.725561 472.000000 21.725561
867.500000 504 22.449944 504.000000 22.449944
868.500000 482 21.954498 482.000000 21.954498
869.500000 480 21.908902 480.000000 21.908902
870.500000 480 21.908902 480.000000 21.908902
871.500000 475 21.794495 475.000000 21.794495
872.500000 449 21.189620 449.000000 21.189620
873.500000 486 22.045408 486.000000 22.045408
874.500000 435 20.856654 435.000000 20.856654
875.500000 467 21.610183 467.000000 21.610183
876.500000 432 20.784610 432.000000 20.784610
877.500000 448 21.166010 448.000000 21.166010
878.500000 452 21.260292 452.000000 21.260292
879.500000 429 20.712315 429.000000 20.712315
880.500000 420 20.493902 420.000000 20.493902
881.500000 420 20.493902 420.000000 20.493902
882.500000 417 20.420578 417.000000 20.420578
883.500000 386 19.646883 386.000000 19.646883
884.500000 424 20.591260 424.000000 20.591260
885.500000 450 21.213203 450.000000 21.213203
886.500000 400 20.000000 400.000000 20.000000
887.500000 426 20.639767 426.000000 20.639767
888.500000 386 19.646883 386.000000 19.646883
889.500000 389 19.723083 389.000000 19.723083
890.500000 377 19.416488 377.000000 19.416488
891.500000 391 19.773720 391.000000 19.773720
892.500000 368 19.183326 368.000000 19.183326
893.500000 380 19.493589 380.000000 19.493589
894.500000 373 19.313208 373.000000 19.313208
895.500000 362 19.026298 362.000000 19.026298
896.500000 368 19.183326 368.000000 19.183326
897.500000 345 18.574176 345.000000 18.574176
898.500000 356 18.867962 356.000000 18.867962
899.500000 376 19.390719 376.000000 19.390719
900.500000 352 18.761663 352.000000 18.761663
901.500000 304 17.435596 304.000000 17.435596
902.500000 336 18.330303 336.000000 18.330303
903.500000 347 18.627936 347.000000 18.627936
904.500000 336 18.330303 336.000000 18.330303
905.500000 320 17.888544 320.000000 17.888544
906.500000 288 16.970563 288.000000 16.970563
907.500000 340 18.439089 340.000000 18.439089
908.500000 304 17.435596 304.000000 17.435596
909.500000 266 16.309506 266.000000 16.309506
910.500000 299 17.291616 299.000000 17.291616
911.500000 278 16.673332 278.000000 16.673332
912.500000 320 17.888544 320.000000 17.888544
913.500000 318 17.832555 318.000000 17.832555
914.500000 288 16.970563 288.000000 16.970563
915.500000 305 17.464249 305.000000 17.464249
916.500000 288 16.970563 288.000000 16.970563
917.500000 263 16.217275 263.000000 16.217275
918.500000 285 16.881943 285.000000 16.881943
919.500000 307 17.521415 307.000000 17.521415
920.500000 253 15.905974 253.000000 15.905974
921.500000 286 16.911535 286.000000 16.911535
922.500000 229 15.132746 229.000000 15.132746
923.500000 280 16.733201 280.000000 16.733201
924.500000 290 17.029386 290.000000 17.029386
925.500000 254 15.937377 254.000000 15.937377
926.500000 240 15.491933 240.000000 15.491933
927.500000 248 15.748016 248.000000 15.748016
928.500000 248 15.748016 248.000000 15.748016
929.500000 243 15.588457 243.000000 15.588457
930.500000 216 14.696938 216.000000 14.696938
931.500000 226 15.033296 226.000000 15.033296
932.500000 215 14.662878 215.000000 14.662878
933.500000 225 15.000000 225.000000 15.000000
934.500000 232 15.231546 232.000000 15.231546
935.500000 221 14.866069 221.000000 14.866069
936.500000 227 15.066519 227.000000 15.066519
937.500000 206 14.352700 206.000000 14.352700
938.500000 202 14.212670 202.000000 14.212670
939.500000 204 14.282857 204.000000 14.282857
940.500000 180 13.416408 180.000000 13.416408
941.500000 212 14.560220 212.000000 14.560220
942.500000 206 14.352700 206.000000 14.352700
943.500000 190 13.784049 190.000000 13.784049
944.500000 198 14.071247 198.000000 14.071247
945.500000 195 13.964240 195.000000 13.964240
946.500000 200 14.142136 200.000000 14.142136
947.500000 191 13.820275 191.000000 13.820275
948.500000 182 13.490738 182.000000 13.490738
949.500000 153 12.369317 153.000000 12.369317
950.500000 185 13.601471 185.000000 13.601471
951.500000 184 13.564660 184.000000 13.564660
952.500000 179 13.379088 179.000000 13.379088
953.500000 178 13.341664 178.000000 13.341664
954.500000 205 14.317821 205.000000 14.317821
955.500000 149 12.206556 149.000000 12.206556
956.500000 166 12.884099 166.000000 12.884099
957.500000 154 12.409674 154.000000 12.409674
958.500000 176 13.266499 176.000000 13.266499
959.500000 154 12.409674 154.000000 12.409674
960.500000 176 13.266499 176.000000 13.266499
961.500000 162 12.727922 162.000000 12.727922
962.500000 150 12.247449 150.000000 12.247449
963.500000 142 11.916375 142.000000 11.916375
964.500000 157 12.529964 157.000000 12.529964
965.500000 143 11.958261 143.000000 11.958261
966.500000 141 11.874342 141.000000 11.874342
967.500000 152 12.328828 152.000000 12.328828
968.500000 133 11.532563 133.000000 11.532563
969.500000 119 10.908712 119.000000 10.908712
970.500000 141 11.874342 141.000000 11.874342
971.500000 113 10.630146 113.000000 10.630146
972.500000 121 11.000000 121.000000 11.000000
973.500000 122 11.045361 122.000000 11.045361
974.500000 128 11.313708 128.000000 11.313708
975.500000 129 11.357817 129.000000 11.357817
976.500000 138 11.747340 138.000000 11.747340
977.500000 122 11.045361 122.000000 11.045361
978.500000 118 10.862780 118.000000 10.862780
979.500000 126 11.224972 126.000000 11.224972
980.500000 111 10.535654 111.000000 10.535654
981.500000 122 11.045361 122.000000 11.045361
982.500000 108 10.392305 108.000000 10.392305
983.500000 117 10.816654 117.000000 10.816654
984.500000 96 9.797959 96.000000 9.797959
985.500000 113 10.630146 113.000000 10.630146
986.500000 95 9.746794 95.000000 9.746794
987.500000 113 10.630146 113.000000 10.630146
988.500000 111 10.535654 111.000000 10.535654
989.500000 88 9.380832 88.000000 9.380832
990.500000 92 9.591663 92.000000 9.591663
991.500000 106 10.295630 106.000000 10.295630
992.500000 87 9.327379 87.000000 9.327379
993.500000 109 10.440307 109.000000 10.440307
994.500000 106 10.295630 106.000000 10.295630
995.500000 104 10.198039 104.000000 10.198039
996.500000 94 9.695360 94.000000 9.695360
997.500000 88 9.380832 88.000000 9.380832
998.500000 98 9.899495 98.000000 9.899495
999.500000 88 9.380832 88.000000 9.380832
1000.500000 89 9.433981 89.000000 9.433981
1001.500000 83 9.110434 83.000000 9.110434
1002.500000 77 8.774964 77.000000 8.774964
1003.500000 82 9.055385 82.000000 9.055385
1004.500000 77 8.774964 77.000000 8.774964
1005.500000 76 8.717798 76.000000 8.717798
1006.500000 82 9.055385 82.000000 9.055385
1007.500000 81 9.000000 81.000000 9.000000
1008.500000 64 8.000000 64.000000 8.000000
1009.500000 80 8.944272 80.000000 8.944272
1010.500000 85 9.219544 85.000000 9.219544
1011.500000 84 9.165151 84.000000 9.165151
1012.500000 48 6.928203 48.000000 6.928203
1013.500000 68 8.246211 68.000000 8.246211
1014.500000 73 8.544004 73.000000 8.544004
1015.500000 73 8.544004 73.000000 8.544004
1016.500000 72 8.485281 72.000000 8.485281
1017.500000 66 8.124038 66.000000 8.124038
1018.500000 66 8.124038 66.000000 8.124038
1019.500000 66 8.124038 66.000000 8.124038
1020.500000 59 7.681146 59.000000 7.681146
1021.500000 67 8.185353 67.000000 8.185353
1022.500000 62 7.874008 62.000000 7.874008
1023.500000 66 8.124038 66.000000 8.124038
