# name, dx, fmax, fmax_err, norm_value, norm_vale_err
# 100D_88Y 1 4510 67.15653356152326 1 0
# bin_center, freq, freq_err, norm_freq, norm_freq_err
0.500000 0 0.000000 0.000000 0.000000
1.500000 0 0.000000 0.000000 0.000000
2.500000 11 3.316625 11.000000 3.316625
3.500000 46 6.782330 46.000000 6.782330
4.500000 73 8.544004 73.000000 8.544004
5.500000 105 10.246951 105.000000 10.246951
6.500000 135 11.618950 135.000000 11.618950
7.500000 155 12.449900 155.000000 12.449900
8.500000 221 14.866069 221.000000 14.866069
9.500000 1067 32.664966 1067.000000 32.664966
10.500000 2048 45.254834 2048.000000 45.254834
11.500000 2725 52.201533 2725.000000 52.201533
12.500000 3558 59.648973 3558.000000 59.648973
13.500000 3540 59.497899 3540.000000 59.497899
14.500000 3555 59.623821 3555.000000 59.623821
15.500000 3511 59.253692 3511.000000 59.253692
16.500000 3441 58.660038 3441.000000 58.660038
17.500000 3586 59.883220 3586.000000 59.883220
18.500000 3591 59.924953 3591.000000 59.924953
19.500000 3503 59.186147 3503.000000 59.186147
20.500000 3479 58.983048 3479.000000 58.983048
21.500000 3573 59.774577 3573.000000 59.774577
22.500000 3559 59.657355 3559.000000 59.657355
23.500000 3542 59.514704 3542.000000 59.514704
24.500000 3450 58.736701 3450.000000 58.736701
25.500000 3615 60.124870 3615.000000 60.124870
26.500000 3628 60.232881 3628.000000 60.232881
27.500000 3633 60.274373 3633.000000 60.274373
28.500000 3652 60.431780 3652.000000 60.431780
29.500000 3568 59.732738 3568.000000 59.732738
30.500000 3738 61.139185 3738.000000 61.139185
31.500000 3651 60.423505 3651.000000 60.423505
32.500000 3693 60.770058 3693.000000 60.770058
33.500000 3664 60.530984 3664.000000 60.530984
34.500000 3662 60.514461 3662.000000 60.514461
35.500000 3692 60.761830 3692.000000 60.761830
36.500000 3706 60.876925 3706.000000 60.876925
37.500000 3729 61.065539 3729.000000 61.065539
38.500000 3730 61.073726 3730.000000 61.073726
39.500000 3752 61.253571 3752.000000 61.253571
40.500000 3808 61.708994 3808.000000 61.708994
41.500000 3849 62.040309 3849.000000 62.040309
42.500000 3931 62.697687 3931.000000 62.697687
43.500000 3774 61.432890 3774.000000 61.432890
44.500000 3865 62.169124 3865.000000 62.169124
45.500000 4088 63.937469 4088.000000 63.937469
46.500000 3924 62.641839 3924.000000 62.641839
47.500000 4020 63.403470 4020.000000 63.403470
48.500000 4012 63.340350 4012.000000 63.340350
49.500000 4125 64.226163 4125.000000 64.226163
50.500000 4108 64.093681 4108.000000 64.093681
51.500000 4241 65.122961 4241.000000 65.122961
52.500000 4165 64.536811 4165.000000 64.536811
53.500000 4214 64.915329 4214.000000 64.915329
54.500000 4160 64.498062 4160.000000 64.498062
55.500000 4412 66.422888 4412.000000 66.422888
56.500000 4321 65.734314 4321.000000 65.734314
57.500000 4322 65.741920 4322.000000 65.741920
58.500000 4281 65.429351 4281.000000 65.429351
59.500000 4395 66.294796 4395.000000 66.294796
60.500000 4396 66.302338 4396.000000 66.302338
61.500000 4322 65.741920 4322.000000 65.741920
62.500000 4325 65.764732 4325.000000 65.764732
63.500000 4471 66.865537 4471.000000 66.865537
64.500000 4510 67.156534 4510.000000 67.156534
65.500000 4351 65.962110 4351.000000 65.962110
66.500000 4441 66.640828 4441.000000 66.640828
67.500000 4467 66.835619 4467.000000 66.835619
68.500000 4430 66.558245 4430.000000 66.558245
69.500000 4400 66.332496 4400.000000 66.332496
70.500000 4344 65.909028 4344.000000 65.909028
71.500000 4328 65.787537 4328.000000 65.787537
72.500000 4359 66.022723 4359.000000 66.022723
73.500000 4211 64.892218 4211.000000 64.892218
74.500000 4207 64.861391 4207.000000 64.861391
75.500000 4364 66.060578 4364.000000 66.060578
76.500000 4252 65.207362 4252.000000 65.207362
77.500000 4073 63.820060 4073.000000 63.820060
78.500000 4134 64.296190 4134.000000 64.296190
79.500000 4108 64.093681 4108.000000 64.093681
80.500000 4103 64.054664 4103.000000 64.054664
81.500000 4026 63.450768 4026.000000 63.450768
82.500000 4018 63.387696 4018.000000 63.387696
83.500000 3936 62.737549 3936.000000 62.737549
84.500000 3966 62.976186 3966.000000 62.976186
85.500000 4002 63.261363 4002.000000 63.261363
86.500000 3882 62.305698 3882.000000 62.305698
87.500000 3956 62.896741 3956.000000 62.896741
88.500000 3871 62.217361 3871.000000 62.217361
89.500000 3838 61.951594 3838.000000 61.951594
90.500000 3731 61.081912 3731.000000 61.081912
91.500000 3647 60.390397 3647.000000 60.390397
92.500000 3685 60.704201 3685.000000 60.704201
93.500000 3722 61.008196 3722.000000 61.008196
94.500000 3603 60.024995 3603.000000 60.024995
95.500000 3660 60.497934 3660.000000 60.497934
96.500000 3533 59.439044 3533.000000 59.439044
97.500000 3623 60.191362 3623.000000 60.191362
98.500000 3566 59.715995 3566.000000 59.715995
99.500000 3501 59.169249 3501.000000 59.169249
100.500000 3499 59.152346 3499.000000 59.152346
101.500000 3495 59.118525 3495.000000 59.118525
102.500000 3614 60.116553 3614.000000 60.116553
103.500000 3673 60.605280 3673.000000 60.605280
104.500000 3503 59.186147 3503.000000 59.186147
105.500000 3472 58.923679 3472.000000 58.923679
106.500000 3406 58.360946 3406.000000 58.360946
107.500000 3401 58.318093 3401.000000 58.318093
108.500000 3180 56.391489 3180.000000 56.391489
109.500000 3335 57.749459 3335.000000 57.749459
110.500000 3376 58.103356 3376.000000 58.103356
111.500000 3249 57.000000 3249.000000 57.000000
112.500000 3349 57.870545 3349.000000 57.870545
113.500000 3414 58.429445 3414.000000 58.429445
114.500000 3238 56.903427 3238.000000 56.903427
115.500000 3258 57.078893 3258.000000 57.078893
116.500000 3398 58.292367 3398.000000 58.292367
117.500000 3272 57.201399 3272.000000 57.201399
118.500000 3244 56.956123 3244.000000 56.956123
119.500000 3169 56.293872 3169.000000 56.293872
120.500000 3202 56.586217 3202.000000 56.586217
121.500000 3233 56.859476 3233.000000 56.859476
122.500000 3238 56.903427 3238.000000 56.903427
123.500000 3158 56.196085 3158.000000 56.196085
124.500000 3245 56.964901 3245.000000 56.964901
125.500000 3052 55.244909 3052.000000 55.244909
126.500000 3141 56.044625 3141.000000 56.044625
127.500000 3071 55.416604 3071.000000 55.416604
128.500000 3093 55.614746 3093.000000 55.614746
129.500000 3162 56.231664 3162.000000 56.231664
130.500000 3120 55.856960 3120.000000 55.856960
131.500000 3050 55.226805 3050.000000 55.226805
132.500000 3048 55.208695 3048.000000 55.208695
133.500000 3014 54.899909 3014.000000 54.899909
134.500000 3051 55.235858 3051.000000 55.235858
135.500000 3152 56.142675 3152.000000 56.142675
136.500000 3012 54.881691 3012.000000 54.881691
137.500000 3121 55.865911 3121.000000 55.865911
138.500000 2984 54.626001 2984.000000 54.626001
139.500000 3062 55.335341 3062.000000 55.335341
140.500000 2988 54.662601 2988.000000 54.662601
141.500000 2988 54.662601 2988.000000 54.662601
142.500000 2962 54.424259 2962.000000 54.424259
143.500000 3083 55.524769 3083.000000 55.524769
144.500000 3000 54.772256 3000.000000 54.772256
145.500000 2973 54.525224 2973.000000 54.525224
146.500000 2899 53.842363 2899.000000 53.842363
147.500000 2971 54.506880 2971.000000 54.506880
148.500000 2973 54.525224 2973.000000 54.525224
149.500000 3004 54.808758 3004.000000 54.808758
150.500000 2997 54.744863 2997.000000 54.744863
151.500000 2922 54.055527 2922.000000 54.055527
152.500000 2819 53.094256 2819.000000 53.094256
153.500000 2911 53.953684 2911.000000 53.953684
154.500000 3015 54.909016 3015.000000 54.909016
155.500000 2889 53.749419 2889.000000 53.749419
156.500000 2862 53.497664 2862.000000 53.497664
157.500000 2900 53.851648 2900.000000 53.851648
158.500000 2896 53.814496 2896.000000 53.814496
159.500000 2815 53.056574 2815.000000 53.056574
160.500000 2873 53.600373 2873.000000 53.600373
161.500000 2890 53.758720 2890.000000 53.758720
162.500000 2850 53.385391 2850.000000 53.385391
163.500000 2898 53.833075 2898.000000 53.833075
164.500000 2865 53.525695 2865.000000 53.525695
165.500000 2830 53.197744 2830.000000 53.197744
166.500000 2912 53.962950 2912.000000 53.962950
167.500000 2861 53.488316 2861.000000 53.488316
168.500000 2886 53.721504 2886.000000 53.721504
169.500000 2845 53.338541 2845.000000 53.338541
170.500000 2798 52.896125 2798.000000 52.896125
171.500000 2819 53.094256 2819.000000 53.094256
172.500000 2844 53.329167 2844.000000 53.329167
173.500000 2889 53.749419 2889.000000 53.749419
174.500000 2862 53.497664 2862.000000 53.497664
175.500000 2960 54.405882 2960.000000 54.405882
176.500000 2789 52.810984 2789.000000 52.810984
177.500000 2784 52.763624 2784.000000 52.763624
178.500000 2780 52.725705 2780.000000 52.725705
179.500000 2862 53.497664 2862.000000 53.497664
180.500000 2791 52.829916 2791.000000 52.829916
181.500000 2838 53.272882 2838.000000 53.272882
182.500000 2754 52.478567 2754.000000 52.478567
183.500000 2801 52.924474 2801.000000 52.924474
184.500000 2715 52.105662 2715.000000 52.105662
185.500000 2864 53.516353 2864.000000 53.516353
186.500000 2751 52.449976 2751.000000 52.449976
187.500000 2739 52.335456 2739.000000 52.335456
188.500000 2780 52.725705 2780.000000 52.725705
189.500000 2761 52.545219 2761.000000 52.545219
190.500000 2766 52.592775 2766.000000 52.592775
191.500000 2873 53.600373 2873.000000 53.600373
192.500000 2707 52.028838 2707.000000 52.028838
193.500000 2786 52.782573 2786.000000 52.782573
194.500000 2778 52.706736 2778.000000 52.706736
195.500000 2806 52.971691 2806.000000 52.971691
196.500000 2724 52.191953 2724.000000 52.191953
197.500000 2690 51.865210 2690.000000 51.865210
198.500000 2728 52.230259 2728.000000 52.230259
199.500000 2716 52.115257 2716.000000 52.115257
200.500000 2888 53.740115 2888.000000 53.740115
201.500000 2733 52.278102 2733.000000 52.278102
202.500000 2783 52.754147 2783.000000 52.754147
203.500000 2791 52.829916 2791.000000 52.829916
204.500000 2701 51.971146 2701.000000 51.971146
205.500000 2757 52.507142 2757.000000 52.507142
206.500000 2732 52.268537 2732.000000 52.268537
207.500000 2809 53.000000 2809.000000 53.000000
208.500000 2720 52.153619 2720.000000 52.153619
209.500000 2686 51.826634 2686.000000 51.826634
210.500000 2737 52.316345 2737.000000 52.316345
211.500000 2634 51.322510 2634.000000 51.322510
212.500000 2683 51.797683 2683.000000 51.797683
213.500000 2632 51.303021 2632.000000 51.303021
214.500000 2683 51.797683 2683.000000 51.797683
215.500000 2707 52.028838 2707.000000 52.028838
216.500000 2633 51.312766 2633.000000 51.312766
217.500000 2635 51.332251 2635.000000 51.332251
218.500000 2583 50.823223 2583.000000 50.823223
219.500000 2541 50.408333 2541.000000 50.408333
220.500000 2605 51.039201 2605.000000 51.039201
221.500000 2515 50.149776 2515.000000 50.149776
222.500000 2477 49.769469 2477.000000 49.769469
223.500000 2559 50.586559 2559.000000 50.586559
224.500000 2480 49.799598 2480.000000 49.799598
225.500000 2502 50.019996 2502.000000 50.019996
226.500000 2431 49.305172 2431.000000 49.305172
227.500000 2366 48.641546 2366.000000 48.641546
228.500000 2381 48.795492 2381.000000 48.795492
229.500000 2314 48.104054 2314.000000 48.104054
230.500000 2399 48.979588 2399.000000 48.979588
231.500000 2299 47.947888 2299.000000 47.947888
232.500000 2325 48.218254 2325.000000 48.218254
233.500000 2272 47.665501 2272.000000 47.665501
234.500000 2243 47.360321 2243.000000 47.360321
235.500000 2222 47.138095 2222.000000 47.138095
236.500000 2248 47.413078 2248.000000 47.413078
237.500000 2114 45.978256 2114.000000 45.978256
238.500000 2189 46.786750 2189.000000 46.786750
239.500000 2117 46.010868 2117.000000 46.010868
240.500000 2026 45.011110 2026.000000 45.011110
241.500000 2091 45.727453 2091.000000 45.727453
242.500000 2022 44.966654 2022.000000 44.966654
243.500000 2115 45.989129 2115.000000 45.989129
244.500000 2060 45.387223 2060.000000 45.387223
245.500000 2017 44.911023 2017.000000 44.911023
246.500000 2008 44.810713 2008.000000 44.810713
247.500000 1969 44.373415 1969.000000 44.373415
248.500000 1981 44.508426 1981.000000 44.508426
249.500000 1986 44.564560 1986.000000 44.564560
250.500000 2010 44.833024 2010.000000 44.833024
251.500000 1935 43.988635 1935.000000 43.988635
252.500000 1929 43.920383 1929.000000 43.920383
253.500000 1942 44.068129 1942.000000 44.068129
254.500000 1934 43.977267 1934.000000 43.977267
255.500000 1986 44.564560 1986.000000 44.564560
256.500000 1996 44.676616 1996.000000 44.676616
257.500000 1935 43.988635 1935.000000 43.988635
258.500000 1992 44.631827 1992.000000 44.631827
259.500000 2065 45.442271 2065.000000 45.442271
260.500000 1946 44.113490 1946.000000 44.113490
261.500000 2039 45.155288 2039.000000 45.155288
262.500000 1997 44.687806 1997.000000 44.687806
263.500000 2074 45.541190 2074.000000 45.541190
264.500000 2124 46.086874 2124.000000 46.086874
265.500000 2082 45.628938 2082.000000 45.628938
266.500000 2190 46.797436 2190.000000 46.797436
267.500000 2064 45.431267 2064.000000 45.431267
268.500000 2139 46.249324 2139.000000 46.249324
269.500000 2156 46.432747 2156.000000 46.432747
270.500000 2106 45.891176 2106.000000 45.891176
271.500000 2247 47.402532 2247.000000 47.402532
272.500000 2221 47.127487 2221.000000 47.127487
273.500000 2245 47.381431 2245.000000 47.381431
274.500000 2236 47.286362 2236.000000 47.286362
275.500000 2161 46.486557 2161.000000 46.486557
276.500000 2235 47.275787 2235.000000 47.275787
277.500000 2425 49.244289 2425.000000 49.244289
278.500000 2401 49.000000 2401.000000 49.000000
279.500000 2429 49.284886 2429.000000 49.284886
280.500000 2437 49.365980 2437.000000 49.365980
281.500000 2327 48.238988 2327.000000 48.238988
282.500000 2386 48.846699 2386.000000 48.846699
283.500000 2455 49.547957 2455.000000 49.547957
284.500000 2463 49.628621 2463.000000 49.628621
285.500000 2469 49.689033 2469.000000 49.689033
286.500000 2495 49.949975 2495.000000 49.949975
287.500000 2531 50.309045 2531.000000 50.309045
288.500000 2554 50.537115 2554.000000 50.537115
289.500000 2578 50.774009 2578.000000 50.774009
290.500000 2432 49.315312 2432.000000 49.315312
291.500000 2516 50.159745 2516.000000 50.159745
292.500000 2523 50.229473 2523.000000 50.229473
293.500000 2512 50.119856 2512.000000 50.119856
294.500000 2464 49.638695 2464.000000 49.638695
295.500000 2521 50.209561 2521.000000 50.209561
296.500000 2508 50.079936 2508.000000 50.079936
297.500000 2413 49.122296 2413.000000 49.122296
298.500000 2445 49.446941 2445.000000 49.446941
299.500000 2398 48.969378 2398.000000 48.969378
300.500000 2465 49.648766 2465.000000 49.648766
301.500000 2404 49.030603 2404.000000 49.030603
302.500000 2302 47.979162 2302.000000 47.979162
303.500000 2181 46.701178 2181.000000 46.701178
304.500000 2373 48.713448 2373.000000 48.713448
305.500000 2234 47.265209 2234.000000 47.265209
306.500000 2211 47.021272 2211.000000 47.021272
307.500000 2251 47.444705 2251.000000 47.444705
308.500000 2232 47.244047 2232.000000 47.244047
309.500000 2166 46.540305 2166.000000 46.540305
310.500000 2084 45.650849 2084.000000 45.650849
311.500000 2115 45.989129 2115.000000 45.989129
312.500000 2108 45.912961 2108.000000 45.912961
313.500000 2075 45.552168 2075.000000 45.552168
314.500000 2073 45.530210 2073.000000 45.530210
315.500000 1953 44.192760 1953.000000 44.192760
316.500000 1925 43.874822 1925.000000 43.874822
317.500000 1819 42.649736 1819.000000 42.649736
318.500000 1874 43.289722 1874.000000 43.289722
319.500000 1870 43.243497 1870.000000 43.243497
320.500000 1841 42.906876 1841.000000 42.906876
321.500000 1780 42.190046 1780.000000 42.190046
322.500000 1809 42.532341 1809.000000 42.532341
323.500000 1789 42.296572 1789.000000 42.296572
324.500000 1681 41.000000 1681.000000 41.000000
325.500000 1734 41.641326 1734.000000 41.641326
326.500000 1742 41.737274 1742.000000 41.737274
327.500000 1701 41.243181 1701.000000 41.243181
328.500000 1734 41.641326 1734.000000 41.641326
329.500000 1665 40.804412 1665.000000 40.804412
330.500000 1633 40.410395 1633.000000 40.410395
331.500000 1599 39.987498 1599.000000 39.987498
332.500000 1576 39.698866 1576.000000 39.698866
333.500000 1522 39.012818 1522.000000 39.012818
334.500000 1645 40.558600 1645.000000 40.558600
335.500000 1504 38.781439 1504.000000 38.781439
336.500000 1494 38.652296 1494.000000 38.652296
337.500000 1535 39.179076 1535.000000 39.179076
338.500000 1494 38.652296 1494.000000 38.652296
339.500000 1431 37.828561 1431.000000 37.828561
340.500000 1409 37.536649 1409.000000 37.536649
341.500000 1434 37.868192 1434.000000 37.868192
342.500000 1466 38.288379 1466.000000 38.288379
343.500000 1431 37.828561 1431.000000 37.828561
344.500000 1471 38.353618 1471.000000 38.353618
345.500000 1370 37.013511 1370.000000 37.013511
346.500000 1298 36.027767 1298.000000 36.027767
347.500000 1398 37.389838 1398.000000 37.389838
348.500000 1328 36.441734 1328.000000 36.441734
349.500000 1358 36.851052 1358.000000 36.851052
350.500000 1309 36.180105 1309.000000 36.180105
351.500000 1262 35.524639 1262.000000 35.524639
352.500000 1292 35.944402 1292.000000 35.944402
353.500000 1254 35.411862 1254.000000 35.411862
354.500000 1233 35.114100 1233.000000 35.114100
355.500000 1219 34.914181 1219.000000 34.914181
356.500000 1233 35.114100 1233.000000 35.114100
357.500000 1255 35.425979 1255.000000 35.425979
358.500000 1227 35.028560 1227.000000 35.028560
359.500000 1180 34.351128 1180.000000 34.351128
360.500000 1220 34.928498 1220.000000 34.928498
361.500000 1222 34.957117 1222.000000 34.957117
362.500000 1186 34.438351 1186.000000 34.438351
363.500000 1242 35.242020 1242.000000 35.242020
364.500000 1116 33.406586 1116.000000 33.406586
365.500000 1160 34.058773 1160.000000 34.058773
366.500000 1173 34.249088 1173.000000 34.249088
367.500000 1168 34.176015 1168.000000 34.176015
368.500000 1121 33.481338 1121.000000 33.481338
369.500000 1108 33.286634 1108.000000 33.286634
370.500000 1071 32.726136 1071.000000 32.726136
371.500000 1145 33.837849 1145.000000 33.837849
372.500000 1090 33.015148 1090.000000 33.015148
373.500000 1116 33.406586 1116.000000 33.406586
374.500000 1087 32.969683 1087.000000 32.969683
375.500000 1004 31.685959 1004.000000 31.685959
376.500000 1060 32.557641 1060.000000 32.557641
377.500000 1038 32.218007 1038.000000 32.218007
378.500000 992 31.496031 992.000000 31.496031
379.500000 1053 32.449961 1053.000000 32.449961
380.500000 1035 32.171416 1035.000000 32.171416
381.500000 1049 32.388269 1049.000000 32.388269
382.500000 1036 32.186954 1036.000000 32.186954
383.500000 952 30.854497 952.000000 30.854497
384.500000 1017 31.890437 1017.000000 31.890437
385.500000 1046 32.341923 1046.000000 32.341923
386.500000 975 31.224990 975.000000 31.224990
387.500000 993 31.511903 993.000000 31.511903
388.500000 996 31.559468 996.000000 31.559468
389.500000 962 31.016125 962.000000 31.016125
390.500000 1046 32.341923 1046.000000 32.341923
391.500000 964 31.048349 964.000000 31.048349
392.500000 1018 31.906112 1018.000000 31.906112
393.500000 967 31.096624 967.000000 31.096624
394.500000 1006 31.717503 1006.000000 31.717503
395.500000 1025 32.015621 1025.000000 32.015621
396.500000 970 31.144823 970.000000 31.144823
397.500000 948 30.789609 948.000000 30.789609
398.500000 1005 31.701735 1005.000000 31.701735
399.500000 970 31.144823 970.000000 31.144823
400.500000 985 31.384710 985.000000 31.384710
401.500000 949 30.805844 949.000000 30.805844
402.500000 964 31.048349 964.000000 31.048349
403.500000 1012 31.811947 1012.000000 31.811947
404.500000 1058 32.526912 1058.000000 32.526912
405.500000 1012 31.811947 1012.000000 31.811947
406.500000 992 31.496031 992.000000 31.496031
407.500000 1003 31.670175 1003.000000 31.670175
408.500000 979 31.288976 979.000000 31.288976
409.500000 989 31.448370 989.000000 31.448370
410.500000 992 31.496031 992.000000 31.496031
411.500000 1009 31.764760 1009.000000 31.764760
412.500000 965 31.064449 965.000000 31.064449
413.500000 1025 32.015621 1025.000000 32.015621
414.500000 1013 31.827661 1013.000000 31.827661
415.500000 990 31.464265 990.000000 31.464265
416.500000 935 30.577770 935.000000 30.577770
417.500000 968 31.112698 968.000000 31.112698
418.500000 999 31.606961 999.000000 31.606961
419.500000 981 31.320920 981.000000 31.320920
420.500000 924 30.397368 924.000000 30.397368
421.500000 953 30.870698 953.000000 30.870698
422.500000 960 30.983867 960.000000 30.983867
423.500000 991 31.480152 991.000000 31.480152
424.500000 937 30.610456 937.000000 30.610456
425.500000 987 31.416556 987.000000 31.416556
426.500000 905 30.083218 905.000000 30.083218
427.500000 1010 31.780497 1010.000000 31.780497
428.500000 959 30.967725 959.000000 30.967725
429.500000 913 30.215890 913.000000 30.215890
430.500000 1013 31.827661 1013.000000 31.827661
431.500000 988 31.432467 988.000000 31.432467
432.500000 986 31.400637 986.000000 31.400637
433.500000 1008 31.749016 1008.000000 31.749016
434.500000 974 31.208973 974.000000 31.208973
435.500000 939 30.643107 939.000000 30.643107
436.500000 968 31.112698 968.000000 31.112698
437.500000 992 31.496031 992.000000 31.496031
438.500000 985 31.384710 985.000000 31.384710
439.500000 973 31.192948 973.000000 31.192948
440.500000 940 30.659419 940.000000 30.659419
441.500000 1008 31.749016 1008.000000 31.749016
442.500000 945 30.740852 945.000000 30.740852
443.500000 996 31.559468 996.000000 31.559468
444.500000 960 30.983867 960.000000 30.983867
445.500000 936 30.594117 936.000000 30.594117
446.500000 944 30.724583 944.000000 30.724583
447.500000 1009 31.764760 1009.000000 31.764760
448.500000 1020 31.937439 1020.000000 31.937439
449.500000 932 30.528675 932.000000 30.528675
450.500000 990 31.464265 990.000000 31.464265
451.500000 980 31.304952 980.000000 31.304952
452.500000 951 30.838288 951.000000 30.838288
453.500000 954 30.886890 954.000000 30.886890
454.500000 928 30.463092 928.000000 30.463092
455.500000 965 31.064449 965.000000 31.064449
456.500000 933 30.545049 933.000000 30.545049
457.500000 960 30.983867 960.000000 30.983867
458.500000 943 30.708305 943.000000 30.708305
459.500000 946 30.757113 946.000000 30.757113
460.500000 940 30.659419 940.000000 30.659419
461.500000 1042 32.280025 1042.000000 32.280025
462.500000 951 30.838288 951.000000 30.838288
463.500000 958 30.951575 958.000000 30.951575
464.500000 950 30.822070 950.000000 30.822070
465.500000 994 31.527766 994.000000 31.527766
466.500000 901 30.016662 901.000000 30.016662
467.500000 937 30.610456 937.000000 30.610456
468.500000 934 30.561414 934.000000 30.561414
469.500000 949 30.805844 949.000000 30.805844
470.500000 914 30.232433 914.000000 30.232433
471.500000 926 30.430248 926.000000 30.430248
472.500000 960 30.983867 960.000000 30.983867
473.500000 917 30.282008 917.000000 30.282008
474.500000 945 30.740852 945.000000 30.740852
475.500000 906 30.099834 906.000000 30.099834
476.500000 932 30.528675 932.000000 30.528675
477.500000 947 30.773365 947.000000 30.773365
478.500000 913 30.215890 913.000000 30.215890
479.500000 991 31.480152 991.000000 31.480152
480.500000 934 30.561414 934.000000 30.561414
481.500000 952 30.854497 952.000000 30.854497
482.500000 929 30.479501 929.000000 30.479501
483.500000 935 30.577770 935.000000 30.577770
484.500000 924 30.397368 924.000000 30.397368
485.500000 951 30.838288 951.000000 30.838288
486.500000 960 30.983867 960.000000 30.983867
487.500000 914 30.232433 914.000000 30.232433
488.500000 921 30.347982 921.000000 30.347982
489.500000 939 30.643107 939.000000 30.643107
490.500000 935 30.577770 935.000000 30.577770
491.500000 933 30.545049 933.000000 30.545049
492.500000 940 30.659419 940.000000 30.659419
493.500000 924 30.397368 924.000000 30.397368
494.500000 873 29.546573 873.000000 29.546573
495.500000 892 29.866369 892.000000 29.866369
496.500000 877 29.614186 877.000000 29.614186
497.500000 812 28.495614 812.000000 28.495614
498.500000 892 29.866369 892.000000 29.866369
499.500000 883 29.715316 883.000000 29.715316
500.500000 856 29.257478 856.000000 29.257478
501.500000 875 29.580399 875.000000 29.580399
502.500000 863 29.376862 863.000000 29.376862
503.500000 892 29.866369 892.000000 29.866369
504.500000 822 28.670542 822.000000 28.670542
505.500000 845 29.068884 845.000000 29.068884
506.500000 795 28.195744 795.000000 28.195744
507.500000 816 28.565714 816.000000 28.565714
508.500000 834 28.879058 834.000000 28.879058
509.500000 868 29.461840 868.000000 29.461840
510.500000 766 27.676705 766.000000 27.676705
511.500000 770 27.748874 770.000000 27.748874
512.500000 807 28.407745 807.000000 28.407745
513.500000 784 28.000000 784.000000 28.000000
514.500000 810 28.460499 810.000000 28.460499
515.500000 860 29.325757 860.000000 29.325757
516.500000 774 27.820855 774.000000 27.820855
517.500000 773 27.802878 773.000000 27.802878
518.500000 735 27.110883 735.000000 27.110883
519.500000 683 26.134269 683.000000 26.134269
520.500000 708 26.608269 708.000000 26.608269
521.500000 724 26.907248 724.000000 26.907248
522.500000 716 26.758176 716.000000 26.758176
523.500000 737 27.147744 737.000000 27.147744
524.500000 722 26.870058 722.000000 26.870058
525.500000 711 26.664583 711.000000 26.664583
526.500000 690 26.267851 690.000000 26.267851
527.500000 699 26.438608 699.000000 26.438608
528.500000 688 26.229754 688.000000 26.229754
529.500000 701 26.476405 701.000000 26.476405
530.500000 682 26.115130 682.000000 26.115130
531.500000 667 25.826343 667.000000 25.826343
532.500000 673 25.942244 673.000000 25.942244
533.500000 636 25.219040 636.000000 25.219040
534.500000 657 25.632011 657.000000 25.632011
535.500000 663 25.748786 663.000000 25.748786
536.500000 683 26.134269 683.000000 26.134269
537.500000 630 25.099801 630.000000 25.099801
538.500000 696 26.381812 696.000000 26.381812
539.500000 669 25.865034 669.000000 25.865034
540.500000 668 25.845696 668.000000 25.845696
541.500000 667 25.826343 667.000000 25.826343
542.500000 643 25.357445 643.000000 25.357445
543.500000 648 25.455844 648.000000 25.455844
544.500000 674 25.961510 674.000000 25.961510
545.500000 665 25.787594 665.000000 25.787594
546.500000 687 26.210685 687.000000 26.210685
547.500000 636 25.219040 636.000000 25.219040
548.500000 670 25.884358 670.000000 25.884358
549.500000 702 26.495283 702.000000 26.495283
550.500000 666 25.806976 666.000000 25.806976
551.500000 647 25.436195 647.000000 25.436195
552.500000 666 25.806976 666.000000 25.806976
553.500000 661 25.709920 661.000000 25.709920
554.500000 625 25.000000 625.000000 25.000000
555.500000 723 26.888659 723.000000 26.888659
556.500000 661 25.709920 661.000000 25.709920
557.500000 624 24.979992 624.000000 24.979992
558.500000 640 25.298221 640.000000 25.298221
559.500000 650 25.495098 650.000000 25.495098
560.500000 646 25.416530 646.000000 25.416530
561.500000 658 25.651511 658.000000 25.651511
562.500000 655 25.592968 655.000000 25.592968
563.500000 669 25.865034 669.000000 25.865034
564.500000 611 24.718414 611.000000 24.718414
565.500000 653 25.553865 653.000000 25.553865
566.500000 670 25.884358 670.000000 25.884358
567.500000 621 24.919872 621.000000 24.919872
568.500000 644 25.377155 644.000000 25.377155
569.500000 646 25.416530 646.000000 25.416530
570.500000 601 24.515301 601.000000 24.515301
571.500000 616 24.819347 616.000000 24.819347
572.500000 656 25.612497 656.000000 25.612497
573.500000 637 25.238859 637.000000 25.238859
574.500000 645 25.396850 645.000000 25.396850
575.500000 611 24.718414 611.000000 24.718414
576.500000 584 24.166092 584.000000 24.166092
577.500000 598 24.454039 598.000000 24.454039
578.500000 569 23.853721 569.000000 23.853721
579.500000 652 25.534291 652.000000 25.534291
580.500000 563 23.727621 563.000000 23.727621
581.500000 652 25.534291 652.000000 25.534291
582.500000 587 24.228083 587.000000 24.228083
583.500000 528 22.978251 528.000000 22.978251
584.500000 595 24.392622 595.000000 24.392622
585.500000 548 23.409400 548.000000 23.409400
586.500000 575 23.979158 575.000000 23.979158
587.500000 543 23.302360 543.000000 23.302360
588.500000 537 23.173260 537.000000 23.173260
589.500000 561 23.685439 561.000000 23.685439
590.500000 565 23.769729 565.000000 23.769729
591.500000 550 23.452079 550.000000 23.452079
592.500000 518 22.759613 518.000000 22.759613
593.500000 539 23.216374 539.000000 23.216374
594.500000 545 23.345235 545.000000 23.345235
595.500000 520 22.803509 520.000000 22.803509
596.500000 481 21.931712 481.000000 21.931712
597.500000 495 22.248595 495.000000 22.248595
598.500000 481 21.931712 481.000000 21.931712
599.500000 499 22.338308 499.000000 22.338308
600.500000 462 21.494185 462.000000 21.494185
601.500000 485 22.022716 485.000000 22.022716
602.500000 460 21.447611 460.000000 21.447611
603.500000 464 21.540659 464.000000 21.540659
604.500000 414 20.346990 414.000000 20.346990
605.500000 448 21.166010 448.000000 21.166010
606.500000 439 20.952327 439.000000 20.952327
607.500000 478 21.863211 478.000000 21.863211
608.500000 474 21.771541 474.000000 21.771541
609.500000 467 21.610183 467.000000 21.610183
610.500000 462 21.494185 462.000000 21.494185
611.500000 432 20.784610 432.000000 20.784610
612.500000 414 20.346990 414.000000 20.346990
613.500000 435 20.856654 435.000000 20.856654
614.500000 397 19.924859 397.000000 19.924859
615.500000 412 20.297783 412.000000 20.297783
616.500000 408 20.199010 408.000000 20.199010
617.500000 402 20.049938 402.000000 20.049938
618.500000 439 20.952327 439.000000 20.952327
619.500000 426 20.639767 426.000000 20.639767
620.500000 403 20.074860 403.000000 20.074860
621.500000 404 20.099751 404.000000 20.099751
622.500000 374 19.339080 374.000000 19.339080
623.500000 393 19.824228 393.000000 19.824228
624.500000 413 20.322401 413.000000 20.322401
625.500000 424 20.591260 424.000000 20.591260
626.500000 426 20.639767 426.000000 20.639767
627.500000 420 20.493902 420.000000 20.493902
628.500000 375 19.364917 375.000000 19.364917
629.500000 403 20.074860 403.000000 20.074860
630.500000 379 19.467922 379.000000 19.467922
631.500000 361 19.000000 361.000000 19.000000
632.500000 364 19.078784 364.000000 19.078784
633.500000 374 19.339080 374.000000 19.339080
634.500000 360 18.973666 360.000000 18.973666
635.500000 366 19.131126 366.000000 19.131126
636.500000 380 19.493589 380.000000 19.493589
637.500000 354 18.814888 354.000000 18.814888
638.500000 372 19.287302 372.000000 19.287302
639.500000 379 19.467922 379.000000 19.467922
640.500000 336 18.330303 336.000000 18.330303
641.500000 339 18.411953 339.000000 18.411953
642.500000 368 19.183326 368.000000 19.183326
643.500000 346 18.601075 346.000000 18.601075
644.500000 385 19.621417 385.000000 19.621417
645.500000 319 17.860571 319.000000 17.860571
646.500000 318 17.832555 318.000000 17.832555
647.500000 335 18.303005 335.000000 18.303005
648.500000 359 18.947295 359.000000 18.947295
649.500000 346 18.601075 346.000000 18.601075
650.500000 325 18.027756 325.000000 18.027756
651.500000 320 17.888544 320.000000 17.888544
652.500000 324 18.000000 324.000000 18.000000
653.500000 320 17.888544 320.000000 17.888544
654.500000 308 17.549929 308.000000 17.549929
655.500000 308 17.549929 308.000000 17.549929
656.500000 334 18.275667 334.000000 18.275667
657.500000 308 17.549929 308.000000 17.549929
658.500000 326 18.055470 326.000000 18.055470
659.500000 302 17.378147 302.000000 17.378147
660.500000 309 17.578396 309.000000 17.578396
661.500000 293 17.117243 293.000000 17.117243
662.500000 302 17.378147 302.000000 17.378147
663.500000 303 17.406895 303.000000 17.406895
664.500000 287 16.941074 287.000000 16.941074
665.500000 330 18.165902 330.000000 18.165902
666.500000 302 17.378147 302.000000 17.378147
667.500000 301 17.349352 301.000000 17.349352
668.500000 299 17.291616 299.000000 17.291616
669.500000 297 17.233688 297.000000 17.233688
670.500000 279 16.703293 279.000000 16.703293
671.500000 293 17.117243 293.000000 17.117243
672.500000 275 16.583124 275.000000 16.583124
673.500000 279 16.703293 279.000000 16.703293
674.500000 276 16.613248 276.000000 16.613248
675.500000 268 16.370706 268.000000 16.370706
676.500000 263 16.217275 263.000000 16.217275
677.500000 278 16.673332 278.000000 16.673332
678.500000 287 16.941074 287.000000 16.941074
679.500000 244 15.620499 244.000000 15.620499
680.500000 266 16.309506 266.000000 16.309506
681.500000 260 16.124515 260.000000 16.124515
682.500000 259 16.093477 259.000000 16.093477
683.500000 244 15.620499 244.000000 15.620499
684.500000 244 15.620499 244.000000 15.620499
685.500000 231 15.198684 231.000000 15.198684
686.500000 245 15.652476 245.000000 15.652476
687.500000 228 15.099669 228.000000 15.099669
688.500000 250 15.811388 250.000000 15.811388
689.500000 220 14.832397 220.000000 14.832397
690.500000 235 15.329710 235.000000 15.329710
691.500000 256 16.000000 256.000000 16.000000
692.500000 192 13.856406 192.000000 13.856406
693.500000 214 14.628739 214.000000 14.628739
694.500000 236 15.362291 236.000000 15.362291
695.500000 219 14.798649 219.000000 14.798649
696.500000 229 15.132746 229.000000 15.132746
697.500000 202 14.212670 202.000000 14.212670
698.500000 266 16.309506 266.000000 16.309506
699.500000 214 14.628739 214.000000 14.628739
700.500000 234 15.297059 234.000000 15.297059
701.500000 214 14.628739 214.000000 14.628739
702.500000 224 14.966630 224.000000 14.966630
703.500000 171 13.076697 171.000000 13.076697
704.500000 210 14.491377 210.000000 14.491377
705.500000 206 14.352700 206.000000 14.352700
706.500000 202 14.212670 202.000000 14.212670
707.500000 210 14.491377 210.000000 14.491377
708.500000 212 14.560220 212.000000 14.560220
709.500000 199 14.106736 199.000000 14.106736
710.500000 214 14.628739 214.000000 14.628739
711.500000 199 14.106736 199.000000 14.106736
712.500000 193 13.892444 193.000000 13.892444
713.500000 177 13.304135 177.000000 13.304135
714.500000 183 13.527749 183.000000 13.527749
715.500000 176 13.266499 176.000000 13.266499
716.500000 171 13.076697 171.000000 13.076697
717.500000 178 13.341664 178.000000 13.341664
718.500000 166 12.884099 166.000000 12.884099
719.500000 188 13.711309 188.000000 13.711309
720.500000 177 13.304135 177.000000 13.304135
721.500000 186 13.638182 186.000000 13.638182
722.500000 185 13.601471 185.000000 13.601471
723.500000 167 12.922848 167.000000 12.922848
724.500000 170 13.038405 170.000000 13.038405
725.500000 181 13.453624 181.000000 13.453624
726.500000 176 13.266499 176.000000 13.266499
727.500000 156 12.489996 156.000000 12.489996
728.500000 157 12.529964 157.000000 12.529964
729.500000 169 13.000000 169.000000 13.000000
730.500000 153 12.369317 153.000000 12.369317
731.500000 158 12.569805 158.000000 12.569805
732.500000 128 11.313708 128.000000 11.313708
733.500000 177 13.304135 177.000000 13.304135
734.500000 163 12.767145 163.000000 12.767145
735.500000 167 12.922848 167.000000 12.922848
736.500000 174 13.190906 174.000000 13.190906
737.500000 141 11.874342 141.000000 11.874342
738.500000 175 13.228757 175.000000 13.228757
739.500000 163 12.767145 163.000000 12.767145
740.500000 160 12.649111 160.000000 12.649111
741.500000 153 12.369317 153.000000 12.369317
742.500000 158 12.569805 158.000000 12.569805
743.500000 168 12.961481 168.000000 12.961481
744.500000 131 11.445523 131.000000 11.445523
745.500000 164 12.806248 164.000000 12.806248
746.500000 155 12.449900 155.000000 12.449900
747.500000 144 12.000000 144.000000 12.000000
748.500000 163 12.767145 163.000000 12.767145
749.500000 141 11.874342 141.000000 11.874342
750.500000 169 13.000000 169.000000 13.000000
751.500000 160 12.649111 160.000000 12.649111
752.500000 145 12.041595 145.000000 12.041595
753.500000 134 11.575837 134.000000 11.575837
754.500000 145 12.041595 145.000000 12.041595
755.500000 153 12.369317 153.000000 12.369317
756.500000 153 12.369317 153.000000 12.369317
757.500000 138 11.747340 138.000000 11.747340
758.500000 132 11.489125 132.000000 11.489125
759.500000 140 11.832160 140.000000 11.832160
760.500000 146 12.083046 146.000000 12.083046
761.500000 142 11.916375 142.000000 11.916375
762.500000 156 12.489996 156.000000 12.489996
763.500000 137 11.704700 137.000000 11.704700
764.500000 129 11.357817 129.000000 11.357817
765.500000 140 11.832160 140.000000 11.832160
766.500000 144 12.000000 144.000000 12.000000
767.500000 147 12.124356 147.000000 12.124356
768.500000 145 12.041595 145.000000 12.041595
769.500000 143 11.958261 143.000000 11.958261
770.500000 132 11.489125 132.000000 11.489125
771.500000 132 11.489125 132.000000 11.489125
772.500000 138 11.747340 138.000000 11.747340
773.500000 141 11.874342 141.000000 11.874342
774.500000 141 11.874342 141.000000 11.874342
775.500000 140 11.832160 140.000000 11.832160
776.500000 120 10.954451 120.000000 10.954451
777.500000 137 11.704700 137.000000 11.704700
778.500000 144 12.000000 144.000000 12.000000
779.500000 151 12.288206 151.000000 12.288206
780.500000 136 11.661904 136.000000 11.661904
781.500000 129 11.357817 129.000000 11.357817
782.500000 117 10.816654 117.000000 10.816654
783.500000 135 11.618950 135.000000 11.618950
784.500000 120 10.954451 120.000000 10.954451
785.500000 142 11.916375 142.000000 11.916375
786.500000 143 11.958261 143.000000 11.958261
787.500000 119 10.908712 119.000000 10.908712
788.500000 126 11.224972 126.000000 11.224972
789.500000 124 11.135529 124.000000 11.135529
790.500000 124 11.135529 124.000000 11.135529
791.500000 99 9.949874 99.000000 9.949874
792.500000 111 10.535654 111.000000 10.535654
793.500000 123 11.090537 123.000000 11.090537
794.500000 104 10.198039 104.000000 10.198039
795.500000 107 10.344080 107.000000 10.344080
796.500000 127 11.269428 127.000000 11.269428
797.500000 123 11.090537 123.000000 11.090537
798.500000 122 11.045361 122.000000 11.045361
799.500000 108 10.392305 108.000000 10.392305
800.500000 132 11.489125 132.000000 11.489125
801.500000 120 10.954451 120.000000 10.954451
802.500000 128 11.313708 128.000000 11.313708
803.500000 127 11.269428 127.000000 11.269428
804.500000 114 10.677078 114.000000 10.677078
805.500000 126 11.224972 126.000000 11.224972
806.500000 127 11.269428 127.000000 11.269428
807.500000 121 11.000000 121.000000 11.000000
808.500000 105 10.246951 105.000000 10.246951
809.500000 134 11.575837 134.000000 11.575837
810.500000 119 10.908712 119.000000 10.908712
811.500000 118 10.862780 118.000000 10.862780
812.500000 122 11.045361 122.000000 11.045361
813.500000 116 10.770330 116.000000 10.770330
814.500000 138 11.747340 138.000000 11.747340
815.500000 134 11.575837 134.000000 11.575837
816.500000 112 10.583005 112.000000 10.583005
817.500000 107 10.344080 107.000000 10.344080
818.500000 117 10.816654 117.000000 10.816654
819.500000 116 10.770330 116.000000 10.770330
820.500000 104 10.198039 104.000000 10.198039
821.500000 107 10.344080 107.000000 10.344080
822.500000 117 10.816654 117.000000 10.816654
823.500000 134 11.575837 134.000000 11.575837
824.500000 119 10.908712 119.000000 10.908712
825.500000 102 10.099505 102.000000 10.099505
826.500000 95 9.746794 95.000000 9.746794
827.500000 104 10.198039 104.000000 10.198039
828.500000 112 10.583005 112.000000 10.583005
829.500000 120 10.954451 120.000000 10.954451
830.500000 116 10.770330 116.000000 10.770330
831.500000 106 10.295630 106.000000 10.295630
832.500000 105 10.246951 105.000000 10.246951
833.500000 118 10.862780 118.000000 10.862780
834.500000 108 10.392305 108.000000 10.392305
835.500000 106 10.295630 106.000000 10.295630
836.500000 111 10.535654 111.000000 10.535654
837.500000 121 11.000000 121.000000 11.000000
838.500000 111 10.535654 111.000000 10.535654
839.500000 114 10.677078 114.000000 10.677078
840.500000 93 9.643651 93.000000 9.643651
841.500000 102 10.099505 102.000000 10.099505
842.500000 108 10.392305 108.000000 10.392305
843.500000 118 10.862780 118.000000 10.862780
844.500000 116 10.770330 116.000000 10.770330
845.500000 116 10.770330 116.000000 10.770330
846.500000 100 10.000000 100.000000 10.000000
847.500000 120 10.954451 120.000000 10.954451
848.500000 121 11.000000 121.000000 11.000000
849.500000 90 9.486833 90.000000 9.486833
850.500000 118 10.862780 118.000000 10.862780
851.500000 88 9.380832 88.000000 9.380832
852.500000 89 9.433981 89.000000 9.433981
853.500000 100 10.000000 100.000000 10.000000
854.500000 109 10.440307 109.000000 10.440307
855.500000 93 9.643651 93.000000 9.643651
856.500000 103 10.148892 103.000000 10.148892
857.500000 104 10.198039 104.000000 10.198039
858.500000 105 10.246951 105.000000 10.246951
859.500000 98 9.899495 98.000000 9.899495
860.500000 81 9.000000 81.000000 9.000000
861.500000 107 10.344080 107.000000 10.344080
862.500000 99 9.949874 99.000000 9.949874
863.500000 102 10.099505 102.000000 10.099505
864.500000 100 10.000000 100.000000 10.000000
865.500000 92 9.591663 92.000000 9.591663
866.500000 99 9.949874 99.000000 9.949874
867.500000 111 10.535654 111.000000 10.535654
868.500000 119 10.908712 119.000000 10.908712
869.500000 96 9.797959 96.000000 9.797959
870.500000 99 9.949874 99.000000 9.949874
871.500000 110 10.488088 110.000000 10.488088
872.500000 100 10.000000 100.000000 10.000000
873.500000 105 10.246951 105.000000 10.246951
874.500000 79 8.888194 79.000000 8.888194
875.500000 90 9.486833 90.000000 9.486833
876.500000 94 9.695360 94.000000 9.695360
877.500000 91 9.539392 91.000000 9.539392
878.500000 94 9.695360 94.000000 9.695360
879.500000 92 9.591663 92.000000 9.591663
880.500000 79 8.888194 79.000000 8.888194
881.500000 86 9.273618 86.000000 9.273618
882.500000 93 9.643651 93.000000 9.643651
883.500000 84 9.165151 84.000000 9.165151
884.500000 88 9.380832 88.000000 9.380832
885.500000 95 9.746794 95.000000 9.746794
886.500000 90 9.486833 90.000000 9.486833
887.500000 94 9.695360 94.000000 9.695360
888.500000 103 10.148892 103.000000 10.148892
889.500000 86 9.273618 86.000000 9.273618
890.500000 88 9.380832 88.000000 9.380832
891.500000 71 8.426150 71.000000 8.426150
892.500000 97 9.848858 97.000000 9.848858
893.500000 87 9.327379 87.000000 9.327379
894.500000 88 9.380832 88.000000 9.380832
895.500000 100 10.000000 100.000000 10.000000
896.500000 95 9.746794 95.000000 9.746794
897.500000 93 9.643651 93.000000 9.643651
898.500000 90 9.486833 90.000000 9.486833
899.500000 84 9.165151 84.000000 9.165151
900.500000 91 9.539392 91.000000 9.539392
901.500000 95 9.746794 95.000000 9.746794
902.500000 95 9.746794 95.000000 9.746794
903.500000 94 9.695360 94.000000 9.695360
904.500000 88 9.380832 88.000000 9.380832
905.500000 87 9.327379 87.000000 9.327379
906.500000 77 8.774964 77.000000 8.774964
907.500000 90 9.486833 90.000000 9.486833
908.500000 83 9.110434 83.000000 9.110434
909.500000 74 8.602325 74.000000 8.602325
910.500000 88 9.380832 88.000000 9.380832
911.500000 82 9.055385 82.000000 9.055385
912.500000 84 9.165151 84.000000 9.165151
913.500000 74 8.602325 74.000000 8.602325
914.500000 109 10.440307 109.000000 10.440307
915.500000 91 9.539392 91.000000 9.539392
916.500000 73 8.544004 73.000000 8.544004
917.500000 83 9.110434 83.000000 9.110434
918.500000 80 8.944272 80.000000 8.944272
919.500000 91 9.539392 91.000000 9.539392
920.500000 97 9.848858 97.000000 9.848858
921.500000 99 9.949874 99.000000 9.949874
922.500000 79 8.888194 79.000000 8.888194
923.500000 91 9.539392 91.000000 9.539392
924.500000 82 9.055385 82.000000 9.055385
925.500000 74 8.602325 74.000000 8.602325
926.500000 92 9.591663 92.000000 9.591663
927.500000 93 9.643651 93.000000 9.643651
928.500000 101 10.049876 101.000000 10.049876
929.500000 81 9.000000 81.000000 9.000000
930.500000 79 8.888194 79.000000 8.888194
931.500000 90 9.486833 90.000000 9.486833
932.500000 93 9.643651 93.000000 9.643651
933.500000 86 9.273618 86.000000 9.273618
934.500000 84 9.165151 84.000000 9.165151
935.500000 82 9.055385 82.000000 9.055385
936.500000 76 8.717798 76.000000 8.717798
937.500000 69 8.306624 69.000000 8.306624
938.500000 83 9.110434 83.000000 9.110434
939.500000 84 9.165151 84.000000 9.165151
940.500000 84 9.165151 84.000000 9.165151
941.500000 85 9.219544 85.000000 9.219544
942.500000 77 8.774964 77.000000 8.774964
943.500000 72 8.485281 72.000000 8.485281
944.500000 78 8.831761 78.000000 8.831761
945.500000 72 8.485281 72.000000 8.485281
946.500000 78 8.831761 78.000000 8.831761
947.500000 83 9.110434 83.000000 9.110434
948.500000 73 8.544004 73.000000 8.544004
949.500000 85 9.219544 85.000000 9.219544
950.500000 91 9.539392 91.000000 9.539392
951.500000 80 8.944272 80.000000 8.944272
952.500000 80 8.944272 80.000000 8.944272
953.500000 67 8.185353 67.000000 8.185353
954.500000 86 9.273618 86.000000 9.273618
955.500000 70 8.366600 70.000000 8.366600
956.500000 90 9.486833 90.000000 9.486833
957.500000 75 8.660254 75.000000 8.660254
958.500000 78 8.831761 78.000000 8.831761
959.500000 86 9.273618 86.000000 9.273618
960.500000 83 9.110434 83.000000 9.110434
961.500000 77 8.774964 77.000000 8.774964
962.500000 80 8.944272 80.000000 8.944272
963.500000 74 8.602325 74.000000 8.602325
964.500000 64 8.000000 64.000000 8.000000
965.500000 91 9.539392 91.000000 9.539392
966.500000 85 9.219544 85.000000 9.219544
967.500000 73 8.544004 73.000000 8.544004
968.500000 67 8.185353 67.000000 8.185353
969.500000 82 9.055385 82.000000 9.055385
970.500000 75 8.660254 75.000000 8.660254
971.500000 82 9.055385 82.000000 9.055385
972.500000 76 8.717798 76.000000 8.717798
973.500000 74 8.602325 74.000000 8.602325
974.500000 70 8.366600 70.000000 8.366600
975.500000 64 8.000000 64.000000 8.000000
976.500000 68 8.246211 68.000000 8.246211
977.500000 62 7.874008 62.000000 7.874008
978.500000 75 8.660254 75.000000 8.660254
979.500000 66 8.124038 66.000000 8.124038
980.500000 91 9.539392 91.000000 9.539392
981.500000 74 8.602325 74.000000 8.602325
982.500000 79 8.888194 79.000000 8.888194
983.500000 64 8.000000 64.000000 8.000000
984.500000 72 8.485281 72.000000 8.485281
985.500000 59 7.681146 59.000000 7.681146
986.500000 86 9.273618 86.000000 9.273618
987.500000 83 9.110434 83.000000 9.110434
988.500000 61 7.810250 61.000000 7.810250
989.500000 73 8.544004 73.000000 8.544004
990.500000 61 7.810250 61.000000 7.810250
991.500000 67 8.185353 67.000000 8.185353
992.500000 69 8.306624 69.000000 8.306624
993.500000 69 8.306624 69.000000 8.306624
994.500000 60 7.745967 60.000000 7.745967
995.500000 72 8.485281 72.000000 8.485281
996.500000 58 7.615773 58.000000 7.615773
997.500000 80 8.944272 80.000000 8.944272
998.500000 56 7.483315 56.000000 7.483315
999.500000 83 9.110434 83.000000 9.110434
1000.500000 69 8.306624 69.000000 8.306624
1001.500000 62 7.874008 62.000000 7.874008
1002.500000 61 7.810250 61.000000 7.810250
1003.500000 67 8.185353 67.000000 8.185353
1004.500000 62 7.874008 62.000000 7.874008
1005.500000 61 7.810250 61.000000 7.810250
1006.500000 58 7.615773 58.000000 7.615773
1007.500000 55 7.416198 55.000000 7.416198
1008.500000 97 9.848858 97.000000 9.848858
1009.500000 61 7.810250 61.000000 7.810250
1010.500000 78 8.831761 78.000000 8.831761
1011.500000 66 8.124038 66.000000 8.124038
1012.500000 71 8.426150 71.000000 8.426150
1013.500000 58 7.615773 58.000000 7.615773
1014.500000 79 8.888194 79.000000 8.888194
1015.500000 66 8.124038 66.000000 8.124038
1016.500000 66 8.124038 66.000000 8.124038
1017.500000 57 7.549834 57.000000 7.549834
1018.500000 61 7.810250 61.000000 7.810250
1019.500000 56 7.483315 56.000000 7.483315
1020.500000 62 7.874008 62.000000 7.874008
1021.500000 62 7.874008 62.000000 7.874008
1022.500000 64 8.000000 64.000000 8.000000
1023.500000 67 8.185353 67.000000 8.185353
