# name, dx, fmax, fmax_err, norm_value, norm_vale_err
# 100D_bkgd 1 525 22.9128784747792 1 0
# bin_center, freq, freq_err, norm_freq, norm_freq_err
0.500000 0 0.000000 0.000000 0.000000
1.500000 0 0.000000 0.000000 0.000000
2.500000 0 0.000000 0.000000 0.000000
3.500000 0 0.000000 0.000000 0.000000
4.500000 0 0.000000 0.000000 0.000000
5.500000 0 0.000000 0.000000 0.000000
6.500000 1 1.000000 1.000000 1.000000
7.500000 2 1.414214 2.000000 1.414214
8.500000 4 2.000000 4.000000 2.000000
9.500000 50 7.071068 50.000000 7.071068
10.500000 107 10.344080 107.000000 10.344080
11.500000 144 12.000000 144.000000 12.000000
12.500000 194 13.928388 194.000000 13.928388
13.500000 229 15.132746 229.000000 15.132746
14.500000 230 15.165751 230.000000 15.165751
15.500000 254 15.937377 254.000000 15.937377
16.500000 259 16.093477 259.000000 16.093477
17.500000 244 15.620499 244.000000 15.620499
18.500000 296 17.204651 296.000000 17.204651
19.500000 277 16.643317 277.000000 16.643317
20.500000 263 16.217275 263.000000 16.217275
21.500000 287 16.941074 287.000000 16.941074
22.500000 303 17.406895 303.000000 17.406895
23.500000 305 17.464249 305.000000 17.464249
24.500000 327 18.083141 327.000000 18.083141
25.500000 289 17.000000 289.000000 17.000000
26.500000 284 16.852300 284.000000 16.852300
27.500000 300 17.320508 300.000000 17.320508
28.500000 339 18.411953 339.000000 18.411953
29.500000 313 17.691806 313.000000 17.691806
30.500000 314 17.720045 314.000000 17.720045
31.500000 320 17.888544 320.000000 17.888544
32.500000 303 17.406895 303.000000 17.406895
33.500000 301 17.349352 301.000000 17.349352
34.500000 301 17.349352 301.000000 17.349352
35.500000 319 17.860571 319.000000 17.860571
36.500000 316 17.776389 316.000000 17.776389
37.500000 336 18.330303 336.000000 18.330303
38.500000 325 18.027756 325.000000 18.027756
39.500000 337 18.357560 337.000000 18.357560
40.500000 286 16.911535 286.000000 16.911535
41.500000 308 17.549929 308.000000 17.549929
42.500000 328 18.110770 328.000000 18.110770
43.500000 301 17.349352 301.000000 17.349352
44.500000 315 17.748239 315.000000 17.748239
45.500000 299 17.291616 299.000000 17.291616
46.500000 292 17.088007 292.000000 17.088007
47.500000 288 16.970563 288.000000 16.970563
48.500000 287 16.941074 287.000000 16.941074
49.500000 278 16.673332 278.000000 16.673332
50.500000 311 17.635192 311.000000 17.635192
51.500000 280 16.733201 280.000000 16.733201
52.500000 293 17.117243 293.000000 17.117243
53.500000 278 16.673332 278.000000 16.673332
54.500000 319 17.860571 319.000000 17.860571
55.500000 289 17.000000 289.000000 17.000000
56.500000 288 16.970563 288.000000 16.970563
57.500000 304 17.435596 304.000000 17.435596
58.500000 294 17.146428 294.000000 17.146428
59.500000 322 17.944358 322.000000 17.944358
60.500000 297 17.233688 297.000000 17.233688
61.500000 299 17.291616 299.000000 17.291616
62.500000 335 18.303005 335.000000 18.303005
63.500000 338 18.384776 338.000000 18.384776
64.500000 283 16.822604 283.000000 16.822604
65.500000 326 18.055470 326.000000 18.055470
66.500000 349 18.681542 349.000000 18.681542
67.500000 356 18.867962 356.000000 18.867962
68.500000 329 18.138357 329.000000 18.138357
69.500000 341 18.466185 341.000000 18.466185
70.500000 321 17.916473 321.000000 17.916473
71.500000 338 18.384776 338.000000 18.384776
72.500000 351 18.734994 351.000000 18.734994
73.500000 336 18.330303 336.000000 18.330303
74.500000 374 19.339080 374.000000 19.339080
75.500000 378 19.442222 378.000000 19.442222
76.500000 373 19.313208 373.000000 19.313208
77.500000 394 19.849433 394.000000 19.849433
78.500000 374 19.339080 374.000000 19.339080
79.500000 370 19.235384 370.000000 19.235384
80.500000 401 20.024984 401.000000 20.024984
81.500000 414 20.346990 414.000000 20.346990
82.500000 402 20.049938 402.000000 20.049938
83.500000 394 19.849433 394.000000 19.849433
84.500000 445 21.095023 445.000000 21.095023
85.500000 450 21.213203 450.000000 21.213203
86.500000 425 20.615528 425.000000 20.615528
87.500000 452 21.260292 452.000000 21.260292
88.500000 439 20.952327 439.000000 20.952327
89.500000 437 20.904545 437.000000 20.904545
90.500000 410 20.248457 410.000000 20.248457
91.500000 423 20.566964 423.000000 20.566964
92.500000 447 21.142375 447.000000 21.142375
93.500000 473 21.748563 473.000000 21.748563
94.500000 459 21.424285 459.000000 21.424285
95.500000 469 21.656408 469.000000 21.656408
96.500000 456 21.354157 456.000000 21.354157
97.500000 471 21.702534 471.000000 21.702534
98.500000 463 21.517435 463.000000 21.517435
99.500000 486 22.045408 486.000000 22.045408
100.500000 452 21.260292 452.000000 21.260292
101.500000 481 21.931712 481.000000 21.931712
102.500000 510 22.583180 510.000000 22.583180
103.500000 488 22.090722 488.000000 22.090722
104.500000 486 22.045408 486.000000 22.045408
105.500000 507 22.516660 507.000000 22.516660
106.500000 489 22.113344 489.000000 22.113344
107.500000 496 22.271057 496.000000 22.271057
108.500000 518 22.759613 518.000000 22.759613
109.500000 480 21.908902 480.000000 21.908902
110.500000 473 21.748563 473.000000 21.748563
111.500000 502 22.405357 502.000000 22.405357
112.500000 488 22.090722 488.000000 22.090722
113.500000 450 21.213203 450.000000 21.213203
114.500000 504 22.449944 504.000000 22.449944
115.500000 511 22.605309 511.000000 22.605309
116.500000 481 21.931712 481.000000 21.931712
117.500000 490 22.135944 490.000000 22.135944
118.500000 488 22.090722 488.000000 22.090722
119.500000 517 22.737634 517.000000 22.737634
120.500000 525 22.912878 525.000000 22.912878
121.500000 459 21.424285 459.000000 21.424285
122.500000 481 21.931712 481.000000 21.931712
123.500000 493 22.203603 493.000000 22.203603
124.500000 489 22.113344 489.000000 22.113344
125.500000 495 22.248595 495.000000 22.248595
126.500000 476 21.817424 476.000000 21.817424
127.500000 502 22.405357 502.000000 22.405357
128.500000 472 21.725561 472.000000 21.725561
129.500000 489 22.113344 489.000000 22.113344
130.500000 487 22.068076 487.000000 22.068076
131.500000 515 22.693611 515.000000 22.693611
132.500000 505 22.472205 505.000000 22.472205
133.500000 488 22.090722 488.000000 22.090722
134.500000 495 22.248595 495.000000 22.248595
135.500000 487 22.068076 487.000000 22.068076
136.500000 468 21.633308 468.000000 21.633308
137.500000 437 20.904545 437.000000 20.904545
138.500000 491 22.158520 491.000000 22.158520
139.500000 462 21.494185 462.000000 21.494185
140.500000 483 21.977261 483.000000 21.977261
141.500000 498 22.315914 498.000000 22.315914
142.500000 475 21.794495 475.000000 21.794495
143.500000 475 21.794495 475.000000 21.794495
144.500000 493 22.203603 493.000000 22.203603
145.500000 458 21.400935 458.000000 21.400935
146.500000 451 21.236761 451.000000 21.236761
147.500000 478 21.863211 478.000000 21.863211
148.500000 455 21.330729 455.000000 21.330729
149.500000 447 21.142375 447.000000 21.142375
150.500000 468 21.633308 468.000000 21.633308
151.500000 465 21.563859 465.000000 21.563859
152.500000 455 21.330729 455.000000 21.330729
153.500000 446 21.118712 446.000000 21.118712
154.500000 425 20.615528 425.000000 20.615528
155.500000 432 20.784610 432.000000 20.784610
156.500000 468 21.633308 468.000000 21.633308
157.500000 439 20.952327 439.000000 20.952327
158.500000 415 20.371549 415.000000 20.371549
159.500000 465 21.563859 465.000000 21.563859
160.500000 443 21.047565 443.000000 21.047565
161.500000 398 19.949937 398.000000 19.949937
162.500000 407 20.174241 407.000000 20.174241
163.500000 416 20.396078 416.000000 20.396078
164.500000 432 20.784610 432.000000 20.784610
165.500000 465 21.563859 465.000000 21.563859
166.500000 416 20.396078 416.000000 20.396078
167.500000 431 20.760539 431.000000 20.760539
168.500000 443 21.047565 443.000000 21.047565
169.500000 402 20.049938 402.000000 20.049938
170.500000 395 19.874607 395.000000 19.874607
171.500000 429 20.712315 429.000000 20.712315
172.500000 359 18.947295 359.000000 18.947295
173.500000 409 20.223748 409.000000 20.223748
174.500000 403 20.074860 403.000000 20.074860
175.500000 461 21.470911 461.000000 21.470911
176.500000 444 21.071308 444.000000 21.071308
177.500000 407 20.174241 407.000000 20.174241
178.500000 413 20.322401 413.000000 20.322401
179.500000 397 19.924859 397.000000 19.924859
180.500000 404 20.099751 404.000000 20.099751
181.500000 401 20.024984 401.000000 20.024984
182.500000 401 20.024984 401.000000 20.024984
183.500000 379 19.467922 379.000000 19.467922
184.500000 415 20.371549 415.000000 20.371549
185.500000 411 20.273135 411.000000 20.273135
186.500000 431 20.760539 431.000000 20.760539
187.500000 409 20.223748 409.000000 20.223748
188.500000 401 20.024984 401.000000 20.024984
189.500000 395 19.874607 395.000000 19.874607
190.500000 424 20.591260 424.000000 20.591260
191.500000 418 20.445048 418.000000 20.445048
192.500000 357 18.894444 357.000000 18.894444
193.500000 367 19.157244 367.000000 19.157244
194.500000 396 19.899749 396.000000 19.899749
195.500000 397 19.924859 397.000000 19.924859
196.500000 387 19.672316 387.000000 19.672316
197.500000 415 20.371549 415.000000 20.371549
198.500000 353 18.788294 353.000000 18.788294
199.500000 366 19.131126 366.000000 19.131126
200.500000 419 20.469489 419.000000 20.469489
201.500000 403 20.074860 403.000000 20.074860
202.500000 348 18.654758 348.000000 18.654758
203.500000 376 19.390719 376.000000 19.390719
204.500000 348 18.654758 348.000000 18.654758
205.500000 369 19.209373 369.000000 19.209373
206.500000 401 20.024984 401.000000 20.024984
207.500000 348 18.654758 348.000000 18.654758
208.500000 359 18.947295 359.000000 18.947295
209.500000 338 18.384776 338.000000 18.384776
210.500000 369 19.209373 369.000000 19.209373
211.500000 339 18.411953 339.000000 18.411953
212.500000 355 18.841444 355.000000 18.841444
213.500000 342 18.493242 342.000000 18.493242
214.500000 362 19.026298 362.000000 19.026298
215.500000 347 18.627936 347.000000 18.627936
216.500000 307 17.521415 307.000000 17.521415
217.500000 336 18.330303 336.000000 18.330303
218.500000 382 19.544820 382.000000 19.544820
219.500000 343 18.520259 343.000000 18.520259
220.500000 355 18.841444 355.000000 18.841444
221.500000 365 19.104973 365.000000 19.104973
222.500000 335 18.303005 335.000000 18.303005
223.500000 308 17.549929 308.000000 17.549929
224.500000 304 17.435596 304.000000 17.435596
225.500000 321 17.916473 321.000000 17.916473
226.500000 306 17.492856 306.000000 17.492856
227.500000 297 17.233688 297.000000 17.233688
228.500000 349 18.681542 349.000000 18.681542
229.500000 309 17.578396 309.000000 17.578396
230.500000 327 18.083141 327.000000 18.083141
231.500000 310 17.606817 310.000000 17.606817
232.500000 274 16.552945 274.000000 16.552945
233.500000 274 16.552945 274.000000 16.552945
234.500000 277 16.643317 277.000000 16.643317
235.500000 298 17.262677 298.000000 17.262677
236.500000 255 15.968719 255.000000 15.968719
237.500000 285 16.881943 285.000000 16.881943
238.500000 289 17.000000 289.000000 17.000000
239.500000 289 17.000000 289.000000 17.000000
240.500000 280 16.733201 280.000000 16.733201
241.500000 298 17.262677 298.000000 17.262677
242.500000 256 16.000000 256.000000 16.000000
243.500000 265 16.278821 265.000000 16.278821
244.500000 303 17.406895 303.000000 17.406895
245.500000 279 16.703293 279.000000 16.703293
246.500000 290 17.029386 290.000000 17.029386
247.500000 278 16.673332 278.000000 16.673332
248.500000 237 15.394804 237.000000 15.394804
249.500000 296 17.204651 296.000000 17.204651
250.500000 256 16.000000 256.000000 16.000000
251.500000 282 16.792856 282.000000 16.792856
252.500000 250 15.811388 250.000000 15.811388
253.500000 252 15.874508 252.000000 15.874508
254.500000 240 15.491933 240.000000 15.491933
255.500000 252 15.874508 252.000000 15.874508
256.500000 226 15.033296 226.000000 15.033296
257.500000 255 15.968719 255.000000 15.968719
258.500000 228 15.099669 228.000000 15.099669
259.500000 229 15.132746 229.000000 15.132746
260.500000 217 14.730920 217.000000 14.730920
261.500000 232 15.231546 232.000000 15.231546
262.500000 256 16.000000 256.000000 16.000000
263.500000 225 15.000000 225.000000 15.000000
264.500000 218 14.764823 218.000000 14.764823
265.500000 194 13.928388 194.000000 13.928388
266.500000 228 15.099669 228.000000 15.099669
267.500000 208 14.422205 208.000000 14.422205
268.500000 228 15.099669 228.000000 15.099669
269.500000 176 13.266499 176.000000 13.266499
270.500000 210 14.491377 210.000000 14.491377
271.500000 189 13.747727 189.000000 13.747727
272.500000 193 13.892444 193.000000 13.892444
273.500000 210 14.491377 210.000000 14.491377
274.500000 189 13.747727 189.000000 13.747727
275.500000 215 14.662878 215.000000 14.662878
276.500000 221 14.866069 221.000000 14.866069
277.500000 192 13.856406 192.000000 13.856406
278.500000 177 13.304135 177.000000 13.304135
279.500000 196 14.000000 196.000000 14.000000
280.500000 197 14.035669 197.000000 14.035669
281.500000 197 14.035669 197.000000 14.035669
282.500000 177 13.304135 177.000000 13.304135
283.500000 194 13.928388 194.000000 13.928388
284.500000 194 13.928388 194.000000 13.928388
285.500000 193 13.892444 193.000000 13.892444
286.500000 173 13.152946 173.000000 13.152946
287.500000 202 14.212670 202.000000 14.212670
288.500000 171 13.076697 171.000000 13.076697
289.500000 149 12.206556 149.000000 12.206556
290.500000 182 13.490738 182.000000 13.490738
291.500000 168 12.961481 168.000000 12.961481
292.500000 164 12.806248 164.000000 12.806248
293.500000 202 14.212670 202.000000 14.212670
294.500000 167 12.922848 167.000000 12.922848
295.500000 146 12.083046 146.000000 12.083046
296.500000 179 13.379088 179.000000 13.379088
297.500000 148 12.165525 148.000000 12.165525
298.500000 165 12.845233 165.000000 12.845233
299.500000 167 12.922848 167.000000 12.922848
300.500000 169 13.000000 169.000000 13.000000
301.500000 189 13.747727 189.000000 13.747727
302.500000 140 11.832160 140.000000 11.832160
303.500000 142 11.916375 142.000000 11.916375
304.500000 156 12.489996 156.000000 12.489996
305.500000 160 12.649111 160.000000 12.649111
306.500000 138 11.747340 138.000000 11.747340
307.500000 143 11.958261 143.000000 11.958261
308.500000 165 12.845233 165.000000 12.845233
309.500000 159 12.609520 159.000000 12.609520
310.500000 142 11.916375 142.000000 11.916375
311.500000 147 12.124356 147.000000 12.124356
312.500000 122 11.045361 122.000000 11.045361
313.500000 148 12.165525 148.000000 12.165525
314.500000 150 12.247449 150.000000 12.247449
315.500000 147 12.124356 147.000000 12.124356
316.500000 148 12.165525 148.000000 12.165525
317.500000 139 11.789826 139.000000 11.789826
318.500000 133 11.532563 133.000000 11.532563
319.500000 131 11.445523 131.000000 11.445523
320.500000 157 12.529964 157.000000 12.529964
321.500000 134 11.575837 134.000000 11.575837
322.500000 111 10.535654 111.000000 10.535654
323.500000 123 11.090537 123.000000 11.090537
324.500000 134 11.575837 134.000000 11.575837
325.500000 123 11.090537 123.000000 11.090537
326.500000 100 10.000000 100.000000 10.000000
327.500000 133 11.532563 133.000000 11.532563
328.500000 105 10.246951 105.000000 10.246951
329.500000 121 11.000000 121.000000 11.000000
330.500000 118 10.862780 118.000000 10.862780
331.500000 111 10.535654 111.000000 10.535654
332.500000 115 10.723805 115.000000 10.723805
333.500000 123 11.090537 123.000000 11.090537
334.500000 113 10.630146 113.000000 10.630146
335.500000 116 10.770330 116.000000 10.770330
336.500000 124 11.135529 124.000000 11.135529
337.500000 118 10.862780 118.000000 10.862780
338.500000 83 9.110434 83.000000 9.110434
339.500000 120 10.954451 120.000000 10.954451
340.500000 111 10.535654 111.000000 10.535654
341.500000 101 10.049876 101.000000 10.049876
342.500000 103 10.148892 103.000000 10.148892
343.500000 104 10.198039 104.000000 10.198039
344.500000 101 10.049876 101.000000 10.049876
345.500000 134 11.575837 134.000000 11.575837
346.500000 99 9.949874 99.000000 9.949874
347.500000 85 9.219544 85.000000 9.219544
348.500000 92 9.591663 92.000000 9.591663
349.500000 100 10.000000 100.000000 10.000000
350.500000 104 10.198039 104.000000 10.198039
351.500000 106 10.295630 106.000000 10.295630
352.500000 81 9.000000 81.000000 9.000000
353.500000 107 10.344080 107.000000 10.344080
354.500000 108 10.392305 108.000000 10.392305
355.500000 104 10.198039 104.000000 10.198039
356.500000 85 9.219544 85.000000 9.219544
357.500000 96 9.797959 96.000000 9.797959
358.500000 94 9.695360 94.000000 9.695360
359.500000 90 9.486833 90.000000 9.486833
360.500000 104 10.198039 104.000000 10.198039
361.500000 84 9.165151 84.000000 9.165151
362.500000 112 10.583005 112.000000 10.583005
363.500000 93 9.643651 93.000000 9.643651
364.500000 89 9.433981 89.000000 9.433981
365.500000 102 10.099505 102.000000 10.099505
366.500000 93 9.643651 93.000000 9.643651
367.500000 90 9.486833 90.000000 9.486833
368.500000 87 9.327379 87.000000 9.327379
369.500000 92 9.591663 92.000000 9.591663
370.500000 80 8.944272 80.000000 8.944272
371.500000 86 9.273618 86.000000 9.273618
372.500000 89 9.433981 89.000000 9.433981
373.500000 81 9.000000 81.000000 9.000000
374.500000 92 9.591663 92.000000 9.591663
375.500000 78 8.831761 78.000000 8.831761
376.500000 80 8.944272 80.000000 8.944272
377.500000 77 8.774964 77.000000 8.774964
378.500000 76 8.717798 76.000000 8.717798
379.500000 90 9.486833 90.000000 9.486833
380.500000 91 9.539392 91.000000 9.539392
381.500000 93 9.643651 93.000000 9.643651
382.500000 73 8.544004 73.000000 8.544004
383.500000 73 8.544004 73.000000 8.544004
384.500000 85 9.219544 85.000000 9.219544
385.500000 78 8.831761 78.000000 8.831761
386.500000 93 9.643651 93.000000 9.643651
387.500000 71 8.426150 71.000000 8.426150
388.500000 66 8.124038 66.000000 8.124038
389.500000 65 8.062258 65.000000 8.062258
390.500000 65 8.062258 65.000000 8.062258
391.500000 75 8.660254 75.000000 8.660254
392.500000 58 7.615773 58.000000 7.615773
393.500000 76 8.717798 76.000000 8.717798
394.500000 68 8.246211 68.000000 8.246211
395.500000 76 8.717798 76.000000 8.717798
396.500000 81 9.000000 81.000000 9.000000
397.500000 74 8.602325 74.000000 8.602325
398.500000 74 8.602325 74.000000 8.602325
399.500000 75 8.660254 75.000000 8.660254
400.500000 86 9.273618 86.000000 9.273618
401.500000 65 8.062258 65.000000 8.062258
402.500000 71 8.426150 71.000000 8.426150
403.500000 61 7.810250 61.000000 7.810250
404.500000 64 8.000000 64.000000 8.000000
405.500000 68 8.246211 68.000000 8.246211
406.500000 61 7.810250 61.000000 7.810250
407.500000 64 8.000000 64.000000 8.000000
408.500000 81 9.000000 81.000000 9.000000
409.500000 60 7.745967 60.000000 7.745967
410.500000 61 7.810250 61.000000 7.810250
411.500000 69 8.306624 69.000000 8.306624
412.500000 76 8.717798 76.000000 8.717798
413.500000 63 7.937254 63.000000 7.937254
414.500000 65 8.062258 65.000000 8.062258
415.500000 63 7.937254 63.000000 7.937254
416.500000 66 8.124038 66.000000 8.124038
417.500000 60 7.745967 60.000000 7.745967
418.500000 61 7.810250 61.000000 7.810250
419.500000 62 7.874008 62.000000 7.874008
420.500000 76 8.717798 76.000000 8.717798
421.500000 65 8.062258 65.000000 8.062258
422.500000 58 7.615773 58.000000 7.615773
423.500000 55 7.416198 55.000000 7.416198
424.500000 50 7.071068 50.000000 7.071068
425.500000 63 7.937254 63.000000 7.937254
426.500000 62 7.874008 62.000000 7.874008
427.500000 77 8.774964 77.000000 8.774964
428.500000 50 7.071068 50.000000 7.071068
429.500000 59 7.681146 59.000000 7.681146
430.500000 54 7.348469 54.000000 7.348469
431.500000 67 8.185353 67.000000 8.185353
432.500000 57 7.549834 57.000000 7.549834
433.500000 56 7.483315 56.000000 7.483315
434.500000 61 7.810250 61.000000 7.810250
435.500000 42 6.480741 42.000000 6.480741
436.500000 58 7.615773 58.000000 7.615773
437.500000 57 7.549834 57.000000 7.549834
438.500000 51 7.141428 51.000000 7.141428
439.500000 42 6.480741 42.000000 6.480741
440.500000 66 8.124038 66.000000 8.124038
441.500000 52 7.211103 52.000000 7.211103
442.500000 53 7.280110 53.000000 7.280110
443.500000 64 8.000000 64.000000 8.000000
444.500000 46 6.782330 46.000000 6.782330
445.500000 57 7.549834 57.000000 7.549834
446.500000 46 6.782330 46.000000 6.782330
447.500000 48 6.928203 48.000000 6.928203
448.500000 49 7.000000 49.000000 7.000000
449.500000 47 6.855655 47.000000 6.855655
450.500000 47 6.855655 47.000000 6.855655
451.500000 44 6.633250 44.000000 6.633250
452.500000 37 6.082763 37.000000 6.082763
453.500000 49 7.000000 49.000000 7.000000
454.500000 56 7.483315 56.000000 7.483315
455.500000 50 7.071068 50.000000 7.071068
456.500000 46 6.782330 46.000000 6.782330
457.500000 50 7.071068 50.000000 7.071068
458.500000 41 6.403124 41.000000 6.403124
459.500000 50 7.071068 50.000000 7.071068
460.500000 41 6.403124 41.000000 6.403124
461.500000 48 6.928203 48.000000 6.928203
462.500000 50 7.071068 50.000000 7.071068
463.500000 63 7.937254 63.000000 7.937254
464.500000 55 7.416198 55.000000 7.416198
465.500000 39 6.244998 39.000000 6.244998
466.500000 47 6.855655 47.000000 6.855655
467.500000 52 7.211103 52.000000 7.211103
468.500000 44 6.633250 44.000000 6.633250
469.500000 45 6.708204 45.000000 6.708204
470.500000 40 6.324555 40.000000 6.324555
471.500000 54 7.348469 54.000000 7.348469
472.500000 50 7.071068 50.000000 7.071068
473.500000 43 6.557439 43.000000 6.557439
474.500000 46 6.782330 46.000000 6.782330
475.500000 43 6.557439 43.000000 6.557439
476.500000 36 6.000000 36.000000 6.000000
477.500000 35 5.916080 35.000000 5.916080
478.500000 43 6.557439 43.000000 6.557439
479.500000 42 6.480741 42.000000 6.480741
480.500000 31 5.567764 31.000000 5.567764
481.500000 40 6.324555 40.000000 6.324555
482.500000 37 6.082763 37.000000 6.082763
483.500000 45 6.708204 45.000000 6.708204
484.500000 42 6.480741 42.000000 6.480741
485.500000 39 6.244998 39.000000 6.244998
486.500000 31 5.567764 31.000000 5.567764
487.500000 28 5.291503 28.000000 5.291503
488.500000 38 6.164414 38.000000 6.164414
489.500000 48 6.928203 48.000000 6.928203
490.500000 49 7.000000 49.000000 7.000000
491.500000 47 6.855655 47.000000 6.855655
492.500000 33 5.744563 33.000000 5.744563
493.500000 38 6.164414 38.000000 6.164414
494.500000 33 5.744563 33.000000 5.744563
495.500000 25 5.000000 25.000000 5.000000
496.500000 45 6.708204 45.000000 6.708204
497.500000 43 6.557439 43.000000 6.557439
498.500000 40 6.324555 40.000000 6.324555
499.500000 37 6.082763 37.000000 6.082763
500.500000 43 6.557439 43.000000 6.557439
501.500000 33 5.744563 33.000000 5.744563
502.500000 42 6.480741 42.000000 6.480741
503.500000 36 6.000000 36.000000 6.000000
504.500000 31 5.567764 31.000000 5.567764
505.500000 36 6.000000 36.000000 6.000000
506.500000 39 6.244998 39.000000 6.244998
507.500000 40 6.324555 40.000000 6.324555
508.500000 31 5.567764 31.000000 5.567764
509.500000 33 5.744563 33.000000 5.744563
510.500000 30 5.477226 30.000000 5.477226
511.500000 37 6.082763 37.000000 6.082763
512.500000 30 5.477226 30.000000 5.477226
513.500000 28 5.291503 28.000000 5.291503
514.500000 31 5.567764 31.000000 5.567764
515.500000 31 5.567764 31.000000 5.567764
516.500000 37 6.082763 37.000000 6.082763
517.500000 29 5.385165 29.000000 5.385165
518.500000 21 4.582576 21.000000 4.582576
519.500000 35 5.916080 35.000000 5.916080
520.500000 31 5.567764 31.000000 5.567764
521.500000 21 4.582576 21.000000 4.582576
522.500000 41 6.403124 41.000000 6.403124
523.500000 30 5.477226 30.000000 5.477226
524.500000 22 4.690416 22.000000 4.690416
525.500000 38 6.164414 38.000000 6.164414
526.500000 23 4.795832 23.000000 4.795832
527.500000 30 5.477226 30.000000 5.477226
528.500000 28 5.291503 28.000000 5.291503
529.500000 33 5.744563 33.000000 5.744563
530.500000 21 4.582576 21.000000 4.582576
531.500000 32 5.656854 32.000000 5.656854
532.500000 37 6.082763 37.000000 6.082763
533.500000 29 5.385165 29.000000 5.385165
534.500000 21 4.582576 21.000000 4.582576
535.500000 29 5.385165 29.000000 5.385165
536.500000 28 5.291503 28.000000 5.291503
537.500000 23 4.795832 23.000000 4.795832
538.500000 18 4.242641 18.000000 4.242641
539.500000 28 5.291503 28.000000 5.291503
540.500000 27 5.196152 27.000000 5.196152
541.500000 21 4.582576 21.000000 4.582576
542.500000 29 5.385165 29.000000 5.385165
543.500000 30 5.477226 30.000000 5.477226
544.500000 27 5.196152 27.000000 5.196152
545.500000 21 4.582576 21.000000 4.582576
546.500000 25 5.000000 25.000000 5.000000
547.500000 30 5.477226 30.000000 5.477226
548.500000 18 4.242641 18.000000 4.242641
549.500000 26 5.099020 26.000000 5.099020
550.500000 29 5.385165 29.000000 5.385165
551.500000 21 4.582576 21.000000 4.582576
552.500000 27 5.196152 27.000000 5.196152
553.500000 17 4.123106 17.000000 4.123106
554.500000 25 5.000000 25.000000 5.000000
555.500000 28 5.291503 28.000000 5.291503
556.500000 27 5.196152 27.000000 5.196152
557.500000 28 5.291503 28.000000 5.291503
558.500000 25 5.000000 25.000000 5.000000
559.500000 28 5.291503 28.000000 5.291503
560.500000 21 4.582576 21.000000 4.582576
561.500000 19 4.358899 19.000000 4.358899
562.500000 29 5.385165 29.000000 5.385165
563.500000 26 5.099020 26.000000 5.099020
564.500000 12 3.464102 12.000000 3.464102
565.500000 21 4.582576 21.000000 4.582576
566.500000 13 3.605551 13.000000 3.605551
567.500000 28 5.291503 28.000000 5.291503
568.500000 15 3.872983 15.000000 3.872983
569.500000 17 4.123106 17.000000 4.123106
570.500000 23 4.795832 23.000000 4.795832
571.500000 19 4.358899 19.000000 4.358899
572.500000 26 5.099020 26.000000 5.099020
573.500000 14 3.741657 14.000000 3.741657
574.500000 14 3.741657 14.000000 3.741657
575.500000 19 4.358899 19.000000 4.358899
576.500000 18 4.242641 18.000000 4.242641
577.500000 15 3.872983 15.000000 3.872983
578.500000 20 4.472136 20.000000 4.472136
579.500000 20 4.472136 20.000000 4.472136
580.500000 12 3.464102 12.000000 3.464102
581.500000 18 4.242641 18.000000 4.242641
582.500000 16 4.000000 16.000000 4.000000
583.500000 17 4.123106 17.000000 4.123106
584.500000 10 3.162278 10.000000 3.162278
585.500000 20 4.472136 20.000000 4.472136
586.500000 22 4.690416 22.000000 4.690416
587.500000 15 3.872983 15.000000 3.872983
588.500000 15 3.872983 15.000000 3.872983
589.500000 28 5.291503 28.000000 5.291503
590.500000 17 4.123106 17.000000 4.123106
591.500000 18 4.242641 18.000000 4.242641
592.500000 15 3.872983 15.000000 3.872983
593.500000 23 4.795832 23.000000 4.795832
594.500000 17 4.123106 17.000000 4.123106
595.500000 16 4.000000 16.000000 4.000000
596.500000 16 4.000000 16.000000 4.000000
597.500000 22 4.690416 22.000000 4.690416
598.500000 19 4.358899 19.000000 4.358899
599.500000 19 4.358899 19.000000 4.358899
600.500000 12 3.464102 12.000000 3.464102
601.500000 8 2.828427 8.000000 2.828427
602.500000 20 4.472136 20.000000 4.472136
603.500000 15 3.872983 15.000000 3.872983
604.500000 18 4.242641 18.000000 4.242641
605.500000 8 2.828427 8.000000 2.828427
606.500000 17 4.123106 17.000000 4.123106
607.500000 17 4.123106 17.000000 4.123106
608.500000 9 3.000000 9.000000 3.000000
609.500000 10 3.162278 10.000000 3.162278
610.500000 15 3.872983 15.000000 3.872983
611.500000 18 4.242641 18.000000 4.242641
612.500000 14 3.741657 14.000000 3.741657
613.500000 14 3.741657 14.000000 3.741657
614.500000 14 3.741657 14.000000 3.741657
615.500000 17 4.123106 17.000000 4.123106
616.500000 12 3.464102 12.000000 3.464102
617.500000 9 3.000000 9.000000 3.000000
618.500000 6 2.449490 6.000000 2.449490
619.500000 10 3.162278 10.000000 3.162278
620.500000 10 3.162278 10.000000 3.162278
621.500000 15 3.872983 15.000000 3.872983
622.500000 10 3.162278 10.000000 3.162278
623.500000 18 4.242641 18.000000 4.242641
624.500000 6 2.449490 6.000000 2.449490
625.500000 17 4.123106 17.000000 4.123106
626.500000 17 4.123106 17.000000 4.123106
627.500000 14 3.741657 14.000000 3.741657
628.500000 7 2.645751 7.000000 2.645751
629.500000 5 2.236068 5.000000 2.236068
630.500000 8 2.828427 8.000000 2.828427
631.500000 9 3.000000 9.000000 3.000000
632.500000 12 3.464102 12.000000 3.464102
633.500000 13 3.605551 13.000000 3.605551
634.500000 6 2.449490 6.000000 2.449490
635.500000 9 3.000000 9.000000 3.000000
636.500000 10 3.162278 10.000000 3.162278
637.500000 9 3.000000 9.000000 3.000000
638.500000 15 3.872983 15.000000 3.872983
639.500000 8 2.828427 8.000000 2.828427
640.500000 18 4.242641 18.000000 4.242641
641.500000 7 2.645751 7.000000 2.645751
642.500000 10 3.162278 10.000000 3.162278
643.500000 11 3.316625 11.000000 3.316625
644.500000 8 2.828427 8.000000 2.828427
645.500000 7 2.645751 7.000000 2.645751
646.500000 14 3.741657 14.000000 3.741657
647.500000 7 2.645751 7.000000 2.645751
648.500000 3 1.732051 3.000000 1.732051
649.500000 10 3.162278 10.000000 3.162278
650.500000 11 3.316625 11.000000 3.316625
651.500000 13 3.605551 13.000000 3.605551
652.500000 11 3.316625 11.000000 3.316625
653.500000 6 2.449490 6.000000 2.449490
654.500000 9 3.000000 9.000000 3.000000
655.500000 14 3.741657 14.000000 3.741657
656.500000 8 2.828427 8.000000 2.828427
657.500000 9 3.000000 9.000000 3.000000
658.500000 6 2.449490 6.000000 2.449490
659.500000 7 2.645751 7.000000 2.645751
660.500000 14 3.741657 14.000000 3.741657
661.500000 12 3.464102 12.000000 3.464102
662.500000 14 3.741657 14.000000 3.741657
663.500000 9 3.000000 9.000000 3.000000
664.500000 8 2.828427 8.000000 2.828427
665.500000 10 3.162278 10.000000 3.162278
666.500000 11 3.316625 11.000000 3.316625
667.500000 9 3.000000 9.000000 3.000000
668.500000 11 3.316625 11.000000 3.316625
669.500000 11 3.316625 11.000000 3.316625
670.500000 3 1.732051 3.000000 1.732051
671.500000 10 3.162278 10.000000 3.162278
672.500000 7 2.645751 7.000000 2.645751
673.500000 6 2.449490 6.000000 2.449490
674.500000 9 3.000000 9.000000 3.000000
675.500000 7 2.645751 7.000000 2.645751
676.500000 7 2.645751 7.000000 2.645751
677.500000 3 1.732051 3.000000 1.732051
678.500000 6 2.449490 6.000000 2.449490
679.500000 7 2.645751 7.000000 2.645751
680.500000 12 3.464102 12.000000 3.464102
681.500000 7 2.645751 7.000000 2.645751
682.500000 5 2.236068 5.000000 2.236068
683.500000 3 1.732051 3.000000 1.732051
684.500000 9 3.000000 9.000000 3.000000
685.500000 8 2.828427 8.000000 2.828427
686.500000 5 2.236068 5.000000 2.236068
687.500000 11 3.316625 11.000000 3.316625
688.500000 6 2.449490 6.000000 2.449490
689.500000 4 2.000000 4.000000 2.000000
690.500000 6 2.449490 6.000000 2.449490
691.500000 3 1.732051 3.000000 1.732051
692.500000 3 1.732051 3.000000 1.732051
693.500000 4 2.000000 4.000000 2.000000
694.500000 10 3.162278 10.000000 3.162278
695.500000 4 2.000000 4.000000 2.000000
696.500000 5 2.236068 5.000000 2.236068
697.500000 3 1.732051 3.000000 1.732051
698.500000 6 2.449490 6.000000 2.449490
699.500000 12 3.464102 12.000000 3.464102
700.500000 6 2.449490 6.000000 2.449490
701.500000 6 2.449490 6.000000 2.449490
702.500000 4 2.000000 4.000000 2.000000
703.500000 5 2.236068 5.000000 2.236068
704.500000 6 2.449490 6.000000 2.449490
705.500000 7 2.645751 7.000000 2.645751
706.500000 6 2.449490 6.000000 2.449490
707.500000 4 2.000000 4.000000 2.000000
708.500000 4 2.000000 4.000000 2.000000
709.500000 5 2.236068 5.000000 2.236068
710.500000 7 2.645751 7.000000 2.645751
711.500000 3 1.732051 3.000000 1.732051
712.500000 2 1.414214 2.000000 1.414214
713.500000 3 1.732051 3.000000 1.732051
714.500000 8 2.828427 8.000000 2.828427
715.500000 3 1.732051 3.000000 1.732051
716.500000 6 2.449490 6.000000 2.449490
717.500000 6 2.449490 6.000000 2.449490
718.500000 5 2.236068 5.000000 2.236068
719.500000 2 1.414214 2.000000 1.414214
720.500000 2 1.414214 2.000000 1.414214
721.500000 1 1.000000 1.000000 1.000000
722.500000 7 2.645751 7.000000 2.645751
723.500000 1 1.000000 1.000000 1.000000
724.500000 3 1.732051 3.000000 1.732051
725.500000 7 2.645751 7.000000 2.645751
726.500000 9 3.000000 9.000000 3.000000
727.500000 3 1.732051 3.000000 1.732051
728.500000 4 2.000000 4.000000 2.000000
729.500000 10 3.162278 10.000000 3.162278
730.500000 3 1.732051 3.000000 1.732051
731.500000 6 2.449490 6.000000 2.449490
732.500000 3 1.732051 3.000000 1.732051
733.500000 3 1.732051 3.000000 1.732051
734.500000 2 1.414214 2.000000 1.414214
735.500000 6 2.449490 6.000000 2.449490
736.500000 0 0.000000 0.000000 0.000000
737.500000 4 2.000000 4.000000 2.000000
738.500000 2 1.414214 2.000000 1.414214
739.500000 3 1.732051 3.000000 1.732051
740.500000 6 2.449490 6.000000 2.449490
741.500000 4 2.000000 4.000000 2.000000
742.500000 5 2.236068 5.000000 2.236068
743.500000 3 1.732051 3.000000 1.732051
744.500000 2 1.414214 2.000000 1.414214
745.500000 1 1.000000 1.000000 1.000000
746.500000 3 1.732051 3.000000 1.732051
747.500000 4 2.000000 4.000000 2.000000
748.500000 2 1.414214 2.000000 1.414214
749.500000 1 1.000000 1.000000 1.000000
750.500000 0 0.000000 0.000000 0.000000
751.500000 1 1.000000 1.000000 1.000000
752.500000 3 1.732051 3.000000 1.732051
753.500000 1 1.000000 1.000000 1.000000
754.500000 2 1.414214 2.000000 1.414214
755.500000 4 2.000000 4.000000 2.000000
756.500000 1 1.000000 1.000000 1.000000
757.500000 1 1.000000 1.000000 1.000000
758.500000 2 1.414214 2.000000 1.414214
759.500000 3 1.732051 3.000000 1.732051
760.500000 2 1.414214 2.000000 1.414214
761.500000 2 1.414214 2.000000 1.414214
762.500000 2 1.414214 2.000000 1.414214
763.500000 0 0.000000 0.000000 0.000000
764.500000 4 2.000000 4.000000 2.000000
765.500000 1 1.000000 1.000000 1.000000
766.500000 1 1.000000 1.000000 1.000000
767.500000 1 1.000000 1.000000 1.000000
768.500000 5 2.236068 5.000000 2.236068
769.500000 2 1.414214 2.000000 1.414214
770.500000 1 1.000000 1.000000 1.000000
771.500000 0 0.000000 0.000000 0.000000
772.500000 1 1.000000 1.000000 1.000000
773.500000 3 1.732051 3.000000 1.732051
774.500000 3 1.732051 3.000000 1.732051
775.500000 0 0.000000 0.000000 0.000000
776.500000 3 1.732051 3.000000 1.732051
777.500000 2 1.414214 2.000000 1.414214
778.500000 4 2.000000 4.000000 2.000000
779.500000 2 1.414214 2.000000 1.414214
780.500000 1 1.000000 1.000000 1.000000
781.500000 1 1.000000 1.000000 1.000000
782.500000 2 1.414214 2.000000 1.414214
783.500000 4 2.000000 4.000000 2.000000
784.500000 1 1.000000 1.000000 1.000000
785.500000 3 1.732051 3.000000 1.732051
786.500000 1 1.000000 1.000000 1.000000
787.500000 2 1.414214 2.000000 1.414214
788.500000 2 1.414214 2.000000 1.414214
789.500000 1 1.000000 1.000000 1.000000
790.500000 2 1.414214 2.000000 1.414214
791.500000 2 1.414214 2.000000 1.414214
792.500000 1 1.000000 1.000000 1.000000
793.500000 1 1.000000 1.000000 1.000000
794.500000 3 1.732051 3.000000 1.732051
795.500000 0 0.000000 0.000000 0.000000
796.500000 1 1.000000 1.000000 1.000000
797.500000 1 1.000000 1.000000 1.000000
798.500000 1 1.000000 1.000000 1.000000
799.500000 0 0.000000 0.000000 0.000000
800.500000 1 1.000000 1.000000 1.000000
801.500000 2 1.414214 2.000000 1.414214
802.500000 1 1.000000 1.000000 1.000000
803.500000 0 0.000000 0.000000 0.000000
804.500000 3 1.732051 3.000000 1.732051
805.500000 2 1.414214 2.000000 1.414214
806.500000 1 1.000000 1.000000 1.000000
807.500000 1 1.000000 1.000000 1.000000
808.500000 1 1.000000 1.000000 1.000000
809.500000 2 1.414214 2.000000 1.414214
810.500000 0 0.000000 0.000000 0.000000
811.500000 1 1.000000 1.000000 1.000000
812.500000 2 1.414214 2.000000 1.414214
813.500000 2 1.414214 2.000000 1.414214
814.500000 0 0.000000 0.000000 0.000000
815.500000 1 1.000000 1.000000 1.000000
816.500000 2 1.414214 2.000000 1.414214
817.500000 2 1.414214 2.000000 1.414214
818.500000 1 1.000000 1.000000 1.000000
819.500000 1 1.000000 1.000000 1.000000
820.500000 0 0.000000 0.000000 0.000000
821.500000 1 1.000000 1.000000 1.000000
822.500000 0 0.000000 0.000000 0.000000
823.500000 0 0.000000 0.000000 0.000000
824.500000 2 1.414214 2.000000 1.414214
825.500000 1 1.000000 1.000000 1.000000
826.500000 2 1.414214 2.000000 1.414214
827.500000 0 0.000000 0.000000 0.000000
828.500000 1 1.000000 1.000000 1.000000
829.500000 1 1.000000 1.000000 1.000000
830.500000 1 1.000000 1.000000 1.000000
831.500000 0 0.000000 0.000000 0.000000
832.500000 1 1.000000 1.000000 1.000000
833.500000 1 1.000000 1.000000 1.000000
834.500000 1 1.000000 1.000000 1.000000
835.500000 0 0.000000 0.000000 0.000000
836.500000 0 0.000000 0.000000 0.000000
837.500000 0 0.000000 0.000000 0.000000
838.500000 1 1.000000 1.000000 1.000000
839.500000 0 0.000000 0.000000 0.000000
840.500000 0 0.000000 0.000000 0.000000
841.500000 1 1.000000 1.000000 1.000000
842.500000 0 0.000000 0.000000 0.000000
843.500000 0 0.000000 0.000000 0.000000
844.500000 2 1.414214 2.000000 1.414214
845.500000 0 0.000000 0.000000 0.000000
846.500000 1 1.000000 1.000000 1.000000
847.500000 0 0.000000 0.000000 0.000000
848.500000 2 1.414214 2.000000 1.414214
849.500000 0 0.000000 0.000000 0.000000
850.500000 2 1.414214 2.000000 1.414214
851.500000 0 0.000000 0.000000 0.000000
852.500000 0 0.000000 0.000000 0.000000
853.500000 0 0.000000 0.000000 0.000000
854.500000 1 1.000000 1.000000 1.000000
855.500000 0 0.000000 0.000000 0.000000
856.500000 0 0.000000 0.000000 0.000000
857.500000 0 0.000000 0.000000 0.000000
858.500000 0 0.000000 0.000000 0.000000
859.500000 1 1.000000 1.000000 1.000000
860.500000 0 0.000000 0.000000 0.000000
861.500000 1 1.000000 1.000000 1.000000
862.500000 0 0.000000 0.000000 0.000000
863.500000 0 0.000000 0.000000 0.000000
864.500000 0 0.000000 0.000000 0.000000
865.500000 0 0.000000 0.000000 0.000000
866.500000 0 0.000000 0.000000 0.000000
867.500000 0 0.000000 0.000000 0.000000
868.500000 1 1.000000 1.000000 1.000000
869.500000 0 0.000000 0.000000 0.000000
870.500000 2 1.414214 2.000000 1.414214
871.500000 1 1.000000 1.000000 1.000000
872.500000 0 0.000000 0.000000 0.000000
873.500000 0 0.000000 0.000000 0.000000
874.500000 0 0.000000 0.000000 0.000000
875.500000 0 0.000000 0.000000 0.000000
876.500000 0 0.000000 0.000000 0.000000
877.500000 0 0.000000 0.000000 0.000000
878.500000 0 0.000000 0.000000 0.000000
879.500000 1 1.000000 1.000000 1.000000
880.500000 0 0.000000 0.000000 0.000000
881.500000 0 0.000000 0.000000 0.000000
882.500000 0 0.000000 0.000000 0.000000
883.500000 0 0.000000 0.000000 0.000000
884.500000 1 1.000000 1.000000 1.000000
885.500000 0 0.000000 0.000000 0.000000
886.500000 0 0.000000 0.000000 0.000000
887.500000 0 0.000000 0.000000 0.000000
888.500000 0 0.000000 0.000000 0.000000
889.500000 0 0.000000 0.000000 0.000000
890.500000 0 0.000000 0.000000 0.000000
891.500000 0 0.000000 0.000000 0.000000
892.500000 0 0.000000 0.000000 0.000000
893.500000 0 0.000000 0.000000 0.000000
894.500000 2 1.414214 2.000000 1.414214
895.500000 0 0.000000 0.000000 0.000000
896.500000 0 0.000000 0.000000 0.000000
897.500000 0 0.000000 0.000000 0.000000
898.500000 1 1.000000 1.000000 1.000000
899.500000 1 1.000000 1.000000 1.000000
900.500000 0 0.000000 0.000000 0.000000
901.500000 0 0.000000 0.000000 0.000000
902.500000 0 0.000000 0.000000 0.000000
903.500000 0 0.000000 0.000000 0.000000
904.500000 0 0.000000 0.000000 0.000000
905.500000 1 1.000000 1.000000 1.000000
906.500000 0 0.000000 0.000000 0.000000
907.500000 0 0.000000 0.000000 0.000000
908.500000 0 0.000000 0.000000 0.000000
909.500000 0 0.000000 0.000000 0.000000
910.500000 0 0.000000 0.000000 0.000000
911.500000 1 1.000000 1.000000 1.000000
912.500000 1 1.000000 1.000000 1.000000
913.500000 0 0.000000 0.000000 0.000000
914.500000 1 1.000000 1.000000 1.000000
915.500000 0 0.000000 0.000000 0.000000
916.500000 0 0.000000 0.000000 0.000000
917.500000 0 0.000000 0.000000 0.000000
918.500000 0 0.000000 0.000000 0.000000
919.500000 0 0.000000 0.000000 0.000000
920.500000 0 0.000000 0.000000 0.000000
921.500000 0 0.000000 0.000000 0.000000
922.500000 0 0.000000 0.000000 0.000000
923.500000 1 1.000000 1.000000 1.000000
924.500000 0 0.000000 0.000000 0.000000
925.500000 0 0.000000 0.000000 0.000000
926.500000 0 0.000000 0.000000 0.000000
927.500000 0 0.000000 0.000000 0.000000
928.500000 1 1.000000 1.000000 1.000000
929.500000 0 0.000000 0.000000 0.000000
930.500000 0 0.000000 0.000000 0.000000
931.500000 0 0.000000 0.000000 0.000000
932.500000 0 0.000000 0.000000 0.000000
933.500000 0 0.000000 0.000000 0.000000
934.500000 0 0.000000 0.000000 0.000000
935.500000 0 0.000000 0.000000 0.000000
936.500000 0 0.000000 0.000000 0.000000
937.500000 0 0.000000 0.000000 0.000000
938.500000 0 0.000000 0.000000 0.000000
939.500000 0 0.000000 0.000000 0.000000
940.500000 0 0.000000 0.000000 0.000000
941.500000 0 0.000000 0.000000 0.000000
942.500000 0 0.000000 0.000000 0.000000
943.500000 0 0.000000 0.000000 0.000000
944.500000 0 0.000000 0.000000 0.000000
945.500000 0 0.000000 0.000000 0.000000
946.500000 0 0.000000 0.000000 0.000000
947.500000 0 0.000000 0.000000 0.000000
948.500000 1 1.000000 1.000000 1.000000
949.500000 0 0.000000 0.000000 0.000000
950.500000 0 0.000000 0.000000 0.000000
951.500000 0 0.000000 0.000000 0.000000
952.500000 0 0.000000 0.000000 0.000000
953.500000 0 0.000000 0.000000 0.000000
954.500000 0 0.000000 0.000000 0.000000
955.500000 0 0.000000 0.000000 0.000000
956.500000 0 0.000000 0.000000 0.000000
957.500000 1 1.000000 1.000000 1.000000
958.500000 0 0.000000 0.000000 0.000000
959.500000 0 0.000000 0.000000 0.000000
960.500000 0 0.000000 0.000000 0.000000
961.500000 1 1.000000 1.000000 1.000000
962.500000 0 0.000000 0.000000 0.000000
963.500000 0 0.000000 0.000000 0.000000
964.500000 0 0.000000 0.000000 0.000000
965.500000 0 0.000000 0.000000 0.000000
966.500000 0 0.000000 0.000000 0.000000
967.500000 0 0.000000 0.000000 0.000000
968.500000 1 1.000000 1.000000 1.000000
969.500000 0 0.000000 0.000000 0.000000
970.500000 0 0.000000 0.000000 0.000000
971.500000 0 0.000000 0.000000 0.000000
972.500000 0 0.000000 0.000000 0.000000
973.500000 0 0.000000 0.000000 0.000000
974.500000 0 0.000000 0.000000 0.000000
975.500000 0 0.000000 0.000000 0.000000
976.500000 0 0.000000 0.000000 0.000000
977.500000 0 0.000000 0.000000 0.000000
978.500000 0 0.000000 0.000000 0.000000
979.500000 0 0.000000 0.000000 0.000000
980.500000 0 0.000000 0.000000 0.000000
981.500000 0 0.000000 0.000000 0.000000
982.500000 0 0.000000 0.000000 0.000000
983.500000 0 0.000000 0.000000 0.000000
984.500000 0 0.000000 0.000000 0.000000
985.500000 0 0.000000 0.000000 0.000000
986.500000 0 0.000000 0.000000 0.000000
987.500000 0 0.000000 0.000000 0.000000
988.500000 0 0.000000 0.000000 0.000000
989.500000 1 1.000000 1.000000 1.000000
990.500000 0 0.000000 0.000000 0.000000
991.500000 0 0.000000 0.000000 0.000000
992.500000 0 0.000000 0.000000 0.000000
993.500000 0 0.000000 0.000000 0.000000
994.500000 0 0.000000 0.000000 0.000000
995.500000 1 1.000000 1.000000 1.000000
996.500000 0 0.000000 0.000000 0.000000
997.500000 1 1.000000 1.000000 1.000000
998.500000 0 0.000000 0.000000 0.000000
999.500000 0 0.000000 0.000000 0.000000
1000.500000 1 1.000000 1.000000 1.000000
1001.500000 1 1.000000 1.000000 1.000000
1002.500000 0 0.000000 0.000000 0.000000
1003.500000 0 0.000000 0.000000 0.000000
1004.500000 0 0.000000 0.000000 0.000000
1005.500000 1 1.000000 1.000000 1.000000
1006.500000 0 0.000000 0.000000 0.000000
1007.500000 0 0.000000 0.000000 0.000000
1008.500000 0 0.000000 0.000000 0.000000
1009.500000 0 0.000000 0.000000 0.000000
1010.500000 0 0.000000 0.000000 0.000000
1011.500000 0 0.000000 0.000000 0.000000
1012.500000 0 0.000000 0.000000 0.000000
1013.500000 0 0.000000 0.000000 0.000000
1014.500000 0 0.000000 0.000000 0.000000
1015.500000 0 0.000000 0.000000 0.000000
1016.500000 1 1.000000 1.000000 1.000000
1017.500000 0 0.000000 0.000000 0.000000
1018.500000 0 0.000000 0.000000 0.000000
1019.500000 0 0.000000 0.000000 0.000000
1020.500000 0 0.000000 0.000000 0.000000
1021.500000 0 0.000000 0.000000 0.000000
1022.500000 0 0.000000 0.000000 0.000000
1023.500000 0 0.000000 0.000000 0.000000
