# name, dx, fmax, fmax_err, norm_value, norm_vale_err
# 100D_54Mn 1 10845 104.1393297462587 1 0
# bin_center, freq, freq_err, norm_freq, norm_freq_err
0.500000 0 0.000000 0.000000 0.000000
1.500000 0 0.000000 0.000000 0.000000
2.500000 31 5.567764 31.000000 5.567764
3.500000 105 10.246951 105.000000 10.246951
4.500000 227 15.066519 227.000000 15.066519
5.500000 310 17.606817 310.000000 17.606817
6.500000 398 19.949937 398.000000 19.949937
7.500000 410 20.248457 410.000000 20.248457
8.500000 560 23.664319 560.000000 23.664319
9.500000 2422 49.213819 2422.000000 49.213819
10.500000 4394 66.287254 4394.000000 66.287254
11.500000 6090 78.038452 6090.000000 78.038452
12.500000 8097 89.983332 8097.000000 89.983332
13.500000 7861 88.662281 7861.000000 88.662281
14.500000 7681 87.641314 7681.000000 87.641314
15.500000 7786 88.238314 7786.000000 88.238314
16.500000 7796 88.294960 7796.000000 88.294960
17.500000 7578 87.051709 7578.000000 87.051709
18.500000 7581 87.068938 7581.000000 87.068938
19.500000 7936 89.084230 7936.000000 89.084230
20.500000 7764 88.113563 7764.000000 88.113563
21.500000 7813 88.391176 7813.000000 88.391176
22.500000 7895 88.853813 7895.000000 88.853813
23.500000 7835 88.515535 7835.000000 88.515535
24.500000 7936 89.084230 7936.000000 89.084230
25.500000 7966 89.252451 7966.000000 89.252451
26.500000 8148 90.266273 8148.000000 90.266273
27.500000 8054 89.744081 8054.000000 89.744081
28.500000 8087 89.927749 8087.000000 89.927749
29.500000 8179 90.437824 8179.000000 90.437824
30.500000 8237 90.757920 8237.000000 90.757920
31.500000 8369 91.482239 8369.000000 91.482239
32.500000 8332 91.279790 8332.000000 91.279790
33.500000 8478 92.076056 8478.000000 92.076056
34.500000 8454 91.945636 8454.000000 91.945636
35.500000 8477 92.070625 8477.000000 92.070625
36.500000 8618 92.833184 8618.000000 92.833184
37.500000 8604 92.757749 8604.000000 92.757749
38.500000 8585 92.655275 8585.000000 92.655275
39.500000 8738 93.477270 8738.000000 93.477270
40.500000 8907 94.376904 8907.000000 94.376904
41.500000 8909 94.387499 8909.000000 94.387499
42.500000 9073 95.252297 9073.000000 95.252297
43.500000 9087 95.325757 9087.000000 95.325757
44.500000 9259 96.223698 9259.000000 96.223698
45.500000 9330 96.591925 9330.000000 96.591925
46.500000 9446 97.190535 9446.000000 97.190535
47.500000 9787 98.929268 9787.000000 98.929268
48.500000 9682 98.397154 9682.000000 98.397154
49.500000 9873 99.362971 9873.000000 99.362971
50.500000 10108 100.538550 10108.000000 100.538550
51.500000 10212 101.054441 10212.000000 101.054441
52.500000 10296 101.469207 10296.000000 101.469207
53.500000 10298 101.479062 10298.000000 101.479062
54.500000 10301 101.493842 10301.000000 101.493842
55.500000 10656 103.227903 10656.000000 103.227903
56.500000 10763 103.744879 10763.000000 103.744879
57.500000 10596 102.936874 10596.000000 102.936874
58.500000 10713 103.503623 10713.000000 103.503623
59.500000 10845 104.139330 10845.000000 104.139330
60.500000 10808 103.961531 10808.000000 103.961531
61.500000 10732 103.595367 10732.000000 103.595367
62.500000 10839 104.110518 10839.000000 104.110518
63.500000 10598 102.946588 10598.000000 102.946588
64.500000 10756 103.711137 10756.000000 103.711137
65.500000 10585 102.883429 10585.000000 102.883429
66.500000 10602 102.966014 10602.000000 102.966014
67.500000 10565 102.786186 10565.000000 102.786186
68.500000 10240 101.192885 10240.000000 101.192885
69.500000 10386 101.911727 10386.000000 101.911727
70.500000 10096 100.478853 10096.000000 100.478853
71.500000 10065 100.324474 10065.000000 100.324474
72.500000 9931 99.654403 9931.000000 99.654403
73.500000 9940 99.699549 9940.000000 99.699549
74.500000 9818 99.085821 9818.000000 99.085821
75.500000 9687 98.422558 9687.000000 98.422558
76.500000 9498 97.457683 9498.000000 97.457683
77.500000 9403 96.969067 9403.000000 96.969067
78.500000 9452 97.221397 9452.000000 97.221397
79.500000 9300 96.436508 9300.000000 96.436508
80.500000 9081 95.294281 9081.000000 95.294281
81.500000 9092 95.351980 9092.000000 95.351980
82.500000 9052 95.141999 9052.000000 95.141999
83.500000 8948 94.593869 8948.000000 94.593869
84.500000 8814 93.882906 8814.000000 93.882906
85.500000 8632 92.908557 8632.000000 92.908557
86.500000 8772 93.658956 8772.000000 93.658956
87.500000 8530 92.357999 8530.000000 92.357999
88.500000 8490 92.141196 8490.000000 92.141196
89.500000 8370 91.487704 8370.000000 91.487704
90.500000 8101 90.005555 8101.000000 90.005555
91.500000 8122 90.122139 8122.000000 90.122139
92.500000 8199 90.548330 8199.000000 90.548330
93.500000 8025 89.582364 8025.000000 89.582364
94.500000 8167 90.371456 8167.000000 90.371456
95.500000 7967 89.258053 7967.000000 89.258053
96.500000 7958 89.207623 7958.000000 89.207623
97.500000 7845 88.572005 7845.000000 88.572005
98.500000 7824 88.453378 7824.000000 88.453378
99.500000 7812 88.385519 7812.000000 88.385519
100.500000 7609 87.229582 7609.000000 87.229582
101.500000 7635 87.378487 7635.000000 87.378487
102.500000 7546 86.867716 7546.000000 86.867716
103.500000 7623 87.309793 7623.000000 87.309793
104.500000 7647 87.447127 7647.000000 87.447127
105.500000 7613 87.252507 7613.000000 87.252507
106.500000 7333 85.632938 7333.000000 85.632938
107.500000 7430 86.197448 7430.000000 86.197448
108.500000 7526 86.752522 7526.000000 86.752522
109.500000 7379 85.901106 7379.000000 85.901106
110.500000 7281 85.328776 7281.000000 85.328776
111.500000 7337 85.656290 7337.000000 85.656290
112.500000 7337 85.656290 7337.000000 85.656290
113.500000 7231 85.035287 7231.000000 85.035287
114.500000 7168 84.664042 7168.000000 84.664042
115.500000 7289 85.375641 7289.000000 85.375641
116.500000 7192 84.805660 7192.000000 84.805660
117.500000 7239 85.082313 7239.000000 85.082313
118.500000 6930 83.246622 6930.000000 83.246622
119.500000 7074 84.107075 7074.000000 84.107075
120.500000 6923 83.204567 6923.000000 83.204567
121.500000 6956 83.402638 6956.000000 83.402638
122.500000 6921 83.192548 6921.000000 83.192548
123.500000 6986 83.582295 6986.000000 83.582295
124.500000 6848 82.752643 6848.000000 82.752643
125.500000 7049 83.958323 7049.000000 83.958323
126.500000 7057 84.005952 7057.000000 84.005952
127.500000 6869 82.879430 6869.000000 82.879430
128.500000 7011 83.731714 7011.000000 83.731714
129.500000 6949 83.360662 6949.000000 83.360662
130.500000 6874 82.909589 6874.000000 82.909589
131.500000 6937 83.288655 6937.000000 83.288655
132.500000 6682 81.743501 6682.000000 81.743501
133.500000 6840 82.704293 6840.000000 82.704293
134.500000 6697 81.835200 6697.000000 81.835200
135.500000 6763 82.237461 6763.000000 82.237461
136.500000 6739 82.091412 6739.000000 82.091412
137.500000 6702 81.865744 6702.000000 81.865744
138.500000 6526 80.783662 6526.000000 80.783662
139.500000 6682 81.743501 6682.000000 81.743501
140.500000 6688 81.780193 6688.000000 81.780193
141.500000 6613 81.320354 6613.000000 81.320354
142.500000 6634 81.449371 6634.000000 81.449371
143.500000 6694 81.816869 6694.000000 81.816869
144.500000 6571 81.061705 6571.000000 81.061705
145.500000 6654 81.572054 6654.000000 81.572054
146.500000 6550 80.932070 6550.000000 80.932070
147.500000 6647 81.529136 6647.000000 81.529136
148.500000 6569 81.049368 6569.000000 81.049368
149.500000 6600 81.240384 6600.000000 81.240384
150.500000 6547 80.913534 6547.000000 80.913534
151.500000 6679 81.725149 6679.000000 81.725149
152.500000 6680 81.731267 6680.000000 81.731267
153.500000 6649 81.541401 6649.000000 81.541401
154.500000 6536 80.845532 6536.000000 80.845532
155.500000 6745 82.127949 6745.000000 82.127949
156.500000 6592 81.191133 6592.000000 81.191133
157.500000 6650 81.547532 6650.000000 81.547532
158.500000 6591 81.184974 6591.000000 81.184974
159.500000 6712 81.926797 6712.000000 81.926797
160.500000 6578 81.104870 6578.000000 81.104870
161.500000 6571 81.061705 6571.000000 81.061705
162.500000 6623 81.381816 6623.000000 81.381816
163.500000 6687 81.774079 6687.000000 81.774079
164.500000 6583 81.135689 6583.000000 81.135689
165.500000 6649 81.541401 6649.000000 81.541401
166.500000 6668 81.657823 6668.000000 81.657823
167.500000 6617 81.344945 6617.000000 81.344945
168.500000 6753 82.176639 6753.000000 82.176639
169.500000 6739 82.091412 6739.000000 82.091412
170.500000 6567 81.037029 6567.000000 81.037029
171.500000 6701 81.859636 6701.000000 81.859636
172.500000 6775 82.310388 6775.000000 82.310388
173.500000 6609 81.295756 6609.000000 81.295756
174.500000 6650 81.547532 6650.000000 81.547532
175.500000 6559 80.987653 6559.000000 80.987653
176.500000 6793 82.419658 6793.000000 82.419658
177.500000 6682 81.743501 6682.000000 81.743501
178.500000 6720 81.975606 6720.000000 81.975606
179.500000 6734 82.060953 6734.000000 82.060953
180.500000 6582 81.129526 6582.000000 81.129526
181.500000 6630 81.424812 6630.000000 81.424812
182.500000 6641 81.492331 6641.000000 81.492331
183.500000 6493 80.579154 6493.000000 80.579154
184.500000 6729 82.030482 6729.000000 82.030482
185.500000 6548 80.919713 6548.000000 80.919713
186.500000 6598 81.228074 6598.000000 81.228074
187.500000 6690 81.792420 6690.000000 81.792420
188.500000 6493 80.579154 6493.000000 80.579154
189.500000 6553 80.950602 6553.000000 80.950602
190.500000 6766 82.255699 6766.000000 82.255699
191.500000 6519 80.740324 6519.000000 80.740324
192.500000 6515 80.715550 6515.000000 80.715550
193.500000 6569 81.049368 6569.000000 81.049368
194.500000 6430 80.187281 6430.000000 80.187281
195.500000 6565 81.024688 6565.000000 81.024688
196.500000 6317 79.479557 6317.000000 79.479557
197.500000 6368 79.799749 6368.000000 79.799749
198.500000 6224 78.892332 6224.000000 78.892332
199.500000 6108 78.153695 6108.000000 78.153695
200.500000 6276 79.221209 6276.000000 79.221209
201.500000 6081 77.980767 6081.000000 77.980767
202.500000 6000 77.459667 6000.000000 77.459667
203.500000 5866 76.589817 5866.000000 76.589817
204.500000 5844 76.446059 5844.000000 76.446059
205.500000 5662 75.246262 5662.000000 75.246262
206.500000 5756 75.868307 5756.000000 75.868307
207.500000 5489 74.087786 5489.000000 74.087786
208.500000 5594 74.793048 5594.000000 74.793048
209.500000 5507 74.209164 5507.000000 74.209164
210.500000 5301 72.807967 5301.000000 72.807967
211.500000 5208 72.166474 5208.000000 72.166474
212.500000 5217 72.228803 5217.000000 72.228803
213.500000 4937 70.263789 4937.000000 70.263789
214.500000 4859 69.706528 4859.000000 69.706528
215.500000 4824 69.455021 4824.000000 69.455021
216.500000 4680 68.410526 4680.000000 68.410526
217.500000 4641 68.124885 4641.000000 68.124885
218.500000 4637 68.095521 4637.000000 68.095521
219.500000 4474 66.887966 4474.000000 66.887966
220.500000 4416 66.452991 4416.000000 66.452991
221.500000 4259 65.261014 4259.000000 65.261014
222.500000 4203 64.830548 4203.000000 64.830548
223.500000 4161 64.505814 4161.000000 64.505814
224.500000 4066 63.765194 4066.000000 63.765194
225.500000 3910 62.529993 3910.000000 62.529993
226.500000 3951 62.856981 3951.000000 62.856981
227.500000 4004 63.277168 4004.000000 63.277168
228.500000 3784 61.514226 3784.000000 61.514226
229.500000 3835 61.927377 3835.000000 61.927377
230.500000 3783 61.506097 3783.000000 61.506097
231.500000 3779 61.473572 3779.000000 61.473572
232.500000 3838 61.951594 3838.000000 61.951594
233.500000 3716 60.959003 3716.000000 60.959003
234.500000 3765 61.359596 3765.000000 61.359596
235.500000 3803 61.668468 3803.000000 61.668468
236.500000 3686 60.712437 3686.000000 60.712437
237.500000 3810 61.725197 3810.000000 61.725197
238.500000 3802 61.660360 3802.000000 61.660360
239.500000 3836 61.935450 3836.000000 61.935450
240.500000 3881 62.297673 3881.000000 62.297673
241.500000 3976 63.055531 3976.000000 63.055531
242.500000 4074 63.827894 4074.000000 63.827894
243.500000 3936 62.737549 3936.000000 62.737549
244.500000 4102 64.046858 4102.000000 64.046858
245.500000 4345 65.916614 4345.000000 65.916614
246.500000 4202 64.822835 4202.000000 64.822835
247.500000 4347 65.931783 4347.000000 65.931783
248.500000 4480 66.932802 4480.000000 66.932802
249.500000 4707 68.607580 4707.000000 68.607580
250.500000 4900 70.000000 4900.000000 70.000000
251.500000 4818 69.411815 4818.000000 69.411815
252.500000 5036 70.964780 5036.000000 70.964780
253.500000 5104 71.442284 5104.000000 71.442284
254.500000 5246 72.429276 5246.000000 72.429276
255.500000 5407 73.532306 5407.000000 73.532306
256.500000 5574 74.659226 5574.000000 74.659226
257.500000 5628 75.019997 5628.000000 75.019997
258.500000 5774 75.986841 5774.000000 75.986841
259.500000 5851 76.491830 5851.000000 76.491830
260.500000 6005 77.491935 6005.000000 77.491935
261.500000 5978 77.317527 5978.000000 77.317527
262.500000 6209 78.797208 6209.000000 78.797208
263.500000 6257 79.101201 6257.000000 79.101201
264.500000 6398 79.987499 6398.000000 79.987499
265.500000 6469 80.430094 6469.000000 80.430094
266.500000 6493 80.579154 6493.000000 80.579154
267.500000 6496 80.597767 6496.000000 80.597767
268.500000 6523 80.765091 6523.000000 80.765091
269.500000 6548 80.919713 6548.000000 80.919713
270.500000 6765 82.249620 6765.000000 82.249620
271.500000 6638 81.473922 6638.000000 81.473922
272.500000 6601 81.246538 6601.000000 81.246538
273.500000 6494 80.585358 6494.000000 80.585358
274.500000 6757 82.200973 6757.000000 82.200973
275.500000 6465 80.405224 6465.000000 80.405224
276.500000 6444 80.274529 6444.000000 80.274529
277.500000 6482 80.510869 6482.000000 80.510869
278.500000 6420 80.124902 6420.000000 80.124902
279.500000 6285 79.277992 6285.000000 79.277992
280.500000 6161 78.492038 6161.000000 78.492038
281.500000 6192 78.689262 6192.000000 78.689262
282.500000 6148 78.409183 6148.000000 78.409183
283.500000 6014 77.549984 6014.000000 77.549984
284.500000 5859 76.544105 5859.000000 76.544105
285.500000 5829 76.347888 5829.000000 76.347888
286.500000 5745 75.795778 5745.000000 75.795778
287.500000 5471 73.966209 5471.000000 73.966209
288.500000 5441 73.763134 5441.000000 73.763134
289.500000 5292 72.746134 5292.000000 72.746134
290.500000 5259 72.518963 5259.000000 72.518963
291.500000 5064 71.161787 5064.000000 71.161787
292.500000 4921 70.149840 4921.000000 70.149840
293.500000 4728 68.760454 4728.000000 68.760454
294.500000 4654 68.220232 4654.000000 68.220232
295.500000 4491 67.014924 4491.000000 67.014924
296.500000 4594 67.779053 4594.000000 67.779053
297.500000 4407 66.385239 4407.000000 66.385239
298.500000 4298 65.559134 4298.000000 65.559134
299.500000 4222 64.976919 4222.000000 64.976919
300.500000 4145 64.381674 4145.000000 64.381674
301.500000 3973 63.031738 3973.000000 63.031738
302.500000 3928 62.673758 3928.000000 62.673758
303.500000 3801 61.652251 3801.000000 61.652251
304.500000 3742 61.171889 3742.000000 61.171889
305.500000 3610 60.083276 3610.000000 60.083276
306.500000 3587 59.891569 3587.000000 59.891569
307.500000 3499 59.152346 3499.000000 59.152346
308.500000 3386 58.189346 3386.000000 58.189346
309.500000 3291 57.367238 3291.000000 57.367238
310.500000 3303 57.471732 3303.000000 57.471732
311.500000 3123 55.883808 3123.000000 55.883808
312.500000 3163 56.240555 3163.000000 56.240555
313.500000 3039 55.127126 3039.000000 55.127126
314.500000 3032 55.063600 3032.000000 55.063600
315.500000 2925 54.083269 2925.000000 54.083269
316.500000 2892 53.777319 2892.000000 53.777319
317.500000 2765 52.583267 2765.000000 52.583267
318.500000 2758 52.516664 2758.000000 52.516664
319.500000 2729 52.239832 2729.000000 52.239832
320.500000 2568 50.675438 2568.000000 50.675438
321.500000 2612 51.107729 2612.000000 51.107729
322.500000 2621 51.195703 2621.000000 51.195703
323.500000 2447 49.467161 2447.000000 49.467161
324.500000 2436 49.355851 2436.000000 49.355851
325.500000 2394 48.928519 2394.000000 48.928519
326.500000 2296 47.916594 2296.000000 47.916594
327.500000 2297 47.927028 2297.000000 47.927028
328.500000 2138 46.238512 2138.000000 46.238512
329.500000 2125 46.097722 2125.000000 46.097722
330.500000 2117 46.010868 2117.000000 46.010868
331.500000 2096 45.782093 2096.000000 45.782093
332.500000 2065 45.442271 2065.000000 45.442271
333.500000 2003 44.754888 2003.000000 44.754888
334.500000 1923 43.852024 1923.000000 43.852024
335.500000 1951 44.170126 1951.000000 44.170126
336.500000 1860 43.127717 1860.000000 43.127717
337.500000 1795 42.367440 1795.000000 42.367440
338.500000 1696 41.182521 1696.000000 41.182521
339.500000 1691 41.121770 1691.000000 41.121770
340.500000 1716 41.424630 1716.000000 41.424630
341.500000 1695 41.170378 1695.000000 41.170378
342.500000 1625 40.311289 1625.000000 40.311289
343.500000 1476 38.418745 1476.000000 38.418745
344.500000 1542 39.268308 1542.000000 39.268308
345.500000 1552 39.395431 1552.000000 39.395431
346.500000 1481 38.483763 1481.000000 38.483763
347.500000 1437 37.907783 1437.000000 37.907783
348.500000 1385 37.215588 1385.000000 37.215588
349.500000 1342 36.633318 1342.000000 36.633318
350.500000 1309 36.180105 1309.000000 36.180105
351.500000 1328 36.441734 1328.000000 36.441734
352.500000 1247 35.312887 1247.000000 35.312887
353.500000 1271 35.651087 1271.000000 35.651087
354.500000 1231 35.085610 1231.000000 35.085610
355.500000 1207 34.741906 1207.000000 34.741906
356.500000 1201 34.655447 1201.000000 34.655447
357.500000 1128 33.585711 1128.000000 33.585711
358.500000 1171 34.219877 1171.000000 34.219877
359.500000 1147 33.867388 1147.000000 33.867388
360.500000 1168 34.176015 1168.000000 34.176015
361.500000 1117 33.421550 1117.000000 33.421550
362.500000 1068 32.680269 1068.000000 32.680269
363.500000 1084 32.924155 1084.000000 32.924155
364.500000 1079 32.848135 1079.000000 32.848135
365.500000 1086 32.954514 1086.000000 32.954514
366.500000 1040 32.249031 1040.000000 32.249031
367.500000 1042 32.280025 1042.000000 32.280025
368.500000 1078 32.832910 1078.000000 32.832910
369.500000 1058 32.526912 1058.000000 32.526912
370.500000 1050 32.403703 1050.000000 32.403703
371.500000 1047 32.357379 1047.000000 32.357379
372.500000 968 31.112698 968.000000 31.112698
373.500000 998 31.591138 998.000000 31.591138
374.500000 938 30.626786 938.000000 30.626786
375.500000 1000 31.622777 1000.000000 31.622777
376.500000 957 30.935417 957.000000 30.935417
377.500000 948 30.789609 948.000000 30.789609
378.500000 946 30.757113 946.000000 30.757113
379.500000 893 29.883106 893.000000 29.883106
380.500000 910 30.166206 910.000000 30.166206
381.500000 892 29.866369 892.000000 29.866369
382.500000 954 30.886890 954.000000 30.886890
383.500000 882 29.698485 882.000000 29.698485
384.500000 932 30.528675 932.000000 30.528675
385.500000 869 29.478806 869.000000 29.478806
386.500000 958 30.951575 958.000000 30.951575
387.500000 906 30.099834 906.000000 30.099834
388.500000 906 30.099834 906.000000 30.099834
389.500000 859 29.308702 859.000000 29.308702
390.500000 886 29.765752 886.000000 29.765752
391.500000 930 30.495901 930.000000 30.495901
392.500000 840 28.982753 840.000000 28.982753
393.500000 879 29.647934 879.000000 29.647934
394.500000 820 28.635642 820.000000 28.635642
395.500000 836 28.913665 836.000000 28.913665
396.500000 834 28.879058 834.000000 28.879058
397.500000 838 28.948230 838.000000 28.948230
398.500000 826 28.740216 826.000000 28.740216
399.500000 832 28.844410 832.000000 28.844410
400.500000 853 29.206164 853.000000 29.206164
401.500000 837 28.930952 837.000000 28.930952
402.500000 766 27.676705 766.000000 27.676705
403.500000 805 28.372522 805.000000 28.372522
404.500000 817 28.583212 817.000000 28.583212
405.500000 795 28.195744 795.000000 28.195744
406.500000 828 28.774989 828.000000 28.774989
407.500000 787 28.053520 787.000000 28.053520
408.500000 843 29.034462 843.000000 29.034462
409.500000 826 28.740216 826.000000 28.740216
410.500000 810 28.460499 810.000000 28.460499
411.500000 760 27.568098 760.000000 27.568098
412.500000 811 28.478062 811.000000 28.478062
413.500000 794 28.178006 794.000000 28.178006
414.500000 774 27.820855 774.000000 27.820855
415.500000 759 27.549955 759.000000 27.549955
416.500000 776 27.856777 776.000000 27.856777
417.500000 793 28.160256 793.000000 28.160256
418.500000 775 27.838822 775.000000 27.838822
419.500000 753 27.440845 753.000000 27.440845
420.500000 754 27.459060 754.000000 27.459060
421.500000 784 28.000000 784.000000 28.000000
422.500000 761 27.586228 761.000000 27.586228
423.500000 759 27.549955 759.000000 27.549955
424.500000 729 27.000000 729.000000 27.000000
425.500000 718 26.795522 718.000000 26.795522
426.500000 686 26.191602 686.000000 26.191602
427.500000 744 27.276363 744.000000 27.276363
428.500000 730 27.018512 730.000000 27.018512
429.500000 761 27.586228 761.000000 27.586228
430.500000 683 26.134269 683.000000 26.134269
431.500000 734 27.092434 734.000000 27.092434
432.500000 746 27.313001 746.000000 27.313001
433.500000 701 26.476405 701.000000 26.476405
434.500000 746 27.313001 746.000000 27.313001
435.500000 696 26.381812 696.000000 26.381812
436.500000 706 26.570661 706.000000 26.570661
437.500000 688 26.229754 688.000000 26.229754
438.500000 694 26.343880 694.000000 26.343880
439.500000 717 26.776856 717.000000 26.776856
440.500000 667 25.826343 667.000000 25.826343
441.500000 715 26.739484 715.000000 26.739484
442.500000 713 26.702060 713.000000 26.702060
443.500000 645 25.396850 645.000000 25.396850
444.500000 700 26.457513 700.000000 26.457513
445.500000 691 26.286879 691.000000 26.286879
446.500000 692 26.305893 692.000000 26.305893
447.500000 681 26.095977 681.000000 26.095977
448.500000 708 26.608269 708.000000 26.608269
449.500000 675 25.980762 675.000000 25.980762
450.500000 656 25.612497 656.000000 25.612497
451.500000 660 25.690465 660.000000 25.690465
452.500000 647 25.436195 647.000000 25.436195
453.500000 596 24.413111 596.000000 24.413111
454.500000 639 25.278449 639.000000 25.278449
455.500000 657 25.632011 657.000000 25.632011
456.500000 646 25.416530 646.000000 25.416530
457.500000 602 24.535688 602.000000 24.535688
458.500000 604 24.576411 604.000000 24.576411
459.500000 609 24.677925 609.000000 24.677925
460.500000 600 24.494897 600.000000 24.494897
461.500000 621 24.919872 621.000000 24.919872
462.500000 640 25.298221 640.000000 25.298221
463.500000 637 25.238859 637.000000 25.238859
464.500000 595 24.392622 595.000000 24.392622
465.500000 619 24.879711 619.000000 24.879711
466.500000 688 26.229754 688.000000 26.229754
467.500000 611 24.718414 611.000000 24.718414
468.500000 591 24.310492 591.000000 24.310492
469.500000 618 24.859606 618.000000 24.859606
470.500000 614 24.779023 614.000000 24.779023
471.500000 604 24.576411 604.000000 24.576411
472.500000 586 24.207437 586.000000 24.207437
473.500000 580 24.083189 580.000000 24.083189
474.500000 545 23.345235 545.000000 23.345235
475.500000 604 24.576411 604.000000 24.576411
476.500000 547 23.388031 547.000000 23.388031
477.500000 588 24.248711 588.000000 24.248711
478.500000 631 25.119713 631.000000 25.119713
479.500000 579 24.062419 579.000000 24.062419
480.500000 570 23.874673 570.000000 23.874673
481.500000 523 22.869193 523.000000 22.869193
482.500000 517 22.737634 517.000000 22.737634
483.500000 530 23.021729 530.000000 23.021729
484.500000 532 23.065125 532.000000 23.065125
485.500000 564 23.748684 564.000000 23.748684
486.500000 512 22.627417 512.000000 22.627417
487.500000 511 22.605309 511.000000 22.605309
488.500000 581 24.103942 581.000000 24.103942
489.500000 528 22.978251 528.000000 22.978251
490.500000 489 22.113344 489.000000 22.113344
491.500000 520 22.803509 520.000000 22.803509
492.500000 516 22.715633 516.000000 22.715633
493.500000 521 22.825424 521.000000 22.825424
494.500000 497 22.293497 497.000000 22.293497
495.500000 520 22.803509 520.000000 22.803509
496.500000 525 22.912878 525.000000 22.912878
497.500000 513 22.649503 513.000000 22.649503
498.500000 523 22.869193 523.000000 22.869193
499.500000 494 22.226111 494.000000 22.226111
500.500000 509 22.561028 509.000000 22.561028
501.500000 500 22.360680 500.000000 22.360680
502.500000 473 21.748563 473.000000 21.748563
503.500000 468 21.633308 468.000000 21.633308
504.500000 462 21.494185 462.000000 21.494185
505.500000 469 21.656408 469.000000 21.656408
506.500000 453 21.283797 453.000000 21.283797
507.500000 451 21.236761 451.000000 21.236761
508.500000 489 22.113344 489.000000 22.113344
509.500000 450 21.213203 450.000000 21.213203
510.500000 486 22.045408 486.000000 22.045408
511.500000 468 21.633308 468.000000 21.633308
512.500000 430 20.736441 430.000000 20.736441
513.500000 510 22.583180 510.000000 22.583180
514.500000 458 21.400935 458.000000 21.400935
515.500000 443 21.047565 443.000000 21.047565
516.500000 437 20.904545 437.000000 20.904545
517.500000 430 20.736441 430.000000 20.736441
518.500000 440 20.976177 440.000000 20.976177
519.500000 442 21.023796 442.000000 21.023796
520.500000 458 21.400935 458.000000 21.400935
521.500000 447 21.142375 447.000000 21.142375
522.500000 441 21.000000 441.000000 21.000000
523.500000 406 20.149442 406.000000 20.149442
524.500000 391 19.773720 391.000000 19.773720
525.500000 407 20.174241 407.000000 20.174241
526.500000 400 20.000000 400.000000 20.000000
527.500000 447 21.142375 447.000000 21.142375
528.500000 437 20.904545 437.000000 20.904545
529.500000 459 21.424285 459.000000 21.424285
530.500000 405 20.124612 405.000000 20.124612
531.500000 405 20.124612 405.000000 20.124612
532.500000 418 20.445048 418.000000 20.445048
533.500000 447 21.142375 447.000000 21.142375
534.500000 444 21.071308 444.000000 21.071308
535.500000 440 20.976177 440.000000 20.976177
536.500000 414 20.346990 414.000000 20.346990
537.500000 419 20.469489 419.000000 20.469489
538.500000 414 20.346990 414.000000 20.346990
539.500000 382 19.544820 382.000000 19.544820
540.500000 421 20.518285 421.000000 20.518285
541.500000 395 19.874607 395.000000 19.874607
542.500000 413 20.322401 413.000000 20.322401
543.500000 387 19.672316 387.000000 19.672316
544.500000 391 19.773720 391.000000 19.773720
545.500000 394 19.849433 394.000000 19.849433
546.500000 399 19.974984 399.000000 19.974984
547.500000 430 20.736441 430.000000 20.736441
548.500000 407 20.174241 407.000000 20.174241
549.500000 417 20.420578 417.000000 20.420578
550.500000 397 19.924859 397.000000 19.924859
551.500000 405 20.124612 405.000000 20.124612
552.500000 407 20.174241 407.000000 20.174241
553.500000 400 20.000000 400.000000 20.000000
554.500000 412 20.297783 412.000000 20.297783
555.500000 399 19.974984 399.000000 19.974984
556.500000 438 20.928450 438.000000 20.928450
557.500000 371 19.261360 371.000000 19.261360
558.500000 420 20.493902 420.000000 20.493902
559.500000 393 19.824228 393.000000 19.824228
560.500000 407 20.174241 407.000000 20.174241
561.500000 393 19.824228 393.000000 19.824228
562.500000 377 19.416488 377.000000 19.416488
563.500000 413 20.322401 413.000000 20.322401
564.500000 372 19.287302 372.000000 19.287302
565.500000 369 19.209373 369.000000 19.209373
566.500000 384 19.595918 384.000000 19.595918
567.500000 447 21.142375 447.000000 21.142375
568.500000 385 19.621417 385.000000 19.621417
569.500000 412 20.297783 412.000000 20.297783
570.500000 399 19.974984 399.000000 19.974984
571.500000 384 19.595918 384.000000 19.595918
572.500000 400 20.000000 400.000000 20.000000
573.500000 373 19.313208 373.000000 19.313208
574.500000 391 19.773720 391.000000 19.773720
575.500000 405 20.124612 405.000000 20.124612
576.500000 411 20.273135 411.000000 20.273135
577.500000 413 20.322401 413.000000 20.322401
578.500000 410 20.248457 410.000000 20.248457
579.500000 419 20.469489 419.000000 20.469489
580.500000 397 19.924859 397.000000 19.924859
581.500000 414 20.346990 414.000000 20.346990
582.500000 392 19.798990 392.000000 19.798990
583.500000 398 19.949937 398.000000 19.949937
584.500000 373 19.313208 373.000000 19.313208
585.500000 380 19.493589 380.000000 19.493589
586.500000 390 19.748418 390.000000 19.748418
587.500000 381 19.519221 381.000000 19.519221
588.500000 399 19.974984 399.000000 19.974984
589.500000 391 19.773720 391.000000 19.773720
590.500000 416 20.396078 416.000000 20.396078
591.500000 410 20.248457 410.000000 20.248457
592.500000 375 19.364917 375.000000 19.364917
593.500000 420 20.493902 420.000000 20.493902
594.500000 388 19.697716 388.000000 19.697716
595.500000 405 20.124612 405.000000 20.124612
596.500000 373 19.313208 373.000000 19.313208
597.500000 389 19.723083 389.000000 19.723083
598.500000 378 19.442222 378.000000 19.442222
599.500000 419 20.469489 419.000000 20.469489
600.500000 399 19.974984 399.000000 19.974984
601.500000 377 19.416488 377.000000 19.416488
602.500000 385 19.621417 385.000000 19.621417
603.500000 389 19.723083 389.000000 19.723083
604.500000 375 19.364917 375.000000 19.364917
605.500000 342 18.493242 342.000000 18.493242
606.500000 383 19.570386 383.000000 19.570386
607.500000 358 18.920888 358.000000 18.920888
608.500000 374 19.339080 374.000000 19.339080
609.500000 367 19.157244 367.000000 19.157244
610.500000 405 20.124612 405.000000 20.124612
611.500000 406 20.149442 406.000000 20.149442
612.500000 358 18.920888 358.000000 18.920888
613.500000 369 19.209373 369.000000 19.209373
614.500000 378 19.442222 378.000000 19.442222
615.500000 371 19.261360 371.000000 19.261360
616.500000 370 19.235384 370.000000 19.235384
617.500000 364 19.078784 364.000000 19.078784
618.500000 372 19.287302 372.000000 19.287302
619.500000 381 19.519221 381.000000 19.519221
620.500000 356 18.867962 356.000000 18.867962
621.500000 379 19.467922 379.000000 19.467922
622.500000 344 18.547237 344.000000 18.547237
623.500000 344 18.547237 344.000000 18.547237
624.500000 333 18.248288 333.000000 18.248288
625.500000 314 17.720045 314.000000 17.720045
626.500000 333 18.248288 333.000000 18.248288
627.500000 345 18.574176 345.000000 18.574176
628.500000 321 17.916473 321.000000 17.916473
629.500000 317 17.804494 317.000000 17.804494
630.500000 342 18.493242 342.000000 18.493242
631.500000 312 17.663522 312.000000 17.663522
632.500000 305 17.464249 305.000000 17.464249
633.500000 310 17.606817 310.000000 17.606817
634.500000 285 16.881943 285.000000 16.881943
635.500000 291 17.058722 291.000000 17.058722
636.500000 338 18.384776 338.000000 18.384776
637.500000 294 17.146428 294.000000 17.146428
638.500000 293 17.117243 293.000000 17.117243
639.500000 310 17.606817 310.000000 17.606817
640.500000 281 16.763055 281.000000 16.763055
641.500000 290 17.029386 290.000000 17.029386
642.500000 297 17.233688 297.000000 17.233688
643.500000 301 17.349352 301.000000 17.349352
644.500000 267 16.340135 267.000000 16.340135
645.500000 256 16.000000 256.000000 16.000000
646.500000 263 16.217275 263.000000 16.217275
647.500000 265 16.278821 265.000000 16.278821
648.500000 240 15.491933 240.000000 15.491933
649.500000 252 15.874508 252.000000 15.874508
650.500000 240 15.491933 240.000000 15.491933
651.500000 249 15.779734 249.000000 15.779734
652.500000 230 15.165751 230.000000 15.165751
653.500000 237 15.394804 237.000000 15.394804
654.500000 241 15.524175 241.000000 15.524175
655.500000 248 15.748016 248.000000 15.748016
656.500000 232 15.231546 232.000000 15.231546
657.500000 224 14.966630 224.000000 14.966630
658.500000 240 15.491933 240.000000 15.491933
659.500000 224 14.966630 224.000000 14.966630
660.500000 210 14.491377 210.000000 14.491377
661.500000 208 14.422205 208.000000 14.422205
662.500000 192 13.856406 192.000000 13.856406
663.500000 211 14.525839 211.000000 14.525839
664.500000 204 14.282857 204.000000 14.282857
665.500000 194 13.928388 194.000000 13.928388
666.500000 213 14.594520 213.000000 14.594520
667.500000 208 14.422205 208.000000 14.422205
668.500000 207 14.387495 207.000000 14.387495
669.500000 179 13.379088 179.000000 13.379088
670.500000 181 13.453624 181.000000 13.453624
671.500000 181 13.453624 181.000000 13.453624
672.500000 197 14.035669 197.000000 14.035669
673.500000 178 13.341664 178.000000 13.341664
674.500000 169 13.000000 169.000000 13.000000
675.500000 181 13.453624 181.000000 13.453624
676.500000 178 13.341664 178.000000 13.341664
677.500000 174 13.190906 174.000000 13.190906
678.500000 157 12.529964 157.000000 12.529964
679.500000 148 12.165525 148.000000 12.165525
680.500000 145 12.041595 145.000000 12.041595
681.500000 165 12.845233 165.000000 12.845233
682.500000 140 11.832160 140.000000 11.832160
683.500000 150 12.247449 150.000000 12.247449
684.500000 141 11.874342 141.000000 11.874342
685.500000 164 12.806248 164.000000 12.806248
686.500000 148 12.165525 148.000000 12.165525
687.500000 139 11.789826 139.000000 11.789826
688.500000 133 11.532563 133.000000 11.532563
689.500000 135 11.618950 135.000000 11.618950
690.500000 136 11.661904 136.000000 11.661904
691.500000 143 11.958261 143.000000 11.958261
692.500000 130 11.401754 130.000000 11.401754
693.500000 129 11.357817 129.000000 11.357817
694.500000 103 10.148892 103.000000 10.148892
695.500000 134 11.575837 134.000000 11.575837
696.500000 132 11.489125 132.000000 11.489125
697.500000 129 11.357817 129.000000 11.357817
698.500000 121 11.000000 121.000000 11.000000
699.500000 131 11.445523 131.000000 11.445523
700.500000 123 11.090537 123.000000 11.090537
701.500000 134 11.575837 134.000000 11.575837
702.500000 119 10.908712 119.000000 10.908712
703.500000 119 10.908712 119.000000 10.908712
704.500000 120 10.954451 120.000000 10.954451
705.500000 108 10.392305 108.000000 10.392305
706.500000 109 10.440307 109.000000 10.440307
707.500000 116 10.770330 116.000000 10.770330
708.500000 95 9.746794 95.000000 9.746794
709.500000 93 9.643651 93.000000 9.643651
710.500000 115 10.723805 115.000000 10.723805
711.500000 126 11.224972 126.000000 11.224972
712.500000 88 9.380832 88.000000 9.380832
713.500000 107 10.344080 107.000000 10.344080
714.500000 88 9.380832 88.000000 9.380832
715.500000 106 10.295630 106.000000 10.295630
716.500000 108 10.392305 108.000000 10.392305
717.500000 112 10.583005 112.000000 10.583005
718.500000 100 10.000000 100.000000 10.000000
719.500000 94 9.695360 94.000000 9.695360
720.500000 93 9.643651 93.000000 9.643651
721.500000 71 8.426150 71.000000 8.426150
722.500000 97 9.848858 97.000000 9.848858
723.500000 84 9.165151 84.000000 9.165151
724.500000 88 9.380832 88.000000 9.380832
725.500000 72 8.485281 72.000000 8.485281
726.500000 72 8.485281 72.000000 8.485281
727.500000 91 9.539392 91.000000 9.539392
728.500000 77 8.774964 77.000000 8.774964
729.500000 87 9.327379 87.000000 9.327379
730.500000 72 8.485281 72.000000 8.485281
731.500000 87 9.327379 87.000000 9.327379
732.500000 68 8.246211 68.000000 8.246211
733.500000 76 8.717798 76.000000 8.717798
734.500000 87 9.327379 87.000000 9.327379
735.500000 69 8.306624 69.000000 8.306624
736.500000 65 8.062258 65.000000 8.062258
737.500000 82 9.055385 82.000000 9.055385
738.500000 66 8.124038 66.000000 8.124038
739.500000 62 7.874008 62.000000 7.874008
740.500000 80 8.944272 80.000000 8.944272
741.500000 70 8.366600 70.000000 8.366600
742.500000 52 7.211103 52.000000 7.211103
743.500000 64 8.000000 64.000000 8.000000
744.500000 67 8.185353 67.000000 8.185353
745.500000 67 8.185353 67.000000 8.185353
746.500000 69 8.306624 69.000000 8.306624
747.500000 64 8.000000 64.000000 8.000000
748.500000 56 7.483315 56.000000 7.483315
749.500000 59 7.681146 59.000000 7.681146
750.500000 69 8.306624 69.000000 8.306624
751.500000 63 7.937254 63.000000 7.937254
752.500000 44 6.633250 44.000000 6.633250
753.500000 50 7.071068 50.000000 7.071068
754.500000 46 6.782330 46.000000 6.782330
755.500000 59 7.681146 59.000000 7.681146
756.500000 62 7.874008 62.000000 7.874008
757.500000 55 7.416198 55.000000 7.416198
758.500000 46 6.782330 46.000000 6.782330
759.500000 59 7.681146 59.000000 7.681146
760.500000 56 7.483315 56.000000 7.483315
761.500000 46 6.782330 46.000000 6.782330
762.500000 65 8.062258 65.000000 8.062258
763.500000 57 7.549834 57.000000 7.549834
764.500000 54 7.348469 54.000000 7.348469
765.500000 45 6.708204 45.000000 6.708204
766.500000 54 7.348469 54.000000 7.348469
767.500000 35 5.916080 35.000000 5.916080
768.500000 45 6.708204 45.000000 6.708204
769.500000 51 7.141428 51.000000 7.141428
770.500000 56 7.483315 56.000000 7.483315
771.500000 46 6.782330 46.000000 6.782330
772.500000 34 5.830952 34.000000 5.830952
773.500000 40 6.324555 40.000000 6.324555
774.500000 42 6.480741 42.000000 6.480741
775.500000 41 6.403124 41.000000 6.403124
776.500000 43 6.557439 43.000000 6.557439
777.500000 41 6.403124 41.000000 6.403124
778.500000 33 5.744563 33.000000 5.744563
779.500000 40 6.324555 40.000000 6.324555
780.500000 38 6.164414 38.000000 6.164414
781.500000 45 6.708204 45.000000 6.708204
782.500000 45 6.708204 45.000000 6.708204
783.500000 32 5.656854 32.000000 5.656854
784.500000 36 6.000000 36.000000 6.000000
785.500000 31 5.567764 31.000000 5.567764
786.500000 44 6.633250 44.000000 6.633250
787.500000 30 5.477226 30.000000 5.477226
788.500000 31 5.567764 31.000000 5.567764
789.500000 27 5.196152 27.000000 5.196152
790.500000 40 6.324555 40.000000 6.324555
791.500000 40 6.324555 40.000000 6.324555
792.500000 40 6.324555 40.000000 6.324555
793.500000 49 7.000000 49.000000 7.000000
794.500000 34 5.830952 34.000000 5.830952
795.500000 26 5.099020 26.000000 5.099020
796.500000 27 5.196152 27.000000 5.196152
797.500000 26 5.099020 26.000000 5.099020
798.500000 37 6.082763 37.000000 6.082763
799.500000 29 5.385165 29.000000 5.385165
800.500000 27 5.196152 27.000000 5.196152
801.500000 26 5.099020 26.000000 5.099020
802.500000 33 5.744563 33.000000 5.744563
803.500000 36 6.000000 36.000000 6.000000
804.500000 32 5.656854 32.000000 5.656854
805.500000 21 4.582576 21.000000 4.582576
806.500000 36 6.000000 36.000000 6.000000
807.500000 23 4.795832 23.000000 4.795832
808.500000 29 5.385165 29.000000 5.385165
809.500000 26 5.099020 26.000000 5.099020
810.500000 19 4.358899 19.000000 4.358899
811.500000 29 5.385165 29.000000 5.385165
812.500000 24 4.898979 24.000000 4.898979
813.500000 24 4.898979 24.000000 4.898979
814.500000 23 4.795832 23.000000 4.795832
815.500000 22 4.690416 22.000000 4.690416
816.500000 15 3.872983 15.000000 3.872983
817.500000 23 4.795832 23.000000 4.795832
818.500000 26 5.099020 26.000000 5.099020
819.500000 22 4.690416 22.000000 4.690416
820.500000 22 4.690416 22.000000 4.690416
821.500000 20 4.472136 20.000000 4.472136
822.500000 13 3.605551 13.000000 3.605551
823.500000 13 3.605551 13.000000 3.605551
824.500000 20 4.472136 20.000000 4.472136
825.500000 14 3.741657 14.000000 3.741657
826.500000 17 4.123106 17.000000 4.123106
827.500000 15 3.872983 15.000000 3.872983
828.500000 16 4.000000 16.000000 4.000000
829.500000 19 4.358899 19.000000 4.358899
830.500000 8 2.828427 8.000000 2.828427
831.500000 13 3.605551 13.000000 3.605551
832.500000 10 3.162278 10.000000 3.162278
833.500000 11 3.316625 11.000000 3.316625
834.500000 13 3.605551 13.000000 3.605551
835.500000 17 4.123106 17.000000 4.123106
836.500000 5 2.236068 5.000000 2.236068
837.500000 7 2.645751 7.000000 2.645751
838.500000 11 3.316625 11.000000 3.316625
839.500000 12 3.464102 12.000000 3.464102
840.500000 11 3.316625 11.000000 3.316625
841.500000 7 2.645751 7.000000 2.645751
842.500000 11 3.316625 11.000000 3.316625
843.500000 13 3.605551 13.000000 3.605551
844.500000 6 2.449490 6.000000 2.449490
845.500000 8 2.828427 8.000000 2.828427
846.500000 10 3.162278 10.000000 3.162278
847.500000 6 2.449490 6.000000 2.449490
848.500000 11 3.316625 11.000000 3.316625
849.500000 8 2.828427 8.000000 2.828427
850.500000 5 2.236068 5.000000 2.236068
851.500000 8 2.828427 8.000000 2.828427
852.500000 2 1.414214 2.000000 1.414214
853.500000 2 1.414214 2.000000 1.414214
854.500000 3 1.732051 3.000000 1.732051
855.500000 0 0.000000 0.000000 0.000000
856.500000 2 1.414214 2.000000 1.414214
857.500000 3 1.732051 3.000000 1.732051
858.500000 5 2.236068 5.000000 2.236068
859.500000 2 1.414214 2.000000 1.414214
860.500000 3 1.732051 3.000000 1.732051
861.500000 3 1.732051 3.000000 1.732051
862.500000 3 1.732051 3.000000 1.732051
863.500000 1 1.000000 1.000000 1.000000
864.500000 4 2.000000 4.000000 2.000000
865.500000 3 1.732051 3.000000 1.732051
866.500000 4 2.000000 4.000000 2.000000
867.500000 6 2.449490 6.000000 2.449490
868.500000 1 1.000000 1.000000 1.000000
869.500000 3 1.732051 3.000000 1.732051
870.500000 1 1.000000 1.000000 1.000000
871.500000 3 1.732051 3.000000 1.732051
872.500000 0 0.000000 0.000000 0.000000
873.500000 1 1.000000 1.000000 1.000000
874.500000 3 1.732051 3.000000 1.732051
875.500000 2 1.414214 2.000000 1.414214
876.500000 1 1.000000 1.000000 1.000000
877.500000 2 1.414214 2.000000 1.414214
878.500000 0 0.000000 0.000000 0.000000
879.500000 2 1.414214 2.000000 1.414214
880.500000 2 1.414214 2.000000 1.414214
881.500000 2 1.414214 2.000000 1.414214
882.500000 1 1.000000 1.000000 1.000000
883.500000 2 1.414214 2.000000 1.414214
884.500000 0 0.000000 0.000000 0.000000
885.500000 0 0.000000 0.000000 0.000000
886.500000 0 0.000000 0.000000 0.000000
887.500000 2 1.414214 2.000000 1.414214
888.500000 0 0.000000 0.000000 0.000000
889.500000 1 1.000000 1.000000 1.000000
890.500000 0 0.000000 0.000000 0.000000
891.500000 0 0.000000 0.000000 0.000000
892.500000 1 1.000000 1.000000 1.000000
893.500000 0 0.000000 0.000000 0.000000
894.500000 1 1.000000 1.000000 1.000000
895.500000 1 1.000000 1.000000 1.000000
896.500000 1 1.000000 1.000000 1.000000
897.500000 1 1.000000 1.000000 1.000000
898.500000 1 1.000000 1.000000 1.000000
899.500000 0 0.000000 0.000000 0.000000
900.500000 0 0.000000 0.000000 0.000000
901.500000 2 1.414214 2.000000 1.414214
902.500000 2 1.414214 2.000000 1.414214
903.500000 1 1.000000 1.000000 1.000000
904.500000 0 0.000000 0.000000 0.000000
905.500000 1 1.000000 1.000000 1.000000
906.500000 0 0.000000 0.000000 0.000000
907.500000 1 1.000000 1.000000 1.000000
908.500000 0 0.000000 0.000000 0.000000
909.500000 1 1.000000 1.000000 1.000000
910.500000 0 0.000000 0.000000 0.000000
911.500000 0 0.000000 0.000000 0.000000
912.500000 1 1.000000 1.000000 1.000000
913.500000 0 0.000000 0.000000 0.000000
914.500000 2 1.414214 2.000000 1.414214
915.500000 0 0.000000 0.000000 0.000000
916.500000 0 0.000000 0.000000 0.000000
917.500000 0 0.000000 0.000000 0.000000
918.500000 0 0.000000 0.000000 0.000000
919.500000 0 0.000000 0.000000 0.000000
920.500000 0 0.000000 0.000000 0.000000
921.500000 0 0.000000 0.000000 0.000000
922.500000 0 0.000000 0.000000 0.000000
923.500000 0 0.000000 0.000000 0.000000
924.500000 0 0.000000 0.000000 0.000000
925.500000 0 0.000000 0.000000 0.000000
926.500000 0 0.000000 0.000000 0.000000
927.500000 0 0.000000 0.000000 0.000000
928.500000 1 1.000000 1.000000 1.000000
929.500000 0 0.000000 0.000000 0.000000
930.500000 0 0.000000 0.000000 0.000000
931.500000 0 0.000000 0.000000 0.000000
932.500000 0 0.000000 0.000000 0.000000
933.500000 0 0.000000 0.000000 0.000000
934.500000 1 1.000000 1.000000 1.000000
935.500000 1 1.000000 1.000000 1.000000
936.500000 0 0.000000 0.000000 0.000000
937.500000 0 0.000000 0.000000 0.000000
938.500000 0 0.000000 0.000000 0.000000
939.500000 0 0.000000 0.000000 0.000000
940.500000 0 0.000000 0.000000 0.000000
941.500000 0 0.000000 0.000000 0.000000
942.500000 0 0.000000 0.000000 0.000000
943.500000 0 0.000000 0.000000 0.000000
944.500000 0 0.000000 0.000000 0.000000
945.500000 1 1.000000 1.000000 1.000000
946.500000 0 0.000000 0.000000 0.000000
947.500000 0 0.000000 0.000000 0.000000
948.500000 0 0.000000 0.000000 0.000000
949.500000 0 0.000000 0.000000 0.000000
950.500000 0 0.000000 0.000000 0.000000
951.500000 0 0.000000 0.000000 0.000000
952.500000 0 0.000000 0.000000 0.000000
953.500000 0 0.000000 0.000000 0.000000
954.500000 0 0.000000 0.000000 0.000000
955.500000 0 0.000000 0.000000 0.000000
956.500000 0 0.000000 0.000000 0.000000
957.500000 1 1.000000 1.000000 1.000000
958.500000 0 0.000000 0.000000 0.000000
959.500000 0 0.000000 0.000000 0.000000
960.500000 0 0.000000 0.000000 0.000000
961.500000 0 0.000000 0.000000 0.000000
962.500000 0 0.000000 0.000000 0.000000
963.500000 1 1.000000 1.000000 1.000000
964.500000 1 1.000000 1.000000 1.000000
965.500000 0 0.000000 0.000000 0.000000
966.500000 0 0.000000 0.000000 0.000000
967.500000 0 0.000000 0.000000 0.000000
968.500000 0 0.000000 0.000000 0.000000
969.500000 1 1.000000 1.000000 1.000000
970.500000 0 0.000000 0.000000 0.000000
971.500000 1 1.000000 1.000000 1.000000
972.500000 1 1.000000 1.000000 1.000000
973.500000 0 0.000000 0.000000 0.000000
974.500000 0 0.000000 0.000000 0.000000
975.500000 0 0.000000 0.000000 0.000000
976.500000 0 0.000000 0.000000 0.000000
977.500000 0 0.000000 0.000000 0.000000
978.500000 0 0.000000 0.000000 0.000000
979.500000 0 0.000000 0.000000 0.000000
980.500000 1 1.000000 1.000000 1.000000
981.500000 0 0.000000 0.000000 0.000000
982.500000 0 0.000000 0.000000 0.000000
983.500000 0 0.000000 0.000000 0.000000
984.500000 0 0.000000 0.000000 0.000000
985.500000 0 0.000000 0.000000 0.000000
986.500000 0 0.000000 0.000000 0.000000
987.500000 0 0.000000 0.000000 0.000000
988.500000 0 0.000000 0.000000 0.000000
989.500000 0 0.000000 0.000000 0.000000
990.500000 0 0.000000 0.000000 0.000000
991.500000 0 0.000000 0.000000 0.000000
992.500000 0 0.000000 0.000000 0.000000
993.500000 0 0.000000 0.000000 0.000000
994.500000 0 0.000000 0.000000 0.000000
995.500000 0 0.000000 0.000000 0.000000
996.500000 0 0.000000 0.000000 0.000000
997.500000 0 0.000000 0.000000 0.000000
998.500000 0 0.000000 0.000000 0.000000
999.500000 0 0.000000 0.000000 0.000000
1000.500000 0 0.000000 0.000000 0.000000
1001.500000 0 0.000000 0.000000 0.000000
1002.500000 0 0.000000 0.000000 0.000000
1003.500000 0 0.000000 0.000000 0.000000
1004.500000 0 0.000000 0.000000 0.000000
1005.500000 0 0.000000 0.000000 0.000000
1006.500000 0 0.000000 0.000000 0.000000
1007.500000 0 0.000000 0.000000 0.000000
1008.500000 0 0.000000 0.000000 0.000000
1009.500000 0 0.000000 0.000000 0.000000
1010.500000 0 0.000000 0.000000 0.000000
1011.500000 0 0.000000 0.000000 0.000000
1012.500000 1 1.000000 1.000000 1.000000
1013.500000 0 0.000000 0.000000 0.000000
1014.500000 0 0.000000 0.000000 0.000000
1015.500000 1 1.000000 1.000000 1.000000
1016.500000 0 0.000000 0.000000 0.000000
1017.500000 0 0.000000 0.000000 0.000000
1018.500000 0 0.000000 0.000000 0.000000
1019.500000 0 0.000000 0.000000 0.000000
1020.500000 0 0.000000 0.000000 0.000000
1021.500000 0 0.000000 0.000000 0.000000
1022.500000 0 0.000000 0.000000 0.000000
1023.500000 0 0.000000 0.000000 0.000000
