# name, dx, fmax, fmax_err, norm_value, norm_vale_err
# 137Cs 8 4417 66.46051459325304 1 0
# bin_center, freq, freq_err, norm_freq, norm_freq_err
4.000000 0 0.000000 0.000000 0.000000
12.000000 0 0.000000 0.000000 0.000000
20.000000 0 0.000000 0.000000 0.000000
28.000000 0 0.000000 0.000000 0.000000
36.000000 0 0.000000 0.000000 0.000000
44.000000 0 0.000000 0.000000 0.000000
52.000000 0 0.000000 0.000000 0.000000
60.000000 0 0.000000 0.000000 0.000000
68.000000 1124 33.526109 1124.000000 33.526109
76.000000 1071 32.726136 1071.000000 32.726136
84.000000 882 29.698485 882.000000 29.698485
92.000000 887 29.782545 887.000000 29.782545
100.000000 959 30.967725 959.000000 30.967725
108.000000 918 30.298515 918.000000 30.298515
116.000000 1043 32.295511 1043.000000 32.295511
124.000000 921 30.347982 921.000000 30.347982
132.000000 999 31.606961 999.000000 31.606961
140.000000 953 30.870698 953.000000 30.870698
148.000000 869 29.478806 869.000000 29.478806
156.000000 888 29.799329 888.000000 29.799329
164.000000 929 30.479501 929.000000 30.479501
172.000000 997 31.575307 997.000000 31.575307
180.000000 887 29.782545 887.000000 29.782545
188.000000 861 29.342802 861.000000 29.342802
196.000000 975 31.224990 975.000000 31.224990
204.000000 864 29.393877 864.000000 29.393877
212.000000 996 31.559468 996.000000 31.559468
220.000000 1051 32.419130 1051.000000 32.419130
228.000000 1087 32.969683 1087.000000 32.969683
236.000000 1117 33.421550 1117.000000 33.421550
244.000000 1181 34.365681 1181.000000 34.365681
252.000000 1230 35.071356 1230.000000 35.071356
260.000000 1055 32.480764 1055.000000 32.480764
268.000000 1364 36.932371 1364.000000 36.932371
276.000000 1427 37.775654 1427.000000 37.775654
284.000000 1827 42.743421 1827.000000 42.743421
292.000000 1925 43.874822 1925.000000 43.874822
300.000000 1916 43.772137 1916.000000 43.772137
308.000000 1919 43.806392 1919.000000 43.806392
316.000000 2154 46.411206 2154.000000 46.411206
324.000000 2014 44.877611 2014.000000 44.877611
332.000000 2157 46.443514 2157.000000 46.443514
340.000000 2164 46.518813 2164.000000 46.518813
348.000000 2348 48.456166 2348.000000 48.456166
356.000000 2106 45.891176 2106.000000 45.891176
364.000000 2137 46.227697 2137.000000 46.227697
372.000000 2335 48.321838 2335.000000 48.321838
380.000000 2303 47.989582 2303.000000 47.989582
388.000000 2269 47.634021 2269.000000 47.634021
396.000000 2187 46.765372 2187.000000 46.765372
404.000000 2386 48.846699 2386.000000 48.846699
412.000000 2546 50.457903 2546.000000 50.457903
420.000000 2432 49.315312 2432.000000 49.315312
428.000000 2682 51.788030 2682.000000 51.788030
436.000000 2865 53.525695 2865.000000 53.525695
444.000000 2780 52.725705 2780.000000 52.725705
452.000000 2730 52.249402 2730.000000 52.249402
460.000000 2757 52.507142 2757.000000 52.507142
468.000000 2785 52.773099 2785.000000 52.773099
476.000000 2784 52.763624 2784.000000 52.763624
484.000000 2601 51.000000 2601.000000 51.000000
492.000000 2799 52.905576 2799.000000 52.905576
500.000000 2678 51.749396 2678.000000 51.749396
508.000000 2055 45.332108 2055.000000 45.332108
516.000000 2408 49.071377 2408.000000 49.071377
524.000000 2192 46.818800 2192.000000 46.818800
532.000000 2741 52.354560 2741.000000 52.354560
540.000000 3176 56.356011 3176.000000 56.356011
548.000000 3547 59.556696 3547.000000 59.556696
556.000000 3734 61.106464 3734.000000 61.106464
564.000000 4069 63.788714 4069.000000 63.788714
572.000000 4417 66.460515 4417.000000 66.460515
580.000000 4059 63.710282 4059.000000 63.710282
588.000000 4023 63.427124 4023.000000 63.427124
596.000000 3533 59.439044 3533.000000 59.439044
604.000000 3242 56.938563 3242.000000 56.938563
612.000000 2750 52.440442 2750.000000 52.440442
620.000000 2336 48.332184 2336.000000 48.332184
628.000000 1861 43.139309 1861.000000 43.139309
636.000000 1368 36.986484 1368.000000 36.986484
644.000000 1315 36.262929 1315.000000 36.262929
652.000000 1319 36.318040 1319.000000 36.318040
660.000000 1194 34.554305 1194.000000 34.554305
668.000000 1115 33.391616 1115.000000 33.391616
676.000000 1002 31.654384 1002.000000 31.654384
684.000000 928 30.463092 928.000000 30.463092
692.000000 927 30.446675 927.000000 30.446675
700.000000 863 29.376862 863.000000 29.376862
708.000000 718 26.795522 718.000000 26.795522
716.000000 643 25.357445 643.000000 25.357445
724.000000 589 24.269322 589.000000 24.269322
732.000000 457 21.377558 457.000000 21.377558
740.000000 535 23.130067 535.000000 23.130067
748.000000 507 22.516660 507.000000 22.516660
756.000000 440 20.976177 440.000000 20.976177
764.000000 491 22.158520 491.000000 22.158520
772.000000 421 20.518285 421.000000 20.518285
780.000000 459 21.424285 459.000000 21.424285
788.000000 458 21.400935 458.000000 21.400935
796.000000 461 21.470911 461.000000 21.470911
804.000000 332 18.220867 332.000000 18.220867
812.000000 445 21.095023 445.000000 21.095023
820.000000 287 16.941074 287.000000 16.941074
828.000000 442 21.023796 442.000000 21.023796
836.000000 376 19.390719 376.000000 19.390719
844.000000 310 17.606817 310.000000 17.606817
852.000000 265 16.278821 265.000000 16.278821
860.000000 256 16.000000 256.000000 16.000000
868.000000 236 15.362291 236.000000 15.362291
876.000000 203 14.247807 203.000000 14.247807
884.000000 180 13.416408 180.000000 13.416408
892.000000 181 13.453624 181.000000 13.453624
900.000000 92 9.591663 92.000000 9.591663
908.000000 120 10.954451 120.000000 10.954451
916.000000 120 10.954451 120.000000 10.954451
924.000000 73 8.544004 73.000000 8.544004
932.000000 5 2.236068 5.000000 2.236068
940.000000 45 6.708204 45.000000 6.708204
948.000000 57 7.549834 57.000000 7.549834
956.000000 59 7.681146 59.000000 7.681146
964.000000 47 6.855655 47.000000 6.855655
972.000000 86 9.273618 86.000000 9.273618
980.000000 20 4.472136 20.000000 4.472136
988.000000 45 6.708204 45.000000 6.708204
996.000000 73 8.544004 73.000000 8.544004
1004.000000 50 7.071068 50.000000 7.071068
1012.000000 22 4.690416 22.000000 4.690416
1020.000000 -12 0.000000 -12.000000 0.000000
1028.000000 27 5.196152 27.000000 5.196152
1036.000000 15 3.872983 15.000000 3.872983
1044.000000 42 6.480741 42.000000 6.480741
1052.000000 30 5.477226 30.000000 5.477226
1060.000000 -3 0.000000 -3.000000 0.000000
1068.000000 26 5.099020 26.000000 5.099020
1076.000000 -10 0.000000 -10.000000 0.000000
1084.000000 22 4.690416 22.000000 4.690416
1092.000000 7 2.645751 7.000000 2.645751
1100.000000 16 4.000000 16.000000 4.000000
1108.000000 0 0.000000 0.000000 0.000000
1116.000000 18 4.242641 18.000000 4.242641
1124.000000 2 1.414214 2.000000 1.414214
1132.000000 9 3.000000 9.000000 3.000000
1140.000000 -5 0.000000 -5.000000 0.000000
1148.000000 8 2.828427 8.000000 2.828427
1156.000000 -18 0.000000 -18.000000 0.000000
1164.000000 -11 0.000000 -11.000000 0.000000
1172.000000 9 3.000000 9.000000 3.000000
1180.000000 -3 0.000000 -3.000000 0.000000
1188.000000 -18 0.000000 -18.000000 0.000000
1196.000000 0 0.000000 0.000000 0.000000
1204.000000 16 4.000000 16.000000 4.000000
1212.000000 -1 0.000000 -1.000000 0.000000
1220.000000 5 2.236068 5.000000 2.236068
1228.000000 14 3.741657 14.000000 3.741657
1236.000000 3 1.732051 3.000000 1.732051
1244.000000 4 2.000000 4.000000 2.000000
1252.000000 6 2.449490 6.000000 2.449490
1260.000000 9 3.000000 9.000000 3.000000
1268.000000 1 1.000000 1.000000 1.000000
1276.000000 -6 0.000000 -6.000000 0.000000
1284.000000 10 3.162278 10.000000 3.162278
1292.000000 3 1.732051 3.000000 1.732051
1300.000000 -4 0.000000 -4.000000 0.000000
1308.000000 4 2.000000 4.000000 2.000000
1316.000000 -10 0.000000 -10.000000 0.000000
1324.000000 -9 0.000000 -9.000000 0.000000
1332.000000 4 2.000000 4.000000 2.000000
1340.000000 -3 0.000000 -3.000000 0.000000
1348.000000 2 1.414214 2.000000 1.414214
1356.000000 -2 0.000000 -2.000000 0.000000
1364.000000 2 1.414214 2.000000 1.414214
1372.000000 -1 0.000000 -1.000000 0.000000
1380.000000 -1 0.000000 -1.000000 0.000000
1388.000000 0 0.000000 0.000000 0.000000
1396.000000 0 0.000000 0.000000 0.000000
1404.000000 4 2.000000 4.000000 2.000000
1412.000000 1 1.000000 1.000000 1.000000
1420.000000 -5 0.000000 -5.000000 0.000000
1428.000000 -4 0.000000 -4.000000 0.000000
1436.000000 0 0.000000 0.000000 0.000000
1444.000000 -1 0.000000 -1.000000 0.000000
1452.000000 -1 0.000000 -1.000000 0.000000
1460.000000 5 2.236068 5.000000 2.236068
1468.000000 4 2.000000 4.000000 2.000000
1476.000000 -3 0.000000 -3.000000 0.000000
1484.000000 -5 0.000000 -5.000000 0.000000
1492.000000 -4 0.000000 -4.000000 0.000000
1500.000000 -1 0.000000 -1.000000 0.000000
1508.000000 -4 0.000000 -4.000000 0.000000
1516.000000 5 2.236068 5.000000 2.236068
1524.000000 1 1.000000 1.000000 1.000000
1532.000000 -1 0.000000 -1.000000 0.000000
1540.000000 1 1.000000 1.000000 1.000000
1548.000000 -4 0.000000 -4.000000 0.000000
1556.000000 1 1.000000 1.000000 1.000000
1564.000000 0 0.000000 0.000000 0.000000
1572.000000 1 1.000000 1.000000 1.000000
1580.000000 2 1.414214 2.000000 1.414214
1588.000000 0 0.000000 0.000000 0.000000
1596.000000 -1 0.000000 -1.000000 0.000000
1604.000000 1 1.000000 1.000000 1.000000
1612.000000 0 0.000000 0.000000 0.000000
1620.000000 0 0.000000 0.000000 0.000000
1628.000000 0 0.000000 0.000000 0.000000
1636.000000 0 0.000000 0.000000 0.000000
1644.000000 0 0.000000 0.000000 0.000000
1652.000000 0 0.000000 0.000000 0.000000
1660.000000 0 0.000000 0.000000 0.000000
1668.000000 0 0.000000 0.000000 0.000000
1676.000000 0 0.000000 0.000000 0.000000
1684.000000 0 0.000000 0.000000 0.000000
1692.000000 0 0.000000 0.000000 0.000000
1700.000000 0 0.000000 0.000000 0.000000
1708.000000 0 0.000000 0.000000 0.000000
1716.000000 0 0.000000 0.000000 0.000000
1724.000000 0 0.000000 0.000000 0.000000
1732.000000 0 0.000000 0.000000 0.000000
1740.000000 0 0.000000 0.000000 0.000000
1748.000000 0 0.000000 0.000000 0.000000
1756.000000 0 0.000000 0.000000 0.000000
1764.000000 0 0.000000 0.000000 0.000000
1772.000000 0 0.000000 0.000000 0.000000
1780.000000 0 0.000000 0.000000 0.000000
1788.000000 0 0.000000 0.000000 0.000000
1796.000000 0 0.000000 0.000000 0.000000
1804.000000 0 0.000000 0.000000 0.000000
1812.000000 0 0.000000 0.000000 0.000000
1820.000000 0 0.000000 0.000000 0.000000
1828.000000 0 0.000000 0.000000 0.000000
1836.000000 0 0.000000 0.000000 0.000000
1844.000000 0 0.000000 0.000000 0.000000
1852.000000 0 0.000000 0.000000 0.000000
1860.000000 0 0.000000 0.000000 0.000000
1868.000000 0 0.000000 0.000000 0.000000
1876.000000 0 0.000000 0.000000 0.000000
1884.000000 0 0.000000 0.000000 0.000000
1892.000000 0 0.000000 0.000000 0.000000
1900.000000 0 0.000000 0.000000 0.000000
1908.000000 0 0.000000 0.000000 0.000000
1916.000000 0 0.000000 0.000000 0.000000
1924.000000 0 0.000000 0.000000 0.000000
1932.000000 0 0.000000 0.000000 0.000000
1940.000000 0 0.000000 0.000000 0.000000
1948.000000 -1 0.000000 -1.000000 0.000000
1956.000000 0 0.000000 0.000000 0.000000
1964.000000 0 0.000000 0.000000 0.000000
1972.000000 0 0.000000 0.000000 0.000000
1980.000000 0 0.000000 0.000000 0.000000
1988.000000 0 0.000000 0.000000 0.000000
1996.000000 0 0.000000 0.000000 0.000000
2004.000000 0 0.000000 0.000000 0.000000
2012.000000 0 0.000000 0.000000 0.000000
2020.000000 0 0.000000 0.000000 0.000000
2028.000000 0 0.000000 0.000000 0.000000
2036.000000 0 0.000000 0.000000 0.000000
2044.000000 0 0.000000 0.000000 0.000000
2052.000000 0 0.000000 0.000000 0.000000
2060.000000 0 0.000000 0.000000 0.000000
2068.000000 0 0.000000 0.000000 0.000000
2076.000000 0 0.000000 0.000000 0.000000
2084.000000 0 0.000000 0.000000 0.000000
2092.000000 0 0.000000 0.000000 0.000000
2100.000000 0 0.000000 0.000000 0.000000
2108.000000 0 0.000000 0.000000 0.000000
2116.000000 0 0.000000 0.000000 0.000000
2124.000000 0 0.000000 0.000000 0.000000
2132.000000 0 0.000000 0.000000 0.000000
2140.000000 0 0.000000 0.000000 0.000000
2148.000000 0 0.000000 0.000000 0.000000
2156.000000 0 0.000000 0.000000 0.000000
2164.000000 0 0.000000 0.000000 0.000000
2172.000000 0 0.000000 0.000000 0.000000
2180.000000 0 0.000000 0.000000 0.000000
2188.000000 0 0.000000 0.000000 0.000000
2196.000000 0 0.000000 0.000000 0.000000
2204.000000 0 0.000000 0.000000 0.000000
2212.000000 0 0.000000 0.000000 0.000000
2220.000000 0 0.000000 0.000000 0.000000
2228.000000 0 0.000000 0.000000 0.000000
2236.000000 0 0.000000 0.000000 0.000000
2244.000000 0 0.000000 0.000000 0.000000
2252.000000 0 0.000000 0.000000 0.000000
2260.000000 0 0.000000 0.000000 0.000000
2268.000000 0 0.000000 0.000000 0.000000
2276.000000 0 0.000000 0.000000 0.000000
2284.000000 0 0.000000 0.000000 0.000000
2292.000000 0 0.000000 0.000000 0.000000
2300.000000 0 0.000000 0.000000 0.000000
2308.000000 0 0.000000 0.000000 0.000000
2316.000000 0 0.000000 0.000000 0.000000
2324.000000 0 0.000000 0.000000 0.000000
2332.000000 0 0.000000 0.000000 0.000000
2340.000000 0 0.000000 0.000000 0.000000
2348.000000 0 0.000000 0.000000 0.000000
2356.000000 0 0.000000 0.000000 0.000000
2364.000000 0 0.000000 0.000000 0.000000
2372.000000 0 0.000000 0.000000 0.000000
2380.000000 0 0.000000 0.000000 0.000000
2388.000000 0 0.000000 0.000000 0.000000
2396.000000 0 0.000000 0.000000 0.000000
2404.000000 0 0.000000 0.000000 0.000000
2412.000000 0 0.000000 0.000000 0.000000
2420.000000 0 0.000000 0.000000 0.000000
2428.000000 0 0.000000 0.000000 0.000000
2436.000000 0 0.000000 0.000000 0.000000
2444.000000 0 0.000000 0.000000 0.000000
2452.000000 0 0.000000 0.000000 0.000000
2460.000000 0 0.000000 0.000000 0.000000
2468.000000 0 0.000000 0.000000 0.000000
2476.000000 0 0.000000 0.000000 0.000000
2484.000000 0 0.000000 0.000000 0.000000
2492.000000 0 0.000000 0.000000 0.000000
2500.000000 0 0.000000 0.000000 0.000000
2508.000000 0 0.000000 0.000000 0.000000
2516.000000 0 0.000000 0.000000 0.000000
2524.000000 0 0.000000 0.000000 0.000000
2532.000000 0 0.000000 0.000000 0.000000
2540.000000 0 0.000000 0.000000 0.000000
2548.000000 0 0.000000 0.000000 0.000000
2556.000000 0 0.000000 0.000000 0.000000
2564.000000 0 0.000000 0.000000 0.000000
2572.000000 0 0.000000 0.000000 0.000000
2580.000000 0 0.000000 0.000000 0.000000
2588.000000 0 0.000000 0.000000 0.000000
2596.000000 0 0.000000 0.000000 0.000000
2604.000000 0 0.000000 0.000000 0.000000
2612.000000 0 0.000000 0.000000 0.000000
2620.000000 0 0.000000 0.000000 0.000000
2628.000000 0 0.000000 0.000000 0.000000
2636.000000 0 0.000000 0.000000 0.000000
2644.000000 0 0.000000 0.000000 0.000000
2652.000000 0 0.000000 0.000000 0.000000
2660.000000 0 0.000000 0.000000 0.000000
2668.000000 0 0.000000 0.000000 0.000000
2676.000000 0 0.000000 0.000000 0.000000
2684.000000 0 0.000000 0.000000 0.000000
2692.000000 0 0.000000 0.000000 0.000000
2700.000000 0 0.000000 0.000000 0.000000
2708.000000 0 0.000000 0.000000 0.000000
2716.000000 0 0.000000 0.000000 0.000000
2724.000000 0 0.000000 0.000000 0.000000
2732.000000 0 0.000000 0.000000 0.000000
2740.000000 0 0.000000 0.000000 0.000000
2748.000000 0 0.000000 0.000000 0.000000
2756.000000 0 0.000000 0.000000 0.000000
2764.000000 0 0.000000 0.000000 0.000000
2772.000000 0 0.000000 0.000000 0.000000
2780.000000 0 0.000000 0.000000 0.000000
2788.000000 0 0.000000 0.000000 0.000000
2796.000000 0 0.000000 0.000000 0.000000
2804.000000 0 0.000000 0.000000 0.000000
2812.000000 0 0.000000 0.000000 0.000000
2820.000000 0 0.000000 0.000000 0.000000
2828.000000 0 0.000000 0.000000 0.000000
2836.000000 0 0.000000 0.000000 0.000000
2844.000000 0 0.000000 0.000000 0.000000
2852.000000 0 0.000000 0.000000 0.000000
2860.000000 0 0.000000 0.000000 0.000000
2868.000000 0 0.000000 0.000000 0.000000
2876.000000 0 0.000000 0.000000 0.000000
2884.000000 0 0.000000 0.000000 0.000000
2892.000000 0 0.000000 0.000000 0.000000
2900.000000 0 0.000000 0.000000 0.000000
2908.000000 0 0.000000 0.000000 0.000000
2916.000000 0 0.000000 0.000000 0.000000
2924.000000 0 0.000000 0.000000 0.000000
2932.000000 0 0.000000 0.000000 0.000000
2940.000000 0 0.000000 0.000000 0.000000
2948.000000 0 0.000000 0.000000 0.000000
2956.000000 0 0.000000 0.000000 0.000000
2964.000000 0 0.000000 0.000000 0.000000
2972.000000 0 0.000000 0.000000 0.000000
2980.000000 0 0.000000 0.000000 0.000000
2988.000000 0 0.000000 0.000000 0.000000
2996.000000 0 0.000000 0.000000 0.000000
3004.000000 0 0.000000 0.000000 0.000000
3012.000000 0 0.000000 0.000000 0.000000
3020.000000 0 0.000000 0.000000 0.000000
3028.000000 0 0.000000 0.000000 0.000000
3036.000000 0 0.000000 0.000000 0.000000
3044.000000 0 0.000000 0.000000 0.000000
3052.000000 0 0.000000 0.000000 0.000000
3060.000000 0 0.000000 0.000000 0.000000
3068.000000 0 0.000000 0.000000 0.000000
3076.000000 0 0.000000 0.000000 0.000000
3084.000000 0 0.000000 0.000000 0.000000
3092.000000 0 0.000000 0.000000 0.000000
3100.000000 0 0.000000 0.000000 0.000000
3108.000000 0 0.000000 0.000000 0.000000
3116.000000 0 0.000000 0.000000 0.000000
3124.000000 0 0.000000 0.000000 0.000000
3132.000000 0 0.000000 0.000000 0.000000
3140.000000 0 0.000000 0.000000 0.000000
3148.000000 0 0.000000 0.000000 0.000000
3156.000000 0 0.000000 0.000000 0.000000
3164.000000 0 0.000000 0.000000 0.000000
3172.000000 0 0.000000 0.000000 0.000000
3180.000000 0 0.000000 0.000000 0.000000
3188.000000 0 0.000000 0.000000 0.000000
3196.000000 0 0.000000 0.000000 0.000000
3204.000000 0 0.000000 0.000000 0.000000
3212.000000 0 0.000000 0.000000 0.000000
3220.000000 0 0.000000 0.000000 0.000000
3228.000000 0 0.000000 0.000000 0.000000
3236.000000 0 0.000000 0.000000 0.000000
3244.000000 0 0.000000 0.000000 0.000000
3252.000000 0 0.000000 0.000000 0.000000
3260.000000 0 0.000000 0.000000 0.000000
3268.000000 0 0.000000 0.000000 0.000000
3276.000000 0 0.000000 0.000000 0.000000
3284.000000 0 0.000000 0.000000 0.000000
3292.000000 0 0.000000 0.000000 0.000000
3300.000000 0 0.000000 0.000000 0.000000
3308.000000 0 0.000000 0.000000 0.000000
3316.000000 0 0.000000 0.000000 0.000000
3324.000000 0 0.000000 0.000000 0.000000
3332.000000 0 0.000000 0.000000 0.000000
3340.000000 0 0.000000 0.000000 0.000000
3348.000000 0 0.000000 0.000000 0.000000
3356.000000 0 0.000000 0.000000 0.000000
3364.000000 0 0.000000 0.000000 0.000000
3372.000000 0 0.000000 0.000000 0.000000
3380.000000 0 0.000000 0.000000 0.000000
3388.000000 0 0.000000 0.000000 0.000000
3396.000000 0 0.000000 0.000000 0.000000
3404.000000 0 0.000000 0.000000 0.000000
3412.000000 0 0.000000 0.000000 0.000000
3420.000000 0 0.000000 0.000000 0.000000
3428.000000 0 0.000000 0.000000 0.000000
3436.000000 0 0.000000 0.000000 0.000000
3444.000000 0 0.000000 0.000000 0.000000
3452.000000 0 0.000000 0.000000 0.000000
3460.000000 0 0.000000 0.000000 0.000000
3468.000000 0 0.000000 0.000000 0.000000
3476.000000 0 0.000000 0.000000 0.000000
3484.000000 0 0.000000 0.000000 0.000000
3492.000000 0 0.000000 0.000000 0.000000
3500.000000 0 0.000000 0.000000 0.000000
3508.000000 0 0.000000 0.000000 0.000000
3516.000000 0 0.000000 0.000000 0.000000
3524.000000 0 0.000000 0.000000 0.000000
3532.000000 0 0.000000 0.000000 0.000000
3540.000000 0 0.000000 0.000000 0.000000
3548.000000 0 0.000000 0.000000 0.000000
3556.000000 0 0.000000 0.000000 0.000000
3564.000000 0 0.000000 0.000000 0.000000
3572.000000 0 0.000000 0.000000 0.000000
3580.000000 0 0.000000 0.000000 0.000000
3588.000000 0 0.000000 0.000000 0.000000
3596.000000 0 0.000000 0.000000 0.000000
3604.000000 0 0.000000 0.000000 0.000000
3612.000000 0 0.000000 0.000000 0.000000
3620.000000 0 0.000000 0.000000 0.000000
3628.000000 0 0.000000 0.000000 0.000000
3636.000000 0 0.000000 0.000000 0.000000
3644.000000 0 0.000000 0.000000 0.000000
3652.000000 0 0.000000 0.000000 0.000000
3660.000000 0 0.000000 0.000000 0.000000
3668.000000 0 0.000000 0.000000 0.000000
3676.000000 0 0.000000 0.000000 0.000000
3684.000000 0 0.000000 0.000000 0.000000
3692.000000 0 0.000000 0.000000 0.000000
3700.000000 0 0.000000 0.000000 0.000000
3708.000000 0 0.000000 0.000000 0.000000
3716.000000 0 0.000000 0.000000 0.000000
3724.000000 0 0.000000 0.000000 0.000000
3732.000000 0 0.000000 0.000000 0.000000
3740.000000 0 0.000000 0.000000 0.000000
3748.000000 0 0.000000 0.000000 0.000000
3756.000000 0 0.000000 0.000000 0.000000
3764.000000 0 0.000000 0.000000 0.000000
3772.000000 0 0.000000 0.000000 0.000000
3780.000000 0 0.000000 0.000000 0.000000
3788.000000 0 0.000000 0.000000 0.000000
3796.000000 0 0.000000 0.000000 0.000000
3804.000000 0 0.000000 0.000000 0.000000
3812.000000 0 0.000000 0.000000 0.000000
3820.000000 0 0.000000 0.000000 0.000000
3828.000000 0 0.000000 0.000000 0.000000
3836.000000 0 0.000000 0.000000 0.000000
3844.000000 0 0.000000 0.000000 0.000000
3852.000000 0 0.000000 0.000000 0.000000
3860.000000 0 0.000000 0.000000 0.000000
3868.000000 0 0.000000 0.000000 0.000000
3876.000000 0 0.000000 0.000000 0.000000
3884.000000 0 0.000000 0.000000 0.000000
3892.000000 0 0.000000 0.000000 0.000000
3900.000000 0 0.000000 0.000000 0.000000
3908.000000 0 0.000000 0.000000 0.000000
3916.000000 0 0.000000 0.000000 0.000000
3924.000000 0 0.000000 0.000000 0.000000
3932.000000 0 0.000000 0.000000 0.000000
3940.000000 0 0.000000 0.000000 0.000000
3948.000000 0 0.000000 0.000000 0.000000
3956.000000 0 0.000000 0.000000 0.000000
3964.000000 0 0.000000 0.000000 0.000000
3972.000000 0 0.000000 0.000000 0.000000
3980.000000 0 0.000000 0.000000 0.000000
3988.000000 0 0.000000 0.000000 0.000000
3996.000000 0 0.000000 0.000000 0.000000
4004.000000 0 0.000000 0.000000 0.000000
4012.000000 0 0.000000 0.000000 0.000000
4020.000000 0 0.000000 0.000000 0.000000
4028.000000 0 0.000000 0.000000 0.000000
4036.000000 0 0.000000 0.000000 0.000000
4044.000000 0 0.000000 0.000000 0.000000
4052.000000 0 0.000000 0.000000 0.000000
4060.000000 0 0.000000 0.000000 0.000000
4068.000000 0 0.000000 0.000000 0.000000
4076.000000 0 0.000000 0.000000 0.000000
4084.000000 0 0.000000 0.000000 0.000000
4092.000000 0 0.000000 0.000000 0.000000
