# name, dx, fmax, fmax_err, norm_value, norm_vale_err
# 22Na 8 18091 134.50278807519194 1 0
# bin_center, freq, freq_err, norm_freq, norm_freq_err
4.000000 0 0.000000 0.000000 0.000000
12.000000 0 0.000000 0.000000 0.000000
20.000000 0 0.000000 0.000000 0.000000
28.000000 0 0.000000 0.000000 0.000000
36.000000 0 0.000000 0.000000 0.000000
44.000000 0 0.000000 0.000000 0.000000
52.000000 0 0.000000 0.000000 0.000000
60.000000 2 1.414214 2.000000 1.414214
68.000000 7516 86.694867 7516.000000 86.694867
76.000000 14039 118.486286 14039.000000 118.486286
84.000000 10475 102.347447 10475.000000 102.347447
92.000000 11302 106.310865 11302.000000 106.310865
100.000000 10754 103.701495 10754.000000 103.701495
108.000000 10659 103.242433 10659.000000 103.242433
116.000000 10417 102.063706 10417.000000 102.063706
124.000000 9401 96.958754 9401.000000 96.958754
132.000000 9654 98.254771 9654.000000 98.254771
140.000000 9679 98.381909 9679.000000 98.381909
148.000000 9216 96.000000 9216.000000 96.000000
156.000000 9235 96.098907 9235.000000 96.098907
164.000000 8864 94.148818 8864.000000 94.148818
172.000000 8625 92.870878 8625.000000 92.870878
180.000000 8248 90.818500 8248.000000 90.818500
188.000000 8851 94.079753 8851.000000 94.079753
196.000000 8833 93.984041 8833.000000 93.984041
204.000000 9528 97.611475 9528.000000 97.611475
212.000000 9552 97.734334 9552.000000 97.734334
220.000000 10005 100.024997 10005.000000 100.024997
228.000000 9884 99.418308 9884.000000 99.418308
236.000000 10412 102.039208 10412.000000 102.039208
244.000000 10422 102.088197 10422.000000 102.088197
252.000000 11065 105.190304 11065.000000 105.190304
260.000000 11098 105.347046 11098.000000 105.347046
268.000000 11485 107.168092 11485.000000 107.168092
276.000000 11589 107.652218 11589.000000 107.652218
284.000000 12769 113.000000 12769.000000 113.000000
292.000000 13975 118.215904 13975.000000 118.215904
300.000000 15581 124.823876 15581.000000 124.823876
308.000000 15344 123.870901 15344.000000 123.870901
316.000000 16186 127.224212 16186.000000 127.224212
324.000000 15540 124.659536 15540.000000 124.659536
332.000000 16029 126.605687 16029.000000 126.605687
340.000000 15702 125.307621 15702.000000 125.307621
348.000000 16014 126.546434 16014.000000 126.546434
356.000000 16025 126.589889 16025.000000 126.589889
364.000000 16060 126.728055 16060.000000 126.728055
372.000000 15604 124.915972 15604.000000 124.915972
380.000000 15018 122.547950 15018.000000 122.547950
388.000000 15453 124.310096 15453.000000 124.310096
396.000000 15769 125.574679 15769.000000 125.574679
404.000000 15194 123.263944 15194.000000 123.263944
412.000000 15315 123.753788 15315.000000 123.753788
420.000000 14754 121.466045 14754.000000 121.466045
428.000000 14694 121.218810 14694.000000 121.218810
436.000000 14240 119.331471 14240.000000 119.331471
444.000000 14727 121.354852 14727.000000 121.354852
452.000000 13744 117.234807 13744.000000 117.234807
460.000000 13450 115.974135 13450.000000 115.974135
468.000000 13626 116.730459 13626.000000 116.730459
476.000000 13926 118.008474 13926.000000 118.008474
484.000000 13808 117.507447 13808.000000 117.507447
492.000000 15034 122.613213 15034.000000 122.613213
500.000000 15545 124.679589 15545.000000 124.679589
508.000000 16319 127.745841 16319.000000 127.745841
516.000000 17681 132.969921 17681.000000 132.969921
524.000000 18091 134.502788 18091.000000 134.502788
532.000000 17849 133.600150 17849.000000 133.600150
540.000000 17743 133.202853 17743.000000 133.202853
548.000000 15819 125.773606 15819.000000 125.773606
556.000000 14314 119.641130 14314.000000 119.641130
564.000000 12591 112.209625 12591.000000 112.209625
572.000000 11741 108.355895 11741.000000 108.355895
580.000000 10020 100.099950 10020.000000 100.099950
588.000000 8911 94.398093 8911.000000 94.398093
596.000000 7823 88.447725 7823.000000 88.447725
604.000000 7640 87.407094 7640.000000 87.407094
612.000000 6779 82.334683 6779.000000 82.334683
620.000000 7037 83.886829 7037.000000 83.886829
628.000000 6712 81.926797 6712.000000 81.926797
636.000000 6278 79.233831 6278.000000 79.233831
644.000000 6786 82.377181 6786.000000 82.377181
652.000000 6661 81.614950 6661.000000 81.614950
660.000000 6676 81.706793 6676.000000 81.706793
668.000000 6925 83.216585 6925.000000 83.216585
676.000000 6481 80.504658 6481.000000 80.504658
684.000000 6623 81.381816 6623.000000 81.381816
692.000000 6451 80.318118 6451.000000 80.318118
700.000000 6281 79.252760 6281.000000 79.252760
708.000000 6077 77.955115 6077.000000 77.955115
716.000000 5820 76.288924 5820.000000 76.288924
724.000000 5240 72.387844 5240.000000 72.387844
732.000000 4823 69.447822 4823.000000 69.447822
740.000000 4222 64.976919 4222.000000 64.976919
748.000000 3826 61.854668 3826.000000 61.854668
756.000000 3513 59.270566 3513.000000 59.270566
764.000000 3177 56.364883 3177.000000 56.364883
772.000000 2809 53.000000 2809.000000 53.000000
780.000000 2440 49.396356 2440.000000 49.396356
788.000000 2245 47.381431 2245.000000 47.381431
796.000000 2196 46.861498 2196.000000 46.861498
804.000000 1756 41.904654 1756.000000 41.904654
812.000000 1799 42.414620 1799.000000 42.414620
820.000000 1518 38.961519 1518.000000 38.961519
828.000000 1446 38.026307 1446.000000 38.026307
836.000000 1283 35.818989 1283.000000 35.818989
844.000000 1205 34.713110 1205.000000 34.713110
852.000000 1113 33.361655 1113.000000 33.361655
860.000000 1102 33.196385 1102.000000 33.196385
868.000000 1022 31.968735 1022.000000 31.968735
876.000000 974 31.208973 974.000000 31.208973
884.000000 820 28.635642 820.000000 28.635642
892.000000 800 28.284271 800.000000 28.284271
900.000000 804 28.354894 804.000000 28.354894
908.000000 770 27.748874 770.000000 27.748874
916.000000 703 26.514147 703.000000 26.514147
924.000000 705 26.551836 705.000000 26.551836
932.000000 610 24.698178 610.000000 24.698178
940.000000 601 24.515301 601.000000 24.515301
948.000000 489 22.113344 489.000000 22.113344
956.000000 561 23.685439 561.000000 23.685439
964.000000 546 23.366643 546.000000 23.366643
972.000000 505 22.472205 505.000000 22.472205
980.000000 491 22.158520 491.000000 22.158520
988.000000 470 21.679483 470.000000 21.679483
996.000000 477 21.840330 477.000000 21.840330
1004.000000 437 20.904545 437.000000 20.904545
1012.000000 406 20.149442 406.000000 20.149442
1020.000000 432 20.784610 432.000000 20.784610
1028.000000 359 18.947295 359.000000 18.947295
1036.000000 349 18.681542 349.000000 18.681542
1044.000000 395 19.874607 395.000000 19.874607
1052.000000 374 19.339080 374.000000 19.339080
1060.000000 352 18.761663 352.000000 18.761663
1068.000000 339 18.411953 339.000000 18.411953
1076.000000 331 18.193405 331.000000 18.193405
1084.000000 318 17.832555 318.000000 17.832555
1092.000000 334 18.275667 334.000000 18.275667
1100.000000 306 17.492856 306.000000 17.492856
1108.000000 332 18.220867 332.000000 18.220867
1116.000000 275 16.583124 275.000000 16.583124
1124.000000 255 15.968719 255.000000 15.968719
1132.000000 263 16.217275 263.000000 16.217275
1140.000000 279 16.703293 279.000000 16.703293
1148.000000 249 15.779734 249.000000 15.779734
1156.000000 234 15.297059 234.000000 15.297059
1164.000000 238 15.427249 238.000000 15.427249
1172.000000 239 15.459625 239.000000 15.459625
1180.000000 225 15.000000 225.000000 15.000000
1188.000000 232 15.231546 232.000000 15.231546
1196.000000 233 15.264338 233.000000 15.264338
1204.000000 221 14.866069 221.000000 14.866069
1212.000000 205 14.317821 205.000000 14.317821
1220.000000 220 14.832397 220.000000 14.832397
1228.000000 196 14.000000 196.000000 14.000000
1236.000000 200 14.142136 200.000000 14.142136
1244.000000 197 14.035669 197.000000 14.035669
1252.000000 224 14.966630 224.000000 14.966630
1260.000000 201 14.177447 201.000000 14.177447
1268.000000 210 14.491377 210.000000 14.491377
1276.000000 162 12.727922 162.000000 12.727922
1284.000000 178 13.341664 178.000000 13.341664
1292.000000 163 12.767145 163.000000 12.767145
1300.000000 130 11.401754 130.000000 11.401754
1308.000000 161 12.688578 161.000000 12.688578
1316.000000 171 13.076697 171.000000 13.076697
1324.000000 142 11.916375 142.000000 11.916375
1332.000000 174 13.190906 174.000000 13.190906
1340.000000 144 12.000000 144.000000 12.000000
1348.000000 126 11.224972 126.000000 11.224972
1356.000000 167 12.922848 167.000000 12.922848
1364.000000 133 11.532563 133.000000 11.532563
1372.000000 138 11.747340 138.000000 11.747340
1380.000000 146 12.083046 146.000000 12.083046
1388.000000 158 12.569805 158.000000 12.569805
1396.000000 138 11.747340 138.000000 11.747340
1404.000000 147 12.124356 147.000000 12.124356
1412.000000 155 12.449900 155.000000 12.449900
1420.000000 137 11.704700 137.000000 11.704700
1428.000000 144 12.000000 144.000000 12.000000
1436.000000 163 12.767145 163.000000 12.767145
1444.000000 157 12.529964 157.000000 12.529964
1452.000000 163 12.767145 163.000000 12.767145
1460.000000 156 12.489996 156.000000 12.489996
1468.000000 147 12.124356 147.000000 12.124356
1476.000000 159 12.609520 159.000000 12.609520
1484.000000 142 11.916375 142.000000 11.916375
1492.000000 100 10.000000 100.000000 10.000000
1500.000000 145 12.041595 145.000000 12.041595
1508.000000 129 11.357817 129.000000 11.357817
1516.000000 145 12.041595 145.000000 12.041595
1524.000000 123 11.090537 123.000000 11.090537
1532.000000 92 9.591663 92.000000 9.591663
1540.000000 61 7.810250 61.000000 7.810250
1548.000000 41 6.403124 41.000000 6.403124
1556.000000 46 6.782330 46.000000 6.782330
1564.000000 29 5.385165 29.000000 5.385165
1572.000000 9 3.000000 9.000000 3.000000
1580.000000 18 4.242641 18.000000 4.242641
1588.000000 8 2.828427 8.000000 2.828427
1596.000000 8 2.828427 8.000000 2.828427
1604.000000 9 3.000000 9.000000 3.000000
1612.000000 7 2.645751 7.000000 2.645751
1620.000000 9 3.000000 9.000000 3.000000
1628.000000 5 2.236068 5.000000 2.236068
1636.000000 4 2.000000 4.000000 2.000000
1644.000000 9 3.000000 9.000000 3.000000
1652.000000 3 1.732051 3.000000 1.732051
1660.000000 4 2.000000 4.000000 2.000000
1668.000000 5 2.236068 5.000000 2.236068
1676.000000 1 1.000000 1.000000 1.000000
1684.000000 2 1.414214 2.000000 1.414214
1692.000000 1 1.000000 1.000000 1.000000
1700.000000 2 1.414214 2.000000 1.414214
1708.000000 3 1.732051 3.000000 1.732051
1716.000000 5 2.236068 5.000000 2.236068
1724.000000 5 2.236068 5.000000 2.236068
1732.000000 1 1.000000 1.000000 1.000000
1740.000000 1 1.000000 1.000000 1.000000
1748.000000 0 0.000000 0.000000 0.000000
1756.000000 0 0.000000 0.000000 0.000000
1764.000000 1 1.000000 1.000000 1.000000
1772.000000 2 1.414214 2.000000 1.414214
1780.000000 2 1.414214 2.000000 1.414214
1788.000000 3 1.732051 3.000000 1.732051
1796.000000 4 2.000000 4.000000 2.000000
1804.000000 1 1.000000 1.000000 1.000000
1812.000000 0 0.000000 0.000000 0.000000
1820.000000 0 0.000000 0.000000 0.000000
1828.000000 0 0.000000 0.000000 0.000000
1836.000000 0 0.000000 0.000000 0.000000
1844.000000 0 0.000000 0.000000 0.000000
1852.000000 1 1.000000 1.000000 1.000000
1860.000000 0 0.000000 0.000000 0.000000
1868.000000 1 1.000000 1.000000 1.000000
1876.000000 0 0.000000 0.000000 0.000000
1884.000000 0 0.000000 0.000000 0.000000
1892.000000 0 0.000000 0.000000 0.000000
1900.000000 0 0.000000 0.000000 0.000000
1908.000000 1 1.000000 1.000000 1.000000
1916.000000 0 0.000000 0.000000 0.000000
1924.000000 0 0.000000 0.000000 0.000000
1932.000000 1 1.000000 1.000000 1.000000
1940.000000 0 0.000000 0.000000 0.000000
1948.000000 -1 0.000000 -1.000000 0.000000
1956.000000 0 0.000000 0.000000 0.000000
1964.000000 0 0.000000 0.000000 0.000000
1972.000000 0 0.000000 0.000000 0.000000
1980.000000 0 0.000000 0.000000 0.000000
1988.000000 0 0.000000 0.000000 0.000000
1996.000000 0 0.000000 0.000000 0.000000
2004.000000 0 0.000000 0.000000 0.000000
2012.000000 0 0.000000 0.000000 0.000000
2020.000000 0 0.000000 0.000000 0.000000
2028.000000 1 1.000000 1.000000 1.000000
2036.000000 0 0.000000 0.000000 0.000000
2044.000000 0 0.000000 0.000000 0.000000
2052.000000 0 0.000000 0.000000 0.000000
2060.000000 0 0.000000 0.000000 0.000000
2068.000000 0 0.000000 0.000000 0.000000
2076.000000 0 0.000000 0.000000 0.000000
2084.000000 0 0.000000 0.000000 0.000000
2092.000000 0 0.000000 0.000000 0.000000
2100.000000 0 0.000000 0.000000 0.000000
2108.000000 0 0.000000 0.000000 0.000000
2116.000000 0 0.000000 0.000000 0.000000
2124.000000 0 0.000000 0.000000 0.000000
2132.000000 0 0.000000 0.000000 0.000000
2140.000000 0 0.000000 0.000000 0.000000
2148.000000 0 0.000000 0.000000 0.000000
2156.000000 0 0.000000 0.000000 0.000000
2164.000000 0 0.000000 0.000000 0.000000
2172.000000 0 0.000000 0.000000 0.000000
2180.000000 0 0.000000 0.000000 0.000000
2188.000000 0 0.000000 0.000000 0.000000
2196.000000 0 0.000000 0.000000 0.000000
2204.000000 0 0.000000 0.000000 0.000000
2212.000000 0 0.000000 0.000000 0.000000
2220.000000 0 0.000000 0.000000 0.000000
2228.000000 0 0.000000 0.000000 0.000000
2236.000000 0 0.000000 0.000000 0.000000
2244.000000 0 0.000000 0.000000 0.000000
2252.000000 0 0.000000 0.000000 0.000000
2260.000000 0 0.000000 0.000000 0.000000
2268.000000 0 0.000000 0.000000 0.000000
2276.000000 0 0.000000 0.000000 0.000000
2284.000000 0 0.000000 0.000000 0.000000
2292.000000 0 0.000000 0.000000 0.000000
2300.000000 0 0.000000 0.000000 0.000000
2308.000000 0 0.000000 0.000000 0.000000
2316.000000 0 0.000000 0.000000 0.000000
2324.000000 0 0.000000 0.000000 0.000000
2332.000000 0 0.000000 0.000000 0.000000
2340.000000 0 0.000000 0.000000 0.000000
2348.000000 0 0.000000 0.000000 0.000000
2356.000000 0 0.000000 0.000000 0.000000
2364.000000 0 0.000000 0.000000 0.000000
2372.000000 0 0.000000 0.000000 0.000000
2380.000000 0 0.000000 0.000000 0.000000
2388.000000 0 0.000000 0.000000 0.000000
2396.000000 0 0.000000 0.000000 0.000000
2404.000000 0 0.000000 0.000000 0.000000
2412.000000 0 0.000000 0.000000 0.000000
2420.000000 0 0.000000 0.000000 0.000000
2428.000000 0 0.000000 0.000000 0.000000
2436.000000 0 0.000000 0.000000 0.000000
2444.000000 0 0.000000 0.000000 0.000000
2452.000000 0 0.000000 0.000000 0.000000
2460.000000 0 0.000000 0.000000 0.000000
2468.000000 0 0.000000 0.000000 0.000000
2476.000000 0 0.000000 0.000000 0.000000
2484.000000 0 0.000000 0.000000 0.000000
2492.000000 0 0.000000 0.000000 0.000000
2500.000000 0 0.000000 0.000000 0.000000
2508.000000 0 0.000000 0.000000 0.000000
2516.000000 0 0.000000 0.000000 0.000000
2524.000000 0 0.000000 0.000000 0.000000
2532.000000 0 0.000000 0.000000 0.000000
2540.000000 0 0.000000 0.000000 0.000000
2548.000000 0 0.000000 0.000000 0.000000
2556.000000 0 0.000000 0.000000 0.000000
2564.000000 0 0.000000 0.000000 0.000000
2572.000000 0 0.000000 0.000000 0.000000
2580.000000 0 0.000000 0.000000 0.000000
2588.000000 0 0.000000 0.000000 0.000000
2596.000000 0 0.000000 0.000000 0.000000
2604.000000 0 0.000000 0.000000 0.000000
2612.000000 0 0.000000 0.000000 0.000000
2620.000000 0 0.000000 0.000000 0.000000
2628.000000 0 0.000000 0.000000 0.000000
2636.000000 0 0.000000 0.000000 0.000000
2644.000000 0 0.000000 0.000000 0.000000
2652.000000 0 0.000000 0.000000 0.000000
2660.000000 0 0.000000 0.000000 0.000000
2668.000000 0 0.000000 0.000000 0.000000
2676.000000 0 0.000000 0.000000 0.000000
2684.000000 0 0.000000 0.000000 0.000000
2692.000000 0 0.000000 0.000000 0.000000
2700.000000 0 0.000000 0.000000 0.000000
2708.000000 0 0.000000 0.000000 0.000000
2716.000000 0 0.000000 0.000000 0.000000
2724.000000 0 0.000000 0.000000 0.000000
2732.000000 0 0.000000 0.000000 0.000000
2740.000000 0 0.000000 0.000000 0.000000
2748.000000 0 0.000000 0.000000 0.000000
2756.000000 0 0.000000 0.000000 0.000000
2764.000000 0 0.000000 0.000000 0.000000
2772.000000 0 0.000000 0.000000 0.000000
2780.000000 0 0.000000 0.000000 0.000000
2788.000000 0 0.000000 0.000000 0.000000
2796.000000 0 0.000000 0.000000 0.000000
2804.000000 0 0.000000 0.000000 0.000000
2812.000000 0 0.000000 0.000000 0.000000
2820.000000 0 0.000000 0.000000 0.000000
2828.000000 0 0.000000 0.000000 0.000000
2836.000000 0 0.000000 0.000000 0.000000
2844.000000 0 0.000000 0.000000 0.000000
2852.000000 0 0.000000 0.000000 0.000000
2860.000000 0 0.000000 0.000000 0.000000
2868.000000 0 0.000000 0.000000 0.000000
2876.000000 0 0.000000 0.000000 0.000000
2884.000000 0 0.000000 0.000000 0.000000
2892.000000 0 0.000000 0.000000 0.000000
2900.000000 0 0.000000 0.000000 0.000000
2908.000000 0 0.000000 0.000000 0.000000
2916.000000 0 0.000000 0.000000 0.000000
2924.000000 0 0.000000 0.000000 0.000000
2932.000000 0 0.000000 0.000000 0.000000
2940.000000 0 0.000000 0.000000 0.000000
2948.000000 0 0.000000 0.000000 0.000000
2956.000000 0 0.000000 0.000000 0.000000
2964.000000 0 0.000000 0.000000 0.000000
2972.000000 0 0.000000 0.000000 0.000000
2980.000000 0 0.000000 0.000000 0.000000
2988.000000 0 0.000000 0.000000 0.000000
2996.000000 0 0.000000 0.000000 0.000000
3004.000000 0 0.000000 0.000000 0.000000
3012.000000 0 0.000000 0.000000 0.000000
3020.000000 0 0.000000 0.000000 0.000000
3028.000000 0 0.000000 0.000000 0.000000
3036.000000 0 0.000000 0.000000 0.000000
3044.000000 0 0.000000 0.000000 0.000000
3052.000000 0 0.000000 0.000000 0.000000
3060.000000 0 0.000000 0.000000 0.000000
3068.000000 0 0.000000 0.000000 0.000000
3076.000000 0 0.000000 0.000000 0.000000
3084.000000 0 0.000000 0.000000 0.000000
3092.000000 0 0.000000 0.000000 0.000000
3100.000000 0 0.000000 0.000000 0.000000
3108.000000 0 0.000000 0.000000 0.000000
3116.000000 0 0.000000 0.000000 0.000000
3124.000000 0 0.000000 0.000000 0.000000
3132.000000 0 0.000000 0.000000 0.000000
3140.000000 0 0.000000 0.000000 0.000000
3148.000000 0 0.000000 0.000000 0.000000
3156.000000 0 0.000000 0.000000 0.000000
3164.000000 0 0.000000 0.000000 0.000000
3172.000000 0 0.000000 0.000000 0.000000
3180.000000 0 0.000000 0.000000 0.000000
3188.000000 0 0.000000 0.000000 0.000000
3196.000000 0 0.000000 0.000000 0.000000
3204.000000 0 0.000000 0.000000 0.000000
3212.000000 0 0.000000 0.000000 0.000000
3220.000000 0 0.000000 0.000000 0.000000
3228.000000 0 0.000000 0.000000 0.000000
3236.000000 0 0.000000 0.000000 0.000000
3244.000000 0 0.000000 0.000000 0.000000
3252.000000 0 0.000000 0.000000 0.000000
3260.000000 0 0.000000 0.000000 0.000000
3268.000000 0 0.000000 0.000000 0.000000
3276.000000 0 0.000000 0.000000 0.000000
3284.000000 0 0.000000 0.000000 0.000000
3292.000000 0 0.000000 0.000000 0.000000
3300.000000 0 0.000000 0.000000 0.000000
3308.000000 0 0.000000 0.000000 0.000000
3316.000000 0 0.000000 0.000000 0.000000
3324.000000 0 0.000000 0.000000 0.000000
3332.000000 0 0.000000 0.000000 0.000000
3340.000000 0 0.000000 0.000000 0.000000
3348.000000 0 0.000000 0.000000 0.000000
3356.000000 0 0.000000 0.000000 0.000000
3364.000000 0 0.000000 0.000000 0.000000
3372.000000 0 0.000000 0.000000 0.000000
3380.000000 0 0.000000 0.000000 0.000000
3388.000000 0 0.000000 0.000000 0.000000
3396.000000 0 0.000000 0.000000 0.000000
3404.000000 0 0.000000 0.000000 0.000000
3412.000000 0 0.000000 0.000000 0.000000
3420.000000 0 0.000000 0.000000 0.000000
3428.000000 0 0.000000 0.000000 0.000000
3436.000000 0 0.000000 0.000000 0.000000
3444.000000 0 0.000000 0.000000 0.000000
3452.000000 0 0.000000 0.000000 0.000000
3460.000000 0 0.000000 0.000000 0.000000
3468.000000 0 0.000000 0.000000 0.000000
3476.000000 0 0.000000 0.000000 0.000000
3484.000000 0 0.000000 0.000000 0.000000
3492.000000 0 0.000000 0.000000 0.000000
3500.000000 0 0.000000 0.000000 0.000000
3508.000000 0 0.000000 0.000000 0.000000
3516.000000 0 0.000000 0.000000 0.000000
3524.000000 0 0.000000 0.000000 0.000000
3532.000000 0 0.000000 0.000000 0.000000
3540.000000 0 0.000000 0.000000 0.000000
3548.000000 0 0.000000 0.000000 0.000000
3556.000000 0 0.000000 0.000000 0.000000
3564.000000 0 0.000000 0.000000 0.000000
3572.000000 0 0.000000 0.000000 0.000000
3580.000000 0 0.000000 0.000000 0.000000
3588.000000 0 0.000000 0.000000 0.000000
3596.000000 0 0.000000 0.000000 0.000000
3604.000000 0 0.000000 0.000000 0.000000
3612.000000 0 0.000000 0.000000 0.000000
3620.000000 0 0.000000 0.000000 0.000000
3628.000000 0 0.000000 0.000000 0.000000
3636.000000 0 0.000000 0.000000 0.000000
3644.000000 0 0.000000 0.000000 0.000000
3652.000000 0 0.000000 0.000000 0.000000
3660.000000 0 0.000000 0.000000 0.000000
3668.000000 0 0.000000 0.000000 0.000000
3676.000000 0 0.000000 0.000000 0.000000
3684.000000 0 0.000000 0.000000 0.000000
3692.000000 0 0.000000 0.000000 0.000000
3700.000000 0 0.000000 0.000000 0.000000
3708.000000 0 0.000000 0.000000 0.000000
3716.000000 0 0.000000 0.000000 0.000000
3724.000000 0 0.000000 0.000000 0.000000
3732.000000 0 0.000000 0.000000 0.000000
3740.000000 0 0.000000 0.000000 0.000000
3748.000000 0 0.000000 0.000000 0.000000
3756.000000 0 0.000000 0.000000 0.000000
3764.000000 0 0.000000 0.000000 0.000000
3772.000000 0 0.000000 0.000000 0.000000
3780.000000 0 0.000000 0.000000 0.000000
3788.000000 0 0.000000 0.000000 0.000000
3796.000000 0 0.000000 0.000000 0.000000
3804.000000 0 0.000000 0.000000 0.000000
3812.000000 0 0.000000 0.000000 0.000000
3820.000000 0 0.000000 0.000000 0.000000
3828.000000 0 0.000000 0.000000 0.000000
3836.000000 0 0.000000 0.000000 0.000000
3844.000000 0 0.000000 0.000000 0.000000
3852.000000 0 0.000000 0.000000 0.000000
3860.000000 0 0.000000 0.000000 0.000000
3868.000000 0 0.000000 0.000000 0.000000
3876.000000 0 0.000000 0.000000 0.000000
3884.000000 0 0.000000 0.000000 0.000000
3892.000000 0 0.000000 0.000000 0.000000
3900.000000 0 0.000000 0.000000 0.000000
3908.000000 0 0.000000 0.000000 0.000000
3916.000000 0 0.000000 0.000000 0.000000
3924.000000 0 0.000000 0.000000 0.000000
3932.000000 0 0.000000 0.000000 0.000000
3940.000000 0 0.000000 0.000000 0.000000
3948.000000 0 0.000000 0.000000 0.000000
3956.000000 0 0.000000 0.000000 0.000000
3964.000000 0 0.000000 0.000000 0.000000
3972.000000 0 0.000000 0.000000 0.000000
3980.000000 0 0.000000 0.000000 0.000000
3988.000000 0 0.000000 0.000000 0.000000
3996.000000 0 0.000000 0.000000 0.000000
4004.000000 0 0.000000 0.000000 0.000000
4012.000000 0 0.000000 0.000000 0.000000
4020.000000 0 0.000000 0.000000 0.000000
4028.000000 0 0.000000 0.000000 0.000000
4036.000000 0 0.000000 0.000000 0.000000
4044.000000 0 0.000000 0.000000 0.000000
4052.000000 0 0.000000 0.000000 0.000000
4060.000000 0 0.000000 0.000000 0.000000
4068.000000 0 0.000000 0.000000 0.000000
4076.000000 0 0.000000 0.000000 0.000000
4084.000000 0 0.000000 0.000000 0.000000
4092.000000 0 0.000000 0.000000 0.000000
