# name, dx, fmax, fmax_err, norm_value, norm_vale_err
# 54Mn_1 8 66127 257.15170619694516 1 0
# bin_center, freq, freq_err, norm_freq, norm_freq_err
4.000000 0 0.000000 0.000000 0.000000
12.000000 0 0.000000 0.000000 0.000000
20.000000 0 0.000000 0.000000 0.000000
28.000000 0 0.000000 0.000000 0.000000
36.000000 0 0.000000 0.000000 0.000000
44.000000 0 0.000000 0.000000 0.000000
52.000000 0 0.000000 0.000000 0.000000
60.000000 7 2.645751 7.000000 2.645751
68.000000 15876 126.000000 15876.000000 126.000000
76.000000 66127 257.151706 66127.000000 257.151706
84.000000 19283 138.863242 19283.000000 138.863242
92.000000 19731 140.467078 19731.000000 140.467078
100.000000 18338 135.417872 18338.000000 135.417872
108.000000 18104 134.551106 18104.000000 134.551106
116.000000 17155 130.977097 17155.000000 130.977097
124.000000 15740 125.459157 15740.000000 125.459157
132.000000 16596 128.825463 16596.000000 128.825463
140.000000 16986 130.330349 16986.000000 130.330349
148.000000 16632 128.965112 16632.000000 128.965112
156.000000 18013 134.212518 18013.000000 134.212518
164.000000 17882 133.723596 17882.000000 133.723596
172.000000 18975 137.749773 18975.000000 137.749773
180.000000 19510 139.678202 19510.000000 139.678202
188.000000 21153 145.440710 21153.000000 145.440710
196.000000 22414 149.713059 22414.000000 149.713059
204.000000 24378 156.134557 24378.000000 156.134557
212.000000 25353 159.226254 25353.000000 159.226254
220.000000 27638 166.246804 27638.000000 166.246804
228.000000 28531 168.911219 28531.000000 168.911219
236.000000 31259 176.802149 31259.000000 176.802149
244.000000 32076 179.097739 32076.000000 179.097739
252.000000 34849 186.678869 34849.000000 186.678869
260.000000 35521 188.470157 35521.000000 188.470157
268.000000 38219 195.496803 38219.000000 195.496803
276.000000 38613 196.501908 38613.000000 196.501908
284.000000 40931 202.314112 40931.000000 202.314112
292.000000 41454 203.602554 41454.000000 203.602554
300.000000 43873 209.458827 43873.000000 209.458827
308.000000 44051 209.883301 44051.000000 209.883301
316.000000 46480 215.592208 46480.000000 215.592208
324.000000 45287 212.807425 45287.000000 212.807425
332.000000 47512 217.972475 47512.000000 217.972475
340.000000 47548 218.055039 47548.000000 218.055039
348.000000 49596 222.701594 49596.000000 222.701594
356.000000 48717 220.719279 48717.000000 220.719279
364.000000 50664 225.086650 50664.000000 225.086650
372.000000 50301 224.278844 50301.000000 224.278844
380.000000 49090 221.562632 49090.000000 221.562632
388.000000 51059 225.962386 51059.000000 225.962386
396.000000 52864 229.921726 52864.000000 229.921726
404.000000 52688 229.538668 52688.000000 229.538668
412.000000 55445 235.467620 55445.000000 235.467620
420.000000 53849 232.053873 53849.000000 232.053873
428.000000 55757 236.129202 55757.000000 236.129202
436.000000 54675 233.826859 54675.000000 233.826859
444.000000 57445 239.676866 57445.000000 239.676866
452.000000 55180 234.904236 55180.000000 234.904236
460.000000 56114 236.883938 56114.000000 236.883938
468.000000 53902 232.168043 53902.000000 232.168043
476.000000 55228 235.006383 55228.000000 235.006383
484.000000 52802 229.786858 52802.000000 229.786858
492.000000 53092 230.417013 53092.000000 230.417013
500.000000 50773 225.328649 50773.000000 225.328649
508.000000 48778 220.857420 48778.000000 220.857420
516.000000 46783 216.293782 46783.000000 216.293782
524.000000 45811 214.035044 45811.000000 214.035044
532.000000 43827 209.348991 43827.000000 209.348991
540.000000 44771 211.591588 44771.000000 211.591588
548.000000 42252 205.552913 42252.000000 205.552913
556.000000 42015 204.975608 42015.000000 204.975608
564.000000 39935 199.837434 39935.000000 199.837434
572.000000 39746 199.363989 39746.000000 199.363989
580.000000 36545 191.167466 36545.000000 191.167466
588.000000 34547 185.868233 34547.000000 185.868233
596.000000 31669 177.957860 31669.000000 177.957860
604.000000 30541 174.759835 30541.000000 174.759835
612.000000 28375 168.448805 28375.000000 168.448805
620.000000 28334 168.327063 28334.000000 168.327063
628.000000 27064 164.511398 27064.000000 164.511398
636.000000 25759 160.496106 25759.000000 160.496106
644.000000 26961 164.198051 26961.000000 164.198051
652.000000 26795 163.691784 26795.000000 163.691784
660.000000 24085 155.193428 24085.000000 155.193428
668.000000 22456 149.853262 22456.000000 149.853262
676.000000 18831 137.226091 18831.000000 137.226091
684.000000 17102 130.774615 17102.000000 130.774615
692.000000 14837 121.807225 14837.000000 121.807225
700.000000 13597 116.606175 13597.000000 116.606175
708.000000 12030 109.681357 12030.000000 109.681357
716.000000 11249 106.061303 11249.000000 106.061303
724.000000 10333 101.651365 10333.000000 101.651365
732.000000 10187 100.930669 10187.000000 100.930669
740.000000 9336 96.622979 9336.000000 96.622979
748.000000 9131 95.556266 9131.000000 95.556266
756.000000 8718 93.370231 8718.000000 93.370231
764.000000 8808 93.850946 8808.000000 93.850946
772.000000 8030 89.610267 8030.000000 89.610267
780.000000 8208 90.598013 8208.000000 90.598013
788.000000 7687 87.675538 7687.000000 87.675538
796.000000 7505 86.631403 7505.000000 86.631403
804.000000 7190 84.793868 7190.000000 84.793868
812.000000 7079 84.136793 7079.000000 84.136793
820.000000 6619 81.357237 6619.000000 81.357237
828.000000 6722 81.987804 6722.000000 81.987804
836.000000 6203 78.759126 6203.000000 78.759126
844.000000 6129 78.287930 6129.000000 78.287930
852.000000 5674 75.325958 5674.000000 75.325958
860.000000 5796 76.131465 5796.000000 76.131465
868.000000 5241 72.394751 5241.000000 72.394751
876.000000 5265 72.560320 5265.000000 72.560320
884.000000 4854 69.670654 4854.000000 69.670654
892.000000 4669 68.330081 4669.000000 68.330081
900.000000 4597 67.801180 4597.000000 67.801180
908.000000 4584 67.705244 4584.000000 67.705244
916.000000 4176 64.621978 4176.000000 64.621978
924.000000 4189 64.722485 4189.000000 64.722485
932.000000 3792 61.579217 3792.000000 61.579217
940.000000 3746 61.204575 3746.000000 61.204575
948.000000 3605 60.041652 3605.000000 60.041652
956.000000 3526 59.380131 3526.000000 59.380131
964.000000 3223 56.771472 3223.000000 56.771472
972.000000 3075 55.452683 3075.000000 55.452683
980.000000 2941 54.230987 2941.000000 54.230987
988.000000 2871 53.581713 2871.000000 53.581713
996.000000 2777 52.697249 2777.000000 52.697249
1004.000000 2634 51.322510 2634.000000 51.322510
1012.000000 2307 48.031240 2307.000000 48.031240
1020.000000 2276 47.707442 2276.000000 47.707442
1028.000000 2079 45.596052 2079.000000 45.596052
1036.000000 2026 45.011110 2026.000000 45.011110
1044.000000 1874 43.289722 1874.000000 43.289722
1052.000000 1861 43.139309 1861.000000 43.139309
1060.000000 1656 40.693980 1656.000000 40.693980
1068.000000 1596 39.949969 1596.000000 39.949969
1076.000000 1423 37.722672 1423.000000 37.722672
1084.000000 1418 37.656341 1418.000000 37.656341
1092.000000 1275 35.707142 1275.000000 35.707142
1100.000000 1229 35.057096 1229.000000 35.057096
1108.000000 1105 33.241540 1105.000000 33.241540
1116.000000 1105 33.241540 1105.000000 33.241540
1124.000000 1009 31.764760 1009.000000 31.764760
1132.000000 992 31.496031 992.000000 31.496031
1140.000000 906 30.099834 906.000000 30.099834
1148.000000 773 27.802878 773.000000 27.802878
1156.000000 801 28.301943 801.000000 28.301943
1164.000000 687 26.210685 687.000000 26.210685
1172.000000 699 26.438608 699.000000 26.438608
1180.000000 625 25.000000 625.000000 25.000000
1188.000000 580 24.083189 580.000000 24.083189
1196.000000 613 24.758837 613.000000 24.758837
1204.000000 485 22.022716 485.000000 22.022716
1212.000000 498 22.315914 498.000000 22.315914
1220.000000 420 20.493902 420.000000 20.493902
1228.000000 454 21.307276 454.000000 21.307276
1236.000000 404 20.099751 404.000000 20.099751
1244.000000 378 19.442222 378.000000 19.442222
1252.000000 375 19.364917 375.000000 19.364917
1260.000000 345 18.574176 345.000000 18.574176
1268.000000 337 18.357560 337.000000 18.357560
1276.000000 293 17.117243 293.000000 17.117243
1284.000000 313 17.691806 313.000000 17.691806
1292.000000 259 16.093477 259.000000 16.093477
1300.000000 252 15.874508 252.000000 15.874508
1308.000000 246 15.684387 246.000000 15.684387
1316.000000 198 14.071247 198.000000 14.071247
1324.000000 234 15.297059 234.000000 15.297059
1332.000000 181 13.453624 181.000000 13.453624
1340.000000 170 13.038405 170.000000 13.038405
1348.000000 163 12.767145 163.000000 12.767145
1356.000000 142 11.916375 142.000000 11.916375
1364.000000 151 12.288206 151.000000 12.288206
1372.000000 131 11.445523 131.000000 11.445523
1380.000000 151 12.288206 151.000000 12.288206
1388.000000 117 10.816654 117.000000 10.816654
1396.000000 98 9.899495 98.000000 9.899495
1404.000000 101 10.049876 101.000000 10.049876
1412.000000 103 10.148892 103.000000 10.148892
1420.000000 87 9.327379 87.000000 9.327379
1428.000000 68 8.246211 68.000000 8.246211
1436.000000 73 8.544004 73.000000 8.544004
1444.000000 58 7.615773 58.000000 7.615773
1452.000000 55 7.416198 55.000000 7.416198
1460.000000 60 7.745967 60.000000 7.745967
1468.000000 47 6.855655 47.000000 6.855655
1476.000000 45 6.708204 45.000000 6.708204
1484.000000 45 6.708204 45.000000 6.708204
1492.000000 40 6.324555 40.000000 6.324555
1500.000000 35 5.916080 35.000000 5.916080
1508.000000 29 5.385165 29.000000 5.385165
1516.000000 16 4.000000 16.000000 4.000000
1524.000000 18 4.242641 18.000000 4.242641
1532.000000 18 4.242641 18.000000 4.242641
1540.000000 18 4.242641 18.000000 4.242641
1548.000000 21 4.582576 21.000000 4.582576
1556.000000 24 4.898979 24.000000 4.898979
1564.000000 16 4.000000 16.000000 4.000000
1572.000000 14 3.741657 14.000000 3.741657
1580.000000 10 3.162278 10.000000 3.162278
1588.000000 9 3.000000 9.000000 3.000000
1596.000000 12 3.464102 12.000000 3.464102
1604.000000 8 2.828427 8.000000 2.828427
1612.000000 10 3.162278 10.000000 3.162278
1620.000000 9 3.000000 9.000000 3.000000
1628.000000 9 3.000000 9.000000 3.000000
1636.000000 9 3.000000 9.000000 3.000000
1644.000000 6 2.449490 6.000000 2.449490
1652.000000 6 2.449490 6.000000 2.449490
1660.000000 8 2.828427 8.000000 2.828427
1668.000000 3 1.732051 3.000000 1.732051
1676.000000 6 2.449490 6.000000 2.449490
1684.000000 5 2.236068 5.000000 2.236068
1692.000000 6 2.449490 6.000000 2.449490
1700.000000 5 2.236068 5.000000 2.236068
1708.000000 2 1.414214 2.000000 1.414214
1716.000000 4 2.000000 4.000000 2.000000
1724.000000 2 1.414214 2.000000 1.414214
1732.000000 3 1.732051 3.000000 1.732051
1740.000000 1 1.000000 1.000000 1.000000
1748.000000 2 1.414214 2.000000 1.414214
1756.000000 0 0.000000 0.000000 0.000000
1764.000000 1 1.000000 1.000000 1.000000
1772.000000 2 1.414214 2.000000 1.414214
1780.000000 2 1.414214 2.000000 1.414214
1788.000000 2 1.414214 2.000000 1.414214
1796.000000 0 0.000000 0.000000 0.000000
1804.000000 1 1.000000 1.000000 1.000000
1812.000000 0 0.000000 0.000000 0.000000
1820.000000 0 0.000000 0.000000 0.000000
1828.000000 2 1.414214 2.000000 1.414214
1836.000000 0 0.000000 0.000000 0.000000
1844.000000 0 0.000000 0.000000 0.000000
1852.000000 0 0.000000 0.000000 0.000000
1860.000000 0 0.000000 0.000000 0.000000
1868.000000 0 0.000000 0.000000 0.000000
1876.000000 0 0.000000 0.000000 0.000000
1884.000000 0 0.000000 0.000000 0.000000
1892.000000 0 0.000000 0.000000 0.000000
1900.000000 0 0.000000 0.000000 0.000000
1908.000000 0 0.000000 0.000000 0.000000
1916.000000 0 0.000000 0.000000 0.000000
1924.000000 0 0.000000 0.000000 0.000000
1932.000000 1 1.000000 1.000000 1.000000
1940.000000 0 0.000000 0.000000 0.000000
1948.000000 -1 0.000000 -1.000000 0.000000
1956.000000 0 0.000000 0.000000 0.000000
1964.000000 0 0.000000 0.000000 0.000000
1972.000000 0 0.000000 0.000000 0.000000
1980.000000 0 0.000000 0.000000 0.000000
1988.000000 0 0.000000 0.000000 0.000000
1996.000000 0 0.000000 0.000000 0.000000
2004.000000 0 0.000000 0.000000 0.000000
2012.000000 0 0.000000 0.000000 0.000000
2020.000000 0 0.000000 0.000000 0.000000
2028.000000 0 0.000000 0.000000 0.000000
2036.000000 0 0.000000 0.000000 0.000000
2044.000000 0 0.000000 0.000000 0.000000
2052.000000 0 0.000000 0.000000 0.000000
2060.000000 0 0.000000 0.000000 0.000000
2068.000000 0 0.000000 0.000000 0.000000
2076.000000 0 0.000000 0.000000 0.000000
2084.000000 0 0.000000 0.000000 0.000000
2092.000000 0 0.000000 0.000000 0.000000
2100.000000 0 0.000000 0.000000 0.000000
2108.000000 0 0.000000 0.000000 0.000000
2116.000000 0 0.000000 0.000000 0.000000
2124.000000 0 0.000000 0.000000 0.000000
2132.000000 0 0.000000 0.000000 0.000000
2140.000000 0 0.000000 0.000000 0.000000
2148.000000 0 0.000000 0.000000 0.000000
2156.000000 0 0.000000 0.000000 0.000000
2164.000000 0 0.000000 0.000000 0.000000
2172.000000 0 0.000000 0.000000 0.000000
2180.000000 0 0.000000 0.000000 0.000000
2188.000000 0 0.000000 0.000000 0.000000
2196.000000 0 0.000000 0.000000 0.000000
2204.000000 0 0.000000 0.000000 0.000000
2212.000000 0 0.000000 0.000000 0.000000
2220.000000 0 0.000000 0.000000 0.000000
2228.000000 0 0.000000 0.000000 0.000000
2236.000000 0 0.000000 0.000000 0.000000
2244.000000 0 0.000000 0.000000 0.000000
2252.000000 0 0.000000 0.000000 0.000000
2260.000000 0 0.000000 0.000000 0.000000
2268.000000 0 0.000000 0.000000 0.000000
2276.000000 0 0.000000 0.000000 0.000000
2284.000000 0 0.000000 0.000000 0.000000
2292.000000 0 0.000000 0.000000 0.000000
2300.000000 0 0.000000 0.000000 0.000000
2308.000000 0 0.000000 0.000000 0.000000
2316.000000 0 0.000000 0.000000 0.000000
2324.000000 0 0.000000 0.000000 0.000000
2332.000000 0 0.000000 0.000000 0.000000
2340.000000 0 0.000000 0.000000 0.000000
2348.000000 0 0.000000 0.000000 0.000000
2356.000000 0 0.000000 0.000000 0.000000
2364.000000 0 0.000000 0.000000 0.000000
2372.000000 0 0.000000 0.000000 0.000000
2380.000000 0 0.000000 0.000000 0.000000
2388.000000 0 0.000000 0.000000 0.000000
2396.000000 0 0.000000 0.000000 0.000000
2404.000000 0 0.000000 0.000000 0.000000
2412.000000 0 0.000000 0.000000 0.000000
2420.000000 0 0.000000 0.000000 0.000000
2428.000000 0 0.000000 0.000000 0.000000
2436.000000 0 0.000000 0.000000 0.000000
2444.000000 0 0.000000 0.000000 0.000000
2452.000000 0 0.000000 0.000000 0.000000
2460.000000 0 0.000000 0.000000 0.000000
2468.000000 0 0.000000 0.000000 0.000000
2476.000000 0 0.000000 0.000000 0.000000
2484.000000 0 0.000000 0.000000 0.000000
2492.000000 0 0.000000 0.000000 0.000000
2500.000000 0 0.000000 0.000000 0.000000
2508.000000 0 0.000000 0.000000 0.000000
2516.000000 0 0.000000 0.000000 0.000000
2524.000000 0 0.000000 0.000000 0.000000
2532.000000 0 0.000000 0.000000 0.000000
2540.000000 0 0.000000 0.000000 0.000000
2548.000000 0 0.000000 0.000000 0.000000
2556.000000 0 0.000000 0.000000 0.000000
2564.000000 0 0.000000 0.000000 0.000000
2572.000000 0 0.000000 0.000000 0.000000
2580.000000 0 0.000000 0.000000 0.000000
2588.000000 0 0.000000 0.000000 0.000000
2596.000000 0 0.000000 0.000000 0.000000
2604.000000 0 0.000000 0.000000 0.000000
2612.000000 0 0.000000 0.000000 0.000000
2620.000000 0 0.000000 0.000000 0.000000
2628.000000 0 0.000000 0.000000 0.000000
2636.000000 0 0.000000 0.000000 0.000000
2644.000000 0 0.000000 0.000000 0.000000
2652.000000 0 0.000000 0.000000 0.000000
2660.000000 0 0.000000 0.000000 0.000000
2668.000000 0 0.000000 0.000000 0.000000
2676.000000 0 0.000000 0.000000 0.000000
2684.000000 0 0.000000 0.000000 0.000000
2692.000000 0 0.000000 0.000000 0.000000
2700.000000 0 0.000000 0.000000 0.000000
2708.000000 0 0.000000 0.000000 0.000000
2716.000000 0 0.000000 0.000000 0.000000
2724.000000 0 0.000000 0.000000 0.000000
2732.000000 0 0.000000 0.000000 0.000000
2740.000000 0 0.000000 0.000000 0.000000
2748.000000 0 0.000000 0.000000 0.000000
2756.000000 0 0.000000 0.000000 0.000000
2764.000000 0 0.000000 0.000000 0.000000
2772.000000 0 0.000000 0.000000 0.000000
2780.000000 0 0.000000 0.000000 0.000000
2788.000000 0 0.000000 0.000000 0.000000
2796.000000 0 0.000000 0.000000 0.000000
2804.000000 0 0.000000 0.000000 0.000000
2812.000000 0 0.000000 0.000000 0.000000
2820.000000 0 0.000000 0.000000 0.000000
2828.000000 0 0.000000 0.000000 0.000000
2836.000000 0 0.000000 0.000000 0.000000
2844.000000 0 0.000000 0.000000 0.000000
2852.000000 0 0.000000 0.000000 0.000000
2860.000000 0 0.000000 0.000000 0.000000
2868.000000 0 0.000000 0.000000 0.000000
2876.000000 0 0.000000 0.000000 0.000000
2884.000000 0 0.000000 0.000000 0.000000
2892.000000 0 0.000000 0.000000 0.000000
2900.000000 0 0.000000 0.000000 0.000000
2908.000000 0 0.000000 0.000000 0.000000
2916.000000 0 0.000000 0.000000 0.000000
2924.000000 0 0.000000 0.000000 0.000000
2932.000000 0 0.000000 0.000000 0.000000
2940.000000 0 0.000000 0.000000 0.000000
2948.000000 0 0.000000 0.000000 0.000000
2956.000000 0 0.000000 0.000000 0.000000
2964.000000 0 0.000000 0.000000 0.000000
2972.000000 0 0.000000 0.000000 0.000000
2980.000000 0 0.000000 0.000000 0.000000
2988.000000 0 0.000000 0.000000 0.000000
2996.000000 0 0.000000 0.000000 0.000000
3004.000000 0 0.000000 0.000000 0.000000
3012.000000 0 0.000000 0.000000 0.000000
3020.000000 0 0.000000 0.000000 0.000000
3028.000000 0 0.000000 0.000000 0.000000
3036.000000 0 0.000000 0.000000 0.000000
3044.000000 0 0.000000 0.000000 0.000000
3052.000000 0 0.000000 0.000000 0.000000
3060.000000 0 0.000000 0.000000 0.000000
3068.000000 0 0.000000 0.000000 0.000000
3076.000000 0 0.000000 0.000000 0.000000
3084.000000 0 0.000000 0.000000 0.000000
3092.000000 0 0.000000 0.000000 0.000000
3100.000000 0 0.000000 0.000000 0.000000
3108.000000 0 0.000000 0.000000 0.000000
3116.000000 0 0.000000 0.000000 0.000000
3124.000000 0 0.000000 0.000000 0.000000
3132.000000 0 0.000000 0.000000 0.000000
3140.000000 0 0.000000 0.000000 0.000000
3148.000000 0 0.000000 0.000000 0.000000
3156.000000 0 0.000000 0.000000 0.000000
3164.000000 0 0.000000 0.000000 0.000000
3172.000000 0 0.000000 0.000000 0.000000
3180.000000 0 0.000000 0.000000 0.000000
3188.000000 0 0.000000 0.000000 0.000000
3196.000000 0 0.000000 0.000000 0.000000
3204.000000 0 0.000000 0.000000 0.000000
3212.000000 0 0.000000 0.000000 0.000000
3220.000000 0 0.000000 0.000000 0.000000
3228.000000 0 0.000000 0.000000 0.000000
3236.000000 0 0.000000 0.000000 0.000000
3244.000000 0 0.000000 0.000000 0.000000
3252.000000 0 0.000000 0.000000 0.000000
3260.000000 0 0.000000 0.000000 0.000000
3268.000000 0 0.000000 0.000000 0.000000
3276.000000 0 0.000000 0.000000 0.000000
3284.000000 0 0.000000 0.000000 0.000000
3292.000000 0 0.000000 0.000000 0.000000
3300.000000 0 0.000000 0.000000 0.000000
3308.000000 0 0.000000 0.000000 0.000000
3316.000000 0 0.000000 0.000000 0.000000
3324.000000 0 0.000000 0.000000 0.000000
3332.000000 0 0.000000 0.000000 0.000000
3340.000000 0 0.000000 0.000000 0.000000
3348.000000 0 0.000000 0.000000 0.000000
3356.000000 0 0.000000 0.000000 0.000000
3364.000000 0 0.000000 0.000000 0.000000
3372.000000 0 0.000000 0.000000 0.000000
3380.000000 0 0.000000 0.000000 0.000000
3388.000000 0 0.000000 0.000000 0.000000
3396.000000 0 0.000000 0.000000 0.000000
3404.000000 0 0.000000 0.000000 0.000000
3412.000000 0 0.000000 0.000000 0.000000
3420.000000 0 0.000000 0.000000 0.000000
3428.000000 0 0.000000 0.000000 0.000000
3436.000000 0 0.000000 0.000000 0.000000
3444.000000 0 0.000000 0.000000 0.000000
3452.000000 0 0.000000 0.000000 0.000000
3460.000000 0 0.000000 0.000000 0.000000
3468.000000 0 0.000000 0.000000 0.000000
3476.000000 0 0.000000 0.000000 0.000000
3484.000000 0 0.000000 0.000000 0.000000
3492.000000 0 0.000000 0.000000 0.000000
3500.000000 0 0.000000 0.000000 0.000000
3508.000000 0 0.000000 0.000000 0.000000
3516.000000 0 0.000000 0.000000 0.000000
3524.000000 0 0.000000 0.000000 0.000000
3532.000000 0 0.000000 0.000000 0.000000
3540.000000 0 0.000000 0.000000 0.000000
3548.000000 0 0.000000 0.000000 0.000000
3556.000000 0 0.000000 0.000000 0.000000
3564.000000 0 0.000000 0.000000 0.000000
3572.000000 0 0.000000 0.000000 0.000000
3580.000000 0 0.000000 0.000000 0.000000
3588.000000 0 0.000000 0.000000 0.000000
3596.000000 0 0.000000 0.000000 0.000000
3604.000000 0 0.000000 0.000000 0.000000
3612.000000 0 0.000000 0.000000 0.000000
3620.000000 0 0.000000 0.000000 0.000000
3628.000000 0 0.000000 0.000000 0.000000
3636.000000 0 0.000000 0.000000 0.000000
3644.000000 0 0.000000 0.000000 0.000000
3652.000000 0 0.000000 0.000000 0.000000
3660.000000 0 0.000000 0.000000 0.000000
3668.000000 0 0.000000 0.000000 0.000000
3676.000000 0 0.000000 0.000000 0.000000
3684.000000 0 0.000000 0.000000 0.000000
3692.000000 0 0.000000 0.000000 0.000000
3700.000000 0 0.000000 0.000000 0.000000
3708.000000 0 0.000000 0.000000 0.000000
3716.000000 0 0.000000 0.000000 0.000000
3724.000000 0 0.000000 0.000000 0.000000
3732.000000 0 0.000000 0.000000 0.000000
3740.000000 0 0.000000 0.000000 0.000000
3748.000000 0 0.000000 0.000000 0.000000
3756.000000 0 0.000000 0.000000 0.000000
3764.000000 0 0.000000 0.000000 0.000000
3772.000000 0 0.000000 0.000000 0.000000
3780.000000 0 0.000000 0.000000 0.000000
3788.000000 0 0.000000 0.000000 0.000000
3796.000000 0 0.000000 0.000000 0.000000
3804.000000 0 0.000000 0.000000 0.000000
3812.000000 0 0.000000 0.000000 0.000000
3820.000000 0 0.000000 0.000000 0.000000
3828.000000 0 0.000000 0.000000 0.000000
3836.000000 0 0.000000 0.000000 0.000000
3844.000000 0 0.000000 0.000000 0.000000
3852.000000 0 0.000000 0.000000 0.000000
3860.000000 0 0.000000 0.000000 0.000000
3868.000000 0 0.000000 0.000000 0.000000
3876.000000 0 0.000000 0.000000 0.000000
3884.000000 0 0.000000 0.000000 0.000000
3892.000000 0 0.000000 0.000000 0.000000
3900.000000 0 0.000000 0.000000 0.000000
3908.000000 0 0.000000 0.000000 0.000000
3916.000000 0 0.000000 0.000000 0.000000
3924.000000 0 0.000000 0.000000 0.000000
3932.000000 0 0.000000 0.000000 0.000000
3940.000000 0 0.000000 0.000000 0.000000
3948.000000 0 0.000000 0.000000 0.000000
3956.000000 0 0.000000 0.000000 0.000000
3964.000000 0 0.000000 0.000000 0.000000
3972.000000 0 0.000000 0.000000 0.000000
3980.000000 0 0.000000 0.000000 0.000000
3988.000000 0 0.000000 0.000000 0.000000
3996.000000 0 0.000000 0.000000 0.000000
4004.000000 0 0.000000 0.000000 0.000000
4012.000000 0 0.000000 0.000000 0.000000
4020.000000 0 0.000000 0.000000 0.000000
4028.000000 0 0.000000 0.000000 0.000000
4036.000000 0 0.000000 0.000000 0.000000
4044.000000 0 0.000000 0.000000 0.000000
4052.000000 0 0.000000 0.000000 0.000000
4060.000000 0 0.000000 0.000000 0.000000
4068.000000 0 0.000000 0.000000 0.000000
4076.000000 0 0.000000 0.000000 0.000000
4084.000000 0 0.000000 0.000000 0.000000
4092.000000 0 0.000000 0.000000 0.000000
