# name, dx, fmax, fmax_err, norm_value, norm_vale_err
# 54Mn 8 1922 43.840620433565945 1 0
# bin_center, freq, freq_err, norm_freq, norm_freq_err
4.000000 0 0.000000 0.000000 0.000000
12.000000 0 0.000000 0.000000 0.000000
20.000000 0 0.000000 0.000000 0.000000
28.000000 0 0.000000 0.000000 0.000000
36.000000 0 0.000000 0.000000 0.000000
44.000000 0 0.000000 0.000000 0.000000
52.000000 0 0.000000 0.000000 0.000000
60.000000 0 0.000000 0.000000 0.000000
68.000000 912 30.199338 912.000000 30.199338
76.000000 941 30.675723 941.000000 30.675723
84.000000 903 30.049958 903.000000 30.049958
92.000000 1032 32.124757 1032.000000 32.124757
100.000000 870 29.495762 870.000000 29.495762
108.000000 863 29.376862 863.000000 29.376862
116.000000 922 30.364453 922.000000 30.364453
124.000000 897 29.949958 897.000000 29.949958
132.000000 850 29.154759 850.000000 29.154759
140.000000 869 29.478806 869.000000 29.478806
148.000000 777 27.874720 777.000000 27.874720
156.000000 943 30.708305 943.000000 30.708305
164.000000 928 30.463092 928.000000 30.463092
172.000000 797 28.231188 797.000000 28.231188
180.000000 799 28.266588 799.000000 28.266588
188.000000 831 28.827071 831.000000 28.827071
196.000000 828 28.774989 828.000000 28.774989
204.000000 821 28.653098 821.000000 28.653098
212.000000 942 30.692019 942.000000 30.692019
220.000000 944 30.724583 944.000000 30.724583
228.000000 916 30.265492 916.000000 30.265492
236.000000 1050 32.403703 1050.000000 32.403703
244.000000 982 31.336879 982.000000 31.336879
252.000000 1079 32.848135 1079.000000 32.848135
260.000000 1076 32.802439 1076.000000 32.802439
268.000000 1008 31.749016 1008.000000 31.749016
276.000000 1213 34.828150 1213.000000 34.828150
284.000000 1413 37.589892 1413.000000 37.589892
292.000000 1608 40.099875 1608.000000 40.099875
300.000000 1609 40.112342 1609.000000 40.112342
308.000000 1585 39.812058 1585.000000 39.812058
316.000000 1839 42.883563 1839.000000 42.883563
324.000000 1570 39.623226 1570.000000 39.623226
332.000000 1602 40.024992 1602.000000 40.024992
340.000000 1718 41.448764 1718.000000 41.448764
348.000000 1702 41.255303 1702.000000 41.255303
356.000000 1581 39.761791 1581.000000 39.761791
364.000000 1587 39.837169 1587.000000 39.837169
372.000000 1668 40.841156 1668.000000 40.841156
380.000000 1546 39.319207 1546.000000 39.319207
388.000000 1371 37.027017 1371.000000 37.027017
396.000000 1521 39.000000 1521.000000 39.000000
404.000000 1559 39.484174 1559.000000 39.484174
412.000000 1595 39.937451 1595.000000 39.937451
420.000000 1541 39.255573 1541.000000 39.255573
428.000000 1706 41.303753 1706.000000 41.303753
436.000000 1652 40.644803 1652.000000 40.644803
444.000000 1578 39.724048 1578.000000 39.724048
452.000000 1910 43.703547 1910.000000 43.703547
460.000000 1506 38.807216 1506.000000 38.807216
468.000000 1737 41.677332 1737.000000 41.677332
476.000000 1666 40.816663 1666.000000 40.816663
484.000000 1587 39.837169 1587.000000 39.837169
492.000000 1686 41.060930 1686.000000 41.060930
500.000000 1832 42.801869 1832.000000 42.801869
508.000000 1778 42.166337 1778.000000 42.166337
516.000000 1724 41.521079 1724.000000 41.521079
524.000000 1606 40.074930 1606.000000 40.074930
532.000000 1807 42.508823 1807.000000 42.508823
540.000000 1840 42.895221 1840.000000 42.895221
548.000000 1523 39.025633 1523.000000 39.025633
556.000000 1781 42.201896 1781.000000 42.201896
564.000000 1633 40.410395 1633.000000 40.410395
572.000000 1609 40.112342 1609.000000 40.112342
580.000000 1305 36.124784 1305.000000 36.124784
588.000000 1502 38.755645 1502.000000 38.755645
596.000000 1427 37.775654 1427.000000 37.775654
604.000000 1819 42.649736 1819.000000 42.649736
612.000000 1807 42.508823 1807.000000 42.508823
620.000000 1875 43.301270 1875.000000 43.301270
628.000000 1922 43.840620 1922.000000 43.840620
636.000000 1666 40.816663 1666.000000 40.816663
644.000000 1813 42.579338 1813.000000 42.579338
652.000000 1569 39.610605 1569.000000 39.610605
660.000000 1554 39.420807 1554.000000 39.420807
668.000000 1411 37.563280 1411.000000 37.563280
676.000000 1112 33.346664 1112.000000 33.346664
684.000000 1068 32.680269 1068.000000 32.680269
692.000000 920 30.331502 920.000000 30.331502
700.000000 754 27.459060 754.000000 27.459060
708.000000 638 25.258662 638.000000 25.258662
716.000000 510 22.583180 510.000000 22.583180
724.000000 497 22.293497 497.000000 22.293497
732.000000 399 19.974984 399.000000 19.974984
740.000000 356 18.867962 356.000000 18.867962
748.000000 368 19.183326 368.000000 19.183326
756.000000 301 17.349352 301.000000 17.349352
764.000000 393 19.824228 393.000000 19.824228
772.000000 358 18.920888 358.000000 18.920888
780.000000 270 16.431677 270.000000 16.431677
788.000000 313 17.691806 313.000000 17.691806
796.000000 285 16.881943 285.000000 16.881943
804.000000 172 13.114877 172.000000 13.114877
812.000000 235 15.329710 235.000000 15.329710
820.000000 155 12.449900 155.000000 12.449900
828.000000 225 15.000000 225.000000 15.000000
836.000000 234 15.297059 234.000000 15.297059
844.000000 192 13.856406 192.000000 13.856406
852.000000 174 13.190906 174.000000 13.190906
860.000000 192 13.856406 192.000000 13.856406
868.000000 130 11.401754 130.000000 11.401754
876.000000 147 12.124356 147.000000 12.124356
884.000000 213 14.594520 213.000000 14.594520
892.000000 152 12.328828 152.000000 12.328828
900.000000 94 9.695360 94.000000 9.695360
908.000000 182 13.490738 182.000000 13.490738
916.000000 120 10.954451 120.000000 10.954451
924.000000 152 12.328828 152.000000 12.328828
932.000000 111 10.535654 111.000000 10.535654
940.000000 105 10.246951 105.000000 10.246951
948.000000 92 9.591663 92.000000 9.591663
956.000000 130 11.401754 130.000000 11.401754
964.000000 82 9.055385 82.000000 9.055385
972.000000 139 11.789826 139.000000 11.789826
980.000000 115 10.723805 115.000000 10.723805
988.000000 76 8.717798 76.000000 8.717798
996.000000 126 11.224972 126.000000 11.224972
1004.000000 107 10.344080 107.000000 10.344080
1012.000000 80 8.944272 80.000000 8.944272
1020.000000 30 5.477226 30.000000 5.477226
1028.000000 39 6.244998 39.000000 6.244998
1036.000000 55 7.416198 55.000000 7.416198
1044.000000 82 9.055385 82.000000 9.055385
1052.000000 58 7.615773 58.000000 7.615773
1060.000000 30 5.477226 30.000000 5.477226
1068.000000 60 7.745967 60.000000 7.745967
1076.000000 23 4.795832 23.000000 4.795832
1084.000000 43 6.557439 43.000000 6.557439
1092.000000 45 6.708204 45.000000 6.708204
1100.000000 40 6.324555 40.000000 6.324555
1108.000000 14 3.741657 14.000000 3.741657
1116.000000 60 7.745967 60.000000 7.745967
1124.000000 12 3.464102 12.000000 3.464102
1132.000000 13 3.605551 13.000000 3.605551
1140.000000 36 6.000000 36.000000 6.000000
1148.000000 48 6.928203 48.000000 6.928203
1156.000000 2 1.414214 2.000000 1.414214
1164.000000 8 2.828427 8.000000 2.828427
1172.000000 31 5.567764 31.000000 5.567764
1180.000000 10 3.162278 10.000000 3.162278
1188.000000 -3 0.000000 -3.000000 0.000000
1196.000000 9 3.000000 9.000000 3.000000
1204.000000 31 5.567764 31.000000 5.567764
1212.000000 8 2.828427 8.000000 2.828427
1220.000000 17 4.123106 17.000000 4.123106
1228.000000 26 5.099020 26.000000 5.099020
1236.000000 24 4.898979 24.000000 4.898979
1244.000000 7 2.645751 7.000000 2.645751
1252.000000 14 3.741657 14.000000 3.741657
1260.000000 16 4.000000 16.000000 4.000000
1268.000000 9 3.000000 9.000000 3.000000
1276.000000 2 1.414214 2.000000 1.414214
1284.000000 5 2.236068 5.000000 2.236068
1292.000000 12 3.464102 12.000000 3.464102
1300.000000 5 2.236068 5.000000 2.236068
1308.000000 17 4.123106 17.000000 4.123106
1316.000000 -6 0.000000 -6.000000 0.000000
1324.000000 -5 0.000000 -5.000000 0.000000
1332.000000 0 0.000000 0.000000 0.000000
1340.000000 -2 0.000000 -2.000000 0.000000
1348.000000 0 0.000000 0.000000 0.000000
1356.000000 10 3.162278 10.000000 3.162278
1364.000000 4 2.000000 4.000000 2.000000
1372.000000 -2 0.000000 -2.000000 0.000000
1380.000000 8 2.828427 8.000000 2.828427
1388.000000 1 1.000000 1.000000 1.000000
1396.000000 6 2.449490 6.000000 2.449490
1404.000000 4 2.000000 4.000000 2.000000
1412.000000 4 2.000000 4.000000 2.000000
1420.000000 3 1.732051 3.000000 1.732051
1428.000000 -7 0.000000 -7.000000 0.000000
1436.000000 9 3.000000 9.000000 3.000000
1444.000000 2 1.414214 2.000000 1.414214
1452.000000 4 2.000000 4.000000 2.000000
1460.000000 1 1.000000 1.000000 1.000000
1468.000000 0 0.000000 0.000000 0.000000
1476.000000 1 1.000000 1.000000 1.000000
1484.000000 5 2.236068 5.000000 2.236068
1492.000000 -9 0.000000 -9.000000 0.000000
1500.000000 -1 0.000000 -1.000000 0.000000
1508.000000 -4 0.000000 -4.000000 0.000000
1516.000000 0 0.000000 0.000000 0.000000
1524.000000 -4 0.000000 -4.000000 0.000000
1532.000000 -1 0.000000 -1.000000 0.000000
1540.000000 1 1.000000 1.000000 1.000000
1548.000000 -1 0.000000 -1.000000 0.000000
1556.000000 4 2.000000 4.000000 2.000000
1564.000000 -1 0.000000 -1.000000 0.000000
1572.000000 -1 0.000000 -1.000000 0.000000
1580.000000 3 1.732051 3.000000 1.732051
1588.000000 -1 0.000000 -1.000000 0.000000
1596.000000 1 1.000000 1.000000 1.000000
1604.000000 1 1.000000 1.000000 1.000000
1612.000000 2 1.414214 2.000000 1.414214
1620.000000 0 0.000000 0.000000 0.000000
1628.000000 0 0.000000 0.000000 0.000000
1636.000000 0 0.000000 0.000000 0.000000
1644.000000 1 1.000000 1.000000 1.000000
1652.000000 0 0.000000 0.000000 0.000000
1660.000000 0 0.000000 0.000000 0.000000
1668.000000 0 0.000000 0.000000 0.000000
1676.000000 0 0.000000 0.000000 0.000000
1684.000000 1 1.000000 1.000000 1.000000
1692.000000 0 0.000000 0.000000 0.000000
1700.000000 0 0.000000 0.000000 0.000000
1708.000000 0 0.000000 0.000000 0.000000
1716.000000 0 0.000000 0.000000 0.000000
1724.000000 0 0.000000 0.000000 0.000000
1732.000000 0 0.000000 0.000000 0.000000
1740.000000 0 0.000000 0.000000 0.000000
1748.000000 0 0.000000 0.000000 0.000000
1756.000000 1 1.000000 1.000000 1.000000
1764.000000 0 0.000000 0.000000 0.000000
1772.000000 0 0.000000 0.000000 0.000000
1780.000000 0 0.000000 0.000000 0.000000
1788.000000 0 0.000000 0.000000 0.000000
1796.000000 0 0.000000 0.000000 0.000000
1804.000000 0 0.000000 0.000000 0.000000
1812.000000 0 0.000000 0.000000 0.000000
1820.000000 0 0.000000 0.000000 0.000000
1828.000000 0 0.000000 0.000000 0.000000
1836.000000 0 0.000000 0.000000 0.000000
1844.000000 0 0.000000 0.000000 0.000000
1852.000000 0 0.000000 0.000000 0.000000
1860.000000 0 0.000000 0.000000 0.000000
1868.000000 0 0.000000 0.000000 0.000000
1876.000000 0 0.000000 0.000000 0.000000
1884.000000 0 0.000000 0.000000 0.000000
1892.000000 0 0.000000 0.000000 0.000000
1900.000000 0 0.000000 0.000000 0.000000
1908.000000 0 0.000000 0.000000 0.000000
1916.000000 0 0.000000 0.000000 0.000000
1924.000000 0 0.000000 0.000000 0.000000
1932.000000 0 0.000000 0.000000 0.000000
1940.000000 0 0.000000 0.000000 0.000000
1948.000000 -1 0.000000 -1.000000 0.000000
1956.000000 0 0.000000 0.000000 0.000000
1964.000000 0 0.000000 0.000000 0.000000
1972.000000 0 0.000000 0.000000 0.000000
1980.000000 0 0.000000 0.000000 0.000000
1988.000000 0 0.000000 0.000000 0.000000
1996.000000 0 0.000000 0.000000 0.000000
2004.000000 0 0.000000 0.000000 0.000000
2012.000000 0 0.000000 0.000000 0.000000
2020.000000 0 0.000000 0.000000 0.000000
2028.000000 0 0.000000 0.000000 0.000000
2036.000000 0 0.000000 0.000000 0.000000
2044.000000 0 0.000000 0.000000 0.000000
2052.000000 0 0.000000 0.000000 0.000000
2060.000000 0 0.000000 0.000000 0.000000
2068.000000 0 0.000000 0.000000 0.000000
2076.000000 0 0.000000 0.000000 0.000000
2084.000000 0 0.000000 0.000000 0.000000
2092.000000 0 0.000000 0.000000 0.000000
2100.000000 0 0.000000 0.000000 0.000000
2108.000000 0 0.000000 0.000000 0.000000
2116.000000 0 0.000000 0.000000 0.000000
2124.000000 0 0.000000 0.000000 0.000000
2132.000000 0 0.000000 0.000000 0.000000
2140.000000 0 0.000000 0.000000 0.000000
2148.000000 0 0.000000 0.000000 0.000000
2156.000000 0 0.000000 0.000000 0.000000
2164.000000 0 0.000000 0.000000 0.000000
2172.000000 0 0.000000 0.000000 0.000000
2180.000000 0 0.000000 0.000000 0.000000
2188.000000 0 0.000000 0.000000 0.000000
2196.000000 0 0.000000 0.000000 0.000000
2204.000000 0 0.000000 0.000000 0.000000
2212.000000 0 0.000000 0.000000 0.000000
2220.000000 0 0.000000 0.000000 0.000000
2228.000000 0 0.000000 0.000000 0.000000
2236.000000 0 0.000000 0.000000 0.000000
2244.000000 0 0.000000 0.000000 0.000000
2252.000000 0 0.000000 0.000000 0.000000
2260.000000 0 0.000000 0.000000 0.000000
2268.000000 0 0.000000 0.000000 0.000000
2276.000000 0 0.000000 0.000000 0.000000
2284.000000 0 0.000000 0.000000 0.000000
2292.000000 0 0.000000 0.000000 0.000000
2300.000000 0 0.000000 0.000000 0.000000
2308.000000 0 0.000000 0.000000 0.000000
2316.000000 0 0.000000 0.000000 0.000000
2324.000000 0 0.000000 0.000000 0.000000
2332.000000 0 0.000000 0.000000 0.000000
2340.000000 0 0.000000 0.000000 0.000000
2348.000000 0 0.000000 0.000000 0.000000
2356.000000 0 0.000000 0.000000 0.000000
2364.000000 0 0.000000 0.000000 0.000000
2372.000000 0 0.000000 0.000000 0.000000
2380.000000 0 0.000000 0.000000 0.000000
2388.000000 0 0.000000 0.000000 0.000000
2396.000000 0 0.000000 0.000000 0.000000
2404.000000 0 0.000000 0.000000 0.000000
2412.000000 0 0.000000 0.000000 0.000000
2420.000000 0 0.000000 0.000000 0.000000
2428.000000 0 0.000000 0.000000 0.000000
2436.000000 0 0.000000 0.000000 0.000000
2444.000000 0 0.000000 0.000000 0.000000
2452.000000 0 0.000000 0.000000 0.000000
2460.000000 0 0.000000 0.000000 0.000000
2468.000000 0 0.000000 0.000000 0.000000
2476.000000 0 0.000000 0.000000 0.000000
2484.000000 0 0.000000 0.000000 0.000000
2492.000000 0 0.000000 0.000000 0.000000
2500.000000 0 0.000000 0.000000 0.000000
2508.000000 0 0.000000 0.000000 0.000000
2516.000000 0 0.000000 0.000000 0.000000
2524.000000 0 0.000000 0.000000 0.000000
2532.000000 0 0.000000 0.000000 0.000000
2540.000000 0 0.000000 0.000000 0.000000
2548.000000 0 0.000000 0.000000 0.000000
2556.000000 0 0.000000 0.000000 0.000000
2564.000000 0 0.000000 0.000000 0.000000
2572.000000 0 0.000000 0.000000 0.000000
2580.000000 0 0.000000 0.000000 0.000000
2588.000000 0 0.000000 0.000000 0.000000
2596.000000 0 0.000000 0.000000 0.000000
2604.000000 0 0.000000 0.000000 0.000000
2612.000000 0 0.000000 0.000000 0.000000
2620.000000 0 0.000000 0.000000 0.000000
2628.000000 0 0.000000 0.000000 0.000000
2636.000000 0 0.000000 0.000000 0.000000
2644.000000 0 0.000000 0.000000 0.000000
2652.000000 0 0.000000 0.000000 0.000000
2660.000000 0 0.000000 0.000000 0.000000
2668.000000 0 0.000000 0.000000 0.000000
2676.000000 0 0.000000 0.000000 0.000000
2684.000000 0 0.000000 0.000000 0.000000
2692.000000 0 0.000000 0.000000 0.000000
2700.000000 0 0.000000 0.000000 0.000000
2708.000000 0 0.000000 0.000000 0.000000
2716.000000 0 0.000000 0.000000 0.000000
2724.000000 0 0.000000 0.000000 0.000000
2732.000000 0 0.000000 0.000000 0.000000
2740.000000 0 0.000000 0.000000 0.000000
2748.000000 0 0.000000 0.000000 0.000000
2756.000000 0 0.000000 0.000000 0.000000
2764.000000 0 0.000000 0.000000 0.000000
2772.000000 0 0.000000 0.000000 0.000000
2780.000000 0 0.000000 0.000000 0.000000
2788.000000 0 0.000000 0.000000 0.000000
2796.000000 0 0.000000 0.000000 0.000000
2804.000000 0 0.000000 0.000000 0.000000
2812.000000 0 0.000000 0.000000 0.000000
2820.000000 0 0.000000 0.000000 0.000000
2828.000000 0 0.000000 0.000000 0.000000
2836.000000 0 0.000000 0.000000 0.000000
2844.000000 0 0.000000 0.000000 0.000000
2852.000000 0 0.000000 0.000000 0.000000
2860.000000 0 0.000000 0.000000 0.000000
2868.000000 0 0.000000 0.000000 0.000000
2876.000000 0 0.000000 0.000000 0.000000
2884.000000 0 0.000000 0.000000 0.000000
2892.000000 0 0.000000 0.000000 0.000000
2900.000000 0 0.000000 0.000000 0.000000
2908.000000 0 0.000000 0.000000 0.000000
2916.000000 0 0.000000 0.000000 0.000000
2924.000000 0 0.000000 0.000000 0.000000
2932.000000 0 0.000000 0.000000 0.000000
2940.000000 0 0.000000 0.000000 0.000000
2948.000000 0 0.000000 0.000000 0.000000
2956.000000 0 0.000000 0.000000 0.000000
2964.000000 0 0.000000 0.000000 0.000000
2972.000000 0 0.000000 0.000000 0.000000
2980.000000 0 0.000000 0.000000 0.000000
2988.000000 0 0.000000 0.000000 0.000000
2996.000000 0 0.000000 0.000000 0.000000
3004.000000 0 0.000000 0.000000 0.000000
3012.000000 0 0.000000 0.000000 0.000000
3020.000000 0 0.000000 0.000000 0.000000
3028.000000 0 0.000000 0.000000 0.000000
3036.000000 0 0.000000 0.000000 0.000000
3044.000000 0 0.000000 0.000000 0.000000
3052.000000 0 0.000000 0.000000 0.000000
3060.000000 0 0.000000 0.000000 0.000000
3068.000000 0 0.000000 0.000000 0.000000
3076.000000 0 0.000000 0.000000 0.000000
3084.000000 0 0.000000 0.000000 0.000000
3092.000000 0 0.000000 0.000000 0.000000
3100.000000 0 0.000000 0.000000 0.000000
3108.000000 0 0.000000 0.000000 0.000000
3116.000000 0 0.000000 0.000000 0.000000
3124.000000 0 0.000000 0.000000 0.000000
3132.000000 0 0.000000 0.000000 0.000000
3140.000000 0 0.000000 0.000000 0.000000
3148.000000 0 0.000000 0.000000 0.000000
3156.000000 0 0.000000 0.000000 0.000000
3164.000000 0 0.000000 0.000000 0.000000
3172.000000 0 0.000000 0.000000 0.000000
3180.000000 0 0.000000 0.000000 0.000000
3188.000000 0 0.000000 0.000000 0.000000
3196.000000 0 0.000000 0.000000 0.000000
3204.000000 0 0.000000 0.000000 0.000000
3212.000000 0 0.000000 0.000000 0.000000
3220.000000 0 0.000000 0.000000 0.000000
3228.000000 0 0.000000 0.000000 0.000000
3236.000000 0 0.000000 0.000000 0.000000
3244.000000 0 0.000000 0.000000 0.000000
3252.000000 0 0.000000 0.000000 0.000000
3260.000000 0 0.000000 0.000000 0.000000
3268.000000 0 0.000000 0.000000 0.000000
3276.000000 0 0.000000 0.000000 0.000000
3284.000000 0 0.000000 0.000000 0.000000
3292.000000 0 0.000000 0.000000 0.000000
3300.000000 0 0.000000 0.000000 0.000000
3308.000000 0 0.000000 0.000000 0.000000
3316.000000 0 0.000000 0.000000 0.000000
3324.000000 0 0.000000 0.000000 0.000000
3332.000000 0 0.000000 0.000000 0.000000
3340.000000 0 0.000000 0.000000 0.000000
3348.000000 0 0.000000 0.000000 0.000000
3356.000000 0 0.000000 0.000000 0.000000
3364.000000 0 0.000000 0.000000 0.000000
3372.000000 0 0.000000 0.000000 0.000000
3380.000000 0 0.000000 0.000000 0.000000
3388.000000 0 0.000000 0.000000 0.000000
3396.000000 0 0.000000 0.000000 0.000000
3404.000000 0 0.000000 0.000000 0.000000
3412.000000 0 0.000000 0.000000 0.000000
3420.000000 0 0.000000 0.000000 0.000000
3428.000000 0 0.000000 0.000000 0.000000
3436.000000 0 0.000000 0.000000 0.000000
3444.000000 0 0.000000 0.000000 0.000000
3452.000000 0 0.000000 0.000000 0.000000
3460.000000 0 0.000000 0.000000 0.000000
3468.000000 0 0.000000 0.000000 0.000000
3476.000000 0 0.000000 0.000000 0.000000
3484.000000 0 0.000000 0.000000 0.000000
3492.000000 0 0.000000 0.000000 0.000000
3500.000000 0 0.000000 0.000000 0.000000
3508.000000 0 0.000000 0.000000 0.000000
3516.000000 0 0.000000 0.000000 0.000000
3524.000000 0 0.000000 0.000000 0.000000
3532.000000 0 0.000000 0.000000 0.000000
3540.000000 0 0.000000 0.000000 0.000000
3548.000000 0 0.000000 0.000000 0.000000
3556.000000 0 0.000000 0.000000 0.000000
3564.000000 0 0.000000 0.000000 0.000000
3572.000000 0 0.000000 0.000000 0.000000
3580.000000 0 0.000000 0.000000 0.000000
3588.000000 0 0.000000 0.000000 0.000000
3596.000000 0 0.000000 0.000000 0.000000
3604.000000 0 0.000000 0.000000 0.000000
3612.000000 0 0.000000 0.000000 0.000000
3620.000000 0 0.000000 0.000000 0.000000
3628.000000 0 0.000000 0.000000 0.000000
3636.000000 0 0.000000 0.000000 0.000000
3644.000000 0 0.000000 0.000000 0.000000
3652.000000 0 0.000000 0.000000 0.000000
3660.000000 0 0.000000 0.000000 0.000000
3668.000000 0 0.000000 0.000000 0.000000
3676.000000 0 0.000000 0.000000 0.000000
3684.000000 0 0.000000 0.000000 0.000000
3692.000000 0 0.000000 0.000000 0.000000
3700.000000 0 0.000000 0.000000 0.000000
3708.000000 0 0.000000 0.000000 0.000000
3716.000000 0 0.000000 0.000000 0.000000
3724.000000 0 0.000000 0.000000 0.000000
3732.000000 0 0.000000 0.000000 0.000000
3740.000000 0 0.000000 0.000000 0.000000
3748.000000 0 0.000000 0.000000 0.000000
3756.000000 0 0.000000 0.000000 0.000000
3764.000000 0 0.000000 0.000000 0.000000
3772.000000 0 0.000000 0.000000 0.000000
3780.000000 0 0.000000 0.000000 0.000000
3788.000000 0 0.000000 0.000000 0.000000
3796.000000 0 0.000000 0.000000 0.000000
3804.000000 0 0.000000 0.000000 0.000000
3812.000000 0 0.000000 0.000000 0.000000
3820.000000 0 0.000000 0.000000 0.000000
3828.000000 0 0.000000 0.000000 0.000000
3836.000000 0 0.000000 0.000000 0.000000
3844.000000 0 0.000000 0.000000 0.000000
3852.000000 0 0.000000 0.000000 0.000000
3860.000000 0 0.000000 0.000000 0.000000
3868.000000 0 0.000000 0.000000 0.000000
3876.000000 0 0.000000 0.000000 0.000000
3884.000000 0 0.000000 0.000000 0.000000
3892.000000 0 0.000000 0.000000 0.000000
3900.000000 0 0.000000 0.000000 0.000000
3908.000000 0 0.000000 0.000000 0.000000
3916.000000 0 0.000000 0.000000 0.000000
3924.000000 0 0.000000 0.000000 0.000000
3932.000000 0 0.000000 0.000000 0.000000
3940.000000 0 0.000000 0.000000 0.000000
3948.000000 0 0.000000 0.000000 0.000000
3956.000000 0 0.000000 0.000000 0.000000
3964.000000 0 0.000000 0.000000 0.000000
3972.000000 0 0.000000 0.000000 0.000000
3980.000000 0 0.000000 0.000000 0.000000
3988.000000 0 0.000000 0.000000 0.000000
3996.000000 0 0.000000 0.000000 0.000000
4004.000000 0 0.000000 0.000000 0.000000
4012.000000 0 0.000000 0.000000 0.000000
4020.000000 0 0.000000 0.000000 0.000000
4028.000000 0 0.000000 0.000000 0.000000
4036.000000 0 0.000000 0.000000 0.000000
4044.000000 0 0.000000 0.000000 0.000000
4052.000000 0 0.000000 0.000000 0.000000
4060.000000 0 0.000000 0.000000 0.000000
4068.000000 0 0.000000 0.000000 0.000000
4076.000000 0 0.000000 0.000000 0.000000
4084.000000 0 0.000000 0.000000 0.000000
4092.000000 0 0.000000 0.000000 0.000000
