# name, dx, fmax, fmax_err, norm_value, norm_vale_err
# 88Y_1 8 29872 172.8351816037464 1 0
# bin_center, freq, freq_err, norm_freq, norm_freq_err
4.000000 0 0.000000 0.000000 0.000000
12.000000 0 0.000000 0.000000 0.000000
20.000000 0 0.000000 0.000000 0.000000
28.000000 0 0.000000 0.000000 0.000000
36.000000 0 0.000000 0.000000 0.000000
44.000000 0 0.000000 0.000000 0.000000
52.000000 0 0.000000 0.000000 0.000000
60.000000 0 0.000000 0.000000 0.000000
68.000000 6451 80.318118 6451.000000 80.318118
76.000000 26621 163.159431 26621.000000 163.159431
84.000000 9129 95.545801 9129.000000 95.545801
92.000000 9705 98.513958 9705.000000 98.513958
100.000000 9148 95.645178 9148.000000 95.645178
108.000000 8839 94.015956 8839.000000 94.015956
116.000000 8606 92.768529 8606.000000 92.768529
124.000000 7907 88.921314 7907.000000 88.921314
132.000000 8203 90.570415 8203.000000 90.570415
140.000000 8084 89.911067 8084.000000 89.911067
148.000000 7873 88.729927 7873.000000 88.729927
156.000000 8298 91.093359 8298.000000 91.093359
164.000000 8293 91.065910 8293.000000 91.065910
172.000000 8429 91.809586 8429.000000 91.809586
180.000000 8467 92.016303 8467.000000 92.016303
188.000000 9464 97.283092 9464.000000 97.283092
196.000000 9519 97.565363 9519.000000 97.565363
204.000000 10699 103.435971 10699.000000 103.435971
212.000000 11170 105.688221 11170.000000 105.688221
220.000000 12539 111.977676 12539.000000 111.977676
228.000000 12532 111.946416 12532.000000 111.946416
236.000000 13776 117.371206 13776.000000 117.371206
244.000000 14368 119.866593 14368.000000 119.866593
252.000000 15398 124.088678 15398.000000 124.088678
260.000000 15889 126.051577 15889.000000 126.051577
268.000000 16774 129.514478 16774.000000 129.514478
276.000000 17274 131.430590 17274.000000 131.430590
284.000000 18589 136.341483 18589.000000 136.341483
292.000000 19834 140.833235 19834.000000 140.833235
300.000000 21248 145.766937 21248.000000 145.766937
308.000000 21447 146.447943 21447.000000 146.447943
316.000000 23088 151.947359 23088.000000 151.947359
324.000000 22479 149.929984 22479.000000 149.929984
332.000000 23266 152.531964 23266.000000 152.531964
340.000000 23028 151.749794 23028.000000 151.749794
348.000000 24345 156.028843 24345.000000 156.028843
356.000000 24267 155.778689 24267.000000 155.778689
364.000000 24842 157.613451 24842.000000 157.613451
372.000000 24747 157.311792 24747.000000 157.311792
380.000000 24387 156.163376 24387.000000 156.163376
388.000000 25332 159.160297 25332.000000 159.160297
396.000000 26865 163.905461 26865.000000 163.905461
404.000000 26415 162.526921 26415.000000 162.526921
412.000000 27271 165.139335 27271.000000 165.139335
420.000000 27112 164.657220 27112.000000 164.657220
428.000000 28345 168.359734 28345.000000 168.359734
436.000000 27915 167.077826 27915.000000 167.077826
444.000000 29527 171.834222 29527.000000 171.834222
452.000000 28703 169.419597 28703.000000 169.419597
460.000000 29481 171.700320 29481.000000 171.700320
468.000000 29164 170.774705 29164.000000 170.774705
476.000000 29872 172.835182 29872.000000 172.835182
484.000000 29189 170.847886 29189.000000 170.847886
492.000000 29864 172.812037 29864.000000 172.812037
500.000000 29353 171.327172 29353.000000 171.327172
508.000000 29748 172.476085 29748.000000 172.476085
516.000000 28966 170.194007 28966.000000 170.194007
524.000000 29006 170.311479 29006.000000 170.311479
532.000000 28182 167.874953 28182.000000 167.874953
540.000000 29544 171.883682 29544.000000 171.883682
548.000000 28091 167.603699 28091.000000 167.603699
556.000000 28770 169.617216 28770.000000 169.617216
564.000000 28139 167.746833 28139.000000 167.746833
572.000000 29068 170.493402 29068.000000 170.493402
580.000000 27541 165.954813 27541.000000 165.954813
588.000000 28562 169.002959 28562.000000 169.002959
596.000000 26616 163.144108 26616.000000 163.144108
604.000000 27166 164.821115 27166.000000 164.821115
612.000000 25517 159.740414 25517.000000 159.740414
620.000000 25873 160.850863 25873.000000 160.850863
628.000000 24317 155.939091 24317.000000 155.939091
636.000000 23631 153.723778 23631.000000 153.723778
644.000000 25003 158.123370 25003.000000 158.123370
652.000000 26889 163.978657 26889.000000 163.978657
660.000000 26805 163.722326 26805.000000 163.722326
668.000000 27533 165.930708 27533.000000 165.930708
676.000000 26128 161.641579 26128.000000 161.641579
684.000000 24345 156.028843 24345.000000 156.028843
692.000000 22109 148.690955 22109.000000 148.690955
700.000000 20935 144.689322 20935.000000 144.689322
708.000000 18440 135.793962 18440.000000 135.793962
716.000000 17755 133.247889 17755.000000 133.247889
724.000000 15519 124.575278 15519.000000 124.575278
732.000000 14968 122.343778 14968.000000 122.343778
740.000000 13392 115.723809 13392.000000 115.723809
748.000000 13199 114.886901 13199.000000 114.886901
756.000000 12453 111.593011 12453.000000 111.593011
764.000000 12229 110.584809 12229.000000 110.584809
772.000000 11647 107.921268 11647.000000 107.921268
780.000000 11679 108.069422 11679.000000 108.069422
788.000000 10958 104.680466 10958.000000 104.680466
796.000000 10959 104.685243 10959.000000 104.685243
804.000000 10374 101.852835 10374.000000 101.852835
812.000000 10232 101.153349 10232.000000 101.153349
820.000000 9751 98.747152 9751.000000 98.747152
828.000000 9841 99.201814 9841.000000 99.201814
836.000000 9331 96.597101 9331.000000 96.597101
844.000000 9061 95.189285 9061.000000 95.189285
852.000000 8474 92.054332 8474.000000 92.054332
860.000000 8303 91.120799 8303.000000 91.120799
868.000000 7532 86.787096 7532.000000 86.787096
876.000000 7532 86.787096 7532.000000 86.787096
884.000000 7150 84.557673 7150.000000 84.557673
892.000000 6580 81.117199 6580.000000 81.117199
900.000000 6595 81.209605 6595.000000 81.209605
908.000000 6444 80.274529 6444.000000 80.274529
916.000000 6210 78.803553 6210.000000 78.803553
924.000000 6178 78.600254 6178.000000 78.600254
932.000000 5766 75.934182 5766.000000 75.934182
940.000000 5700 75.498344 5700.000000 75.498344
948.000000 5303 72.821700 5303.000000 72.821700
956.000000 5303 72.821700 5303.000000 72.821700
964.000000 4779 69.130312 4779.000000 69.130312
972.000000 4775 69.101375 4775.000000 69.101375
980.000000 4528 67.290415 4528.000000 67.290415
988.000000 4489 67.000000 4489.000000 67.000000
996.000000 4058 63.702433 4058.000000 63.702433
1004.000000 4070 63.796552 4070.000000 63.796552
1012.000000 3749 61.229078 3749.000000 61.229078
1020.000000 3763 61.343296 3763.000000 61.343296
1028.000000 3531 59.422218 3531.000000 59.422218
1036.000000 3443 58.677082 3443.000000 58.677082
1044.000000 3258 57.078893 3258.000000 57.078893
1052.000000 3357 57.939624 3357.000000 57.939624
1060.000000 3045 55.181519 3045.000000 55.181519
1068.000000 3054 55.263008 3054.000000 55.263008
1076.000000 2887 53.730811 2887.000000 53.730811
1084.000000 2819 53.094256 2819.000000 53.094256
1092.000000 2645 51.429563 2645.000000 51.429563
1100.000000 2621 51.195703 2621.000000 51.195703
1108.000000 2458 49.578221 2458.000000 49.578221
1116.000000 2492 49.919936 2492.000000 49.919936
1124.000000 2357 48.548944 2357.000000 48.548944
1132.000000 2393 48.918299 2393.000000 48.918299
1140.000000 2246 47.391982 2246.000000 47.391982
1148.000000 2028 45.033321 2028.000000 45.033321
1156.000000 2102 45.847574 2102.000000 45.847574
1164.000000 2076 45.563143 2076.000000 45.563143
1172.000000 2017 44.911023 2017.000000 44.911023
1180.000000 2003 44.754888 2003.000000 44.754888
1188.000000 1870 43.243497 1870.000000 43.243497
1196.000000 1858 43.104524 1858.000000 43.104524
1204.000000 1862 43.150898 1862.000000 43.150898
1212.000000 1749 41.821047 1749.000000 41.821047
1220.000000 1699 41.218928 1699.000000 41.218928
1228.000000 1742 41.737274 1742.000000 41.737274
1236.000000 1598 39.974992 1598.000000 39.974992
1244.000000 1662 40.767634 1662.000000 40.767634
1252.000000 1588 39.849718 1588.000000 39.849718
1260.000000 1554 39.420807 1554.000000 39.420807
1268.000000 1571 39.635842 1571.000000 39.635842
1276.000000 1486 38.548671 1486.000000 38.548671
1284.000000 1467 38.301436 1467.000000 38.301436
1292.000000 1446 38.026307 1446.000000 38.026307
1300.000000 1354 36.796739 1354.000000 36.796739
1308.000000 1386 37.229021 1386.000000 37.229021
1316.000000 1299 36.041643 1299.000000 36.041643
1324.000000 1329 36.455452 1329.000000 36.455452
1332.000000 1331 36.482873 1331.000000 36.482873
1340.000000 1325 36.400549 1325.000000 36.400549
1348.000000 1257 35.454196 1257.000000 35.454196
1356.000000 1193 34.539832 1193.000000 34.539832
1364.000000 1123 33.511192 1123.000000 33.511192
1372.000000 1175 34.278273 1175.000000 34.278273
1380.000000 1163 34.102786 1163.000000 34.102786
1388.000000 1148 33.882149 1148.000000 33.882149
1396.000000 1072 32.741411 1072.000000 32.741411
1404.000000 992 31.496031 992.000000 31.496031
1412.000000 992 31.496031 992.000000 31.496031
1420.000000 1080 32.863353 1080.000000 32.863353
1428.000000 1008 31.749016 1008.000000 31.749016
1436.000000 1110 33.316662 1110.000000 33.316662
1444.000000 1029 32.078030 1029.000000 32.078030
1452.000000 1060 32.557641 1060.000000 32.557641
1460.000000 1104 33.226495 1104.000000 33.226495
1468.000000 1097 33.120990 1097.000000 33.120990
1476.000000 1130 33.615473 1130.000000 33.615473
1484.000000 1127 33.570821 1127.000000 33.570821
1492.000000 1174 34.263683 1174.000000 34.263683
1500.000000 1298 36.027767 1298.000000 36.027767
1508.000000 1363 36.918830 1363.000000 36.918830
1516.000000 1390 37.282704 1390.000000 37.282704
1524.000000 1492 38.626416 1492.000000 38.626416
1532.000000 1449 38.065733 1449.000000 38.065733
1540.000000 1230 35.071356 1230.000000 35.071356
1548.000000 1126 33.555923 1126.000000 33.555923
1556.000000 927 30.446675 927.000000 30.446675
1564.000000 774 27.820855 774.000000 27.820855
1572.000000 577 24.020824 577.000000 24.020824
1580.000000 356 18.867962 356.000000 18.867962
1588.000000 264 16.248077 264.000000 16.248077
1596.000000 165 12.845233 165.000000 12.845233
1604.000000 116 10.770330 116.000000 10.770330
1612.000000 105 10.246951 105.000000 10.246951
1620.000000 110 10.488088 110.000000 10.488088
1628.000000 109 10.440307 109.000000 10.440307
1636.000000 94 9.695360 94.000000 9.695360
1644.000000 95 9.746794 95.000000 9.746794
1652.000000 97 9.848858 97.000000 9.848858
1660.000000 82 9.055385 82.000000 9.055385
1668.000000 83 9.110434 83.000000 9.110434
1676.000000 72 8.485281 72.000000 8.485281
1684.000000 64 8.000000 64.000000 8.000000
1692.000000 75 8.660254 75.000000 8.660254
1700.000000 69 8.306624 69.000000 8.306624
1708.000000 65 8.062258 65.000000 8.062258
1716.000000 60 7.745967 60.000000 7.745967
1724.000000 45 6.708204 45.000000 6.708204
1732.000000 46 6.782330 46.000000 6.782330
1740.000000 59 7.681146 59.000000 7.681146
1748.000000 38 6.164414 38.000000 6.164414
1756.000000 37 6.082763 37.000000 6.082763
1764.000000 34 5.830952 34.000000 5.830952
1772.000000 44 6.633250 44.000000 6.633250
1780.000000 26 5.099020 26.000000 5.099020
1788.000000 29 5.385165 29.000000 5.385165
1796.000000 34 5.830952 34.000000 5.830952
1804.000000 27 5.196152 27.000000 5.196152
1812.000000 24 4.898979 24.000000 4.898979
1820.000000 21 4.582576 21.000000 4.582576
1828.000000 18 4.242641 18.000000 4.242641
1836.000000 20 4.472136 20.000000 4.472136
1844.000000 15 3.872983 15.000000 3.872983
1852.000000 24 4.898979 24.000000 4.898979
1860.000000 24 4.898979 24.000000 4.898979
1868.000000 12 3.464102 12.000000 3.464102
1876.000000 11 3.316625 11.000000 3.316625
1884.000000 12 3.464102 12.000000 3.464102
1892.000000 12 3.464102 12.000000 3.464102
1900.000000 9 3.000000 9.000000 3.000000
1908.000000 7 2.645751 7.000000 2.645751
1916.000000 6 2.449490 6.000000 2.449490
1924.000000 5 2.236068 5.000000 2.236068
1932.000000 8 2.828427 8.000000 2.828427
1940.000000 8 2.828427 8.000000 2.828427
1948.000000 4 2.000000 4.000000 2.000000
1956.000000 3 1.732051 3.000000 1.732051
1964.000000 5 2.236068 5.000000 2.236068
1972.000000 4 2.000000 4.000000 2.000000
1980.000000 2 1.414214 2.000000 1.414214
1988.000000 1 1.000000 1.000000 1.000000
1996.000000 4 2.000000 4.000000 2.000000
2004.000000 1 1.000000 1.000000 1.000000
2012.000000 2 1.414214 2.000000 1.414214
2020.000000 1 1.000000 1.000000 1.000000
2028.000000 0 0.000000 0.000000 0.000000
2036.000000 2 1.414214 2.000000 1.414214
2044.000000 0 0.000000 0.000000 0.000000
2052.000000 2 1.414214 2.000000 1.414214
2060.000000 1 1.000000 1.000000 1.000000
2068.000000 2 1.414214 2.000000 1.414214
2076.000000 0 0.000000 0.000000 0.000000
2084.000000 1 1.000000 1.000000 1.000000
2092.000000 1 1.000000 1.000000 1.000000
2100.000000 1 1.000000 1.000000 1.000000
2108.000000 0 0.000000 0.000000 0.000000
2116.000000 0 0.000000 0.000000 0.000000
2124.000000 0 0.000000 0.000000 0.000000
2132.000000 0 0.000000 0.000000 0.000000
2140.000000 0 0.000000 0.000000 0.000000
2148.000000 2 1.414214 2.000000 1.414214
2156.000000 0 0.000000 0.000000 0.000000
2164.000000 1 1.000000 1.000000 1.000000
2172.000000 1 1.000000 1.000000 1.000000
2180.000000 0 0.000000 0.000000 0.000000
2188.000000 0 0.000000 0.000000 0.000000
2196.000000 0 0.000000 0.000000 0.000000
2204.000000 0 0.000000 0.000000 0.000000
2212.000000 0 0.000000 0.000000 0.000000
2220.000000 0 0.000000 0.000000 0.000000
2228.000000 1 1.000000 1.000000 1.000000
2236.000000 0 0.000000 0.000000 0.000000
2244.000000 0 0.000000 0.000000 0.000000
2252.000000 0 0.000000 0.000000 0.000000
2260.000000 0 0.000000 0.000000 0.000000
2268.000000 0 0.000000 0.000000 0.000000
2276.000000 1 1.000000 1.000000 1.000000
2284.000000 0 0.000000 0.000000 0.000000
2292.000000 0 0.000000 0.000000 0.000000
2300.000000 0 0.000000 0.000000 0.000000
2308.000000 0 0.000000 0.000000 0.000000
2316.000000 0 0.000000 0.000000 0.000000
2324.000000 0 0.000000 0.000000 0.000000
2332.000000 0 0.000000 0.000000 0.000000
2340.000000 0 0.000000 0.000000 0.000000
2348.000000 0 0.000000 0.000000 0.000000
2356.000000 0 0.000000 0.000000 0.000000
2364.000000 0 0.000000 0.000000 0.000000
2372.000000 0 0.000000 0.000000 0.000000
2380.000000 0 0.000000 0.000000 0.000000
2388.000000 0 0.000000 0.000000 0.000000
2396.000000 0 0.000000 0.000000 0.000000
2404.000000 0 0.000000 0.000000 0.000000
2412.000000 0 0.000000 0.000000 0.000000
2420.000000 0 0.000000 0.000000 0.000000
2428.000000 0 0.000000 0.000000 0.000000
2436.000000 0 0.000000 0.000000 0.000000
2444.000000 0 0.000000 0.000000 0.000000
2452.000000 0 0.000000 0.000000 0.000000
2460.000000 0 0.000000 0.000000 0.000000
2468.000000 0 0.000000 0.000000 0.000000
2476.000000 0 0.000000 0.000000 0.000000
2484.000000 0 0.000000 0.000000 0.000000
2492.000000 0 0.000000 0.000000 0.000000
2500.000000 0 0.000000 0.000000 0.000000
2508.000000 0 0.000000 0.000000 0.000000
2516.000000 0 0.000000 0.000000 0.000000
2524.000000 0 0.000000 0.000000 0.000000
2532.000000 0 0.000000 0.000000 0.000000
2540.000000 0 0.000000 0.000000 0.000000
2548.000000 0 0.000000 0.000000 0.000000
2556.000000 0 0.000000 0.000000 0.000000
2564.000000 0 0.000000 0.000000 0.000000
2572.000000 0 0.000000 0.000000 0.000000
2580.000000 0 0.000000 0.000000 0.000000
2588.000000 0 0.000000 0.000000 0.000000
2596.000000 0 0.000000 0.000000 0.000000
2604.000000 0 0.000000 0.000000 0.000000
2612.000000 0 0.000000 0.000000 0.000000
2620.000000 0 0.000000 0.000000 0.000000
2628.000000 0 0.000000 0.000000 0.000000
2636.000000 0 0.000000 0.000000 0.000000
2644.000000 0 0.000000 0.000000 0.000000
2652.000000 0 0.000000 0.000000 0.000000
2660.000000 0 0.000000 0.000000 0.000000
2668.000000 0 0.000000 0.000000 0.000000
2676.000000 0 0.000000 0.000000 0.000000
2684.000000 0 0.000000 0.000000 0.000000
2692.000000 0 0.000000 0.000000 0.000000
2700.000000 0 0.000000 0.000000 0.000000
2708.000000 0 0.000000 0.000000 0.000000
2716.000000 0 0.000000 0.000000 0.000000
2724.000000 0 0.000000 0.000000 0.000000
2732.000000 0 0.000000 0.000000 0.000000
2740.000000 0 0.000000 0.000000 0.000000
2748.000000 0 0.000000 0.000000 0.000000
2756.000000 0 0.000000 0.000000 0.000000
2764.000000 0 0.000000 0.000000 0.000000
2772.000000 0 0.000000 0.000000 0.000000
2780.000000 0 0.000000 0.000000 0.000000
2788.000000 0 0.000000 0.000000 0.000000
2796.000000 0 0.000000 0.000000 0.000000
2804.000000 0 0.000000 0.000000 0.000000
2812.000000 0 0.000000 0.000000 0.000000
2820.000000 0 0.000000 0.000000 0.000000
2828.000000 0 0.000000 0.000000 0.000000
2836.000000 0 0.000000 0.000000 0.000000
2844.000000 0 0.000000 0.000000 0.000000
2852.000000 0 0.000000 0.000000 0.000000
2860.000000 0 0.000000 0.000000 0.000000
2868.000000 0 0.000000 0.000000 0.000000
2876.000000 0 0.000000 0.000000 0.000000
2884.000000 0 0.000000 0.000000 0.000000
2892.000000 0 0.000000 0.000000 0.000000
2900.000000 0 0.000000 0.000000 0.000000
2908.000000 0 0.000000 0.000000 0.000000
2916.000000 0 0.000000 0.000000 0.000000
2924.000000 0 0.000000 0.000000 0.000000
2932.000000 0 0.000000 0.000000 0.000000
2940.000000 0 0.000000 0.000000 0.000000
2948.000000 0 0.000000 0.000000 0.000000
2956.000000 0 0.000000 0.000000 0.000000
2964.000000 0 0.000000 0.000000 0.000000
2972.000000 0 0.000000 0.000000 0.000000
2980.000000 0 0.000000 0.000000 0.000000
2988.000000 0 0.000000 0.000000 0.000000
2996.000000 0 0.000000 0.000000 0.000000
3004.000000 0 0.000000 0.000000 0.000000
3012.000000 0 0.000000 0.000000 0.000000
3020.000000 0 0.000000 0.000000 0.000000
3028.000000 0 0.000000 0.000000 0.000000
3036.000000 0 0.000000 0.000000 0.000000
3044.000000 0 0.000000 0.000000 0.000000
3052.000000 0 0.000000 0.000000 0.000000
3060.000000 0 0.000000 0.000000 0.000000
3068.000000 0 0.000000 0.000000 0.000000
3076.000000 0 0.000000 0.000000 0.000000
3084.000000 0 0.000000 0.000000 0.000000
3092.000000 0 0.000000 0.000000 0.000000
3100.000000 0 0.000000 0.000000 0.000000
3108.000000 0 0.000000 0.000000 0.000000
3116.000000 0 0.000000 0.000000 0.000000
3124.000000 0 0.000000 0.000000 0.000000
3132.000000 0 0.000000 0.000000 0.000000
3140.000000 0 0.000000 0.000000 0.000000
3148.000000 0 0.000000 0.000000 0.000000
3156.000000 0 0.000000 0.000000 0.000000
3164.000000 0 0.000000 0.000000 0.000000
3172.000000 0 0.000000 0.000000 0.000000
3180.000000 0 0.000000 0.000000 0.000000
3188.000000 0 0.000000 0.000000 0.000000
3196.000000 0 0.000000 0.000000 0.000000
3204.000000 0 0.000000 0.000000 0.000000
3212.000000 0 0.000000 0.000000 0.000000
3220.000000 0 0.000000 0.000000 0.000000
3228.000000 0 0.000000 0.000000 0.000000
3236.000000 0 0.000000 0.000000 0.000000
3244.000000 0 0.000000 0.000000 0.000000
3252.000000 0 0.000000 0.000000 0.000000
3260.000000 0 0.000000 0.000000 0.000000
3268.000000 0 0.000000 0.000000 0.000000
3276.000000 0 0.000000 0.000000 0.000000
3284.000000 0 0.000000 0.000000 0.000000
3292.000000 0 0.000000 0.000000 0.000000
3300.000000 0 0.000000 0.000000 0.000000
3308.000000 0 0.000000 0.000000 0.000000
3316.000000 0 0.000000 0.000000 0.000000
3324.000000 0 0.000000 0.000000 0.000000
3332.000000 0 0.000000 0.000000 0.000000
3340.000000 0 0.000000 0.000000 0.000000
3348.000000 0 0.000000 0.000000 0.000000
3356.000000 0 0.000000 0.000000 0.000000
3364.000000 0 0.000000 0.000000 0.000000
3372.000000 0 0.000000 0.000000 0.000000
3380.000000 0 0.000000 0.000000 0.000000
3388.000000 0 0.000000 0.000000 0.000000
3396.000000 0 0.000000 0.000000 0.000000
3404.000000 0 0.000000 0.000000 0.000000
3412.000000 0 0.000000 0.000000 0.000000
3420.000000 0 0.000000 0.000000 0.000000
3428.000000 0 0.000000 0.000000 0.000000
3436.000000 0 0.000000 0.000000 0.000000
3444.000000 0 0.000000 0.000000 0.000000
3452.000000 0 0.000000 0.000000 0.000000
3460.000000 0 0.000000 0.000000 0.000000
3468.000000 0 0.000000 0.000000 0.000000
3476.000000 0 0.000000 0.000000 0.000000
3484.000000 0 0.000000 0.000000 0.000000
3492.000000 0 0.000000 0.000000 0.000000
3500.000000 0 0.000000 0.000000 0.000000
3508.000000 0 0.000000 0.000000 0.000000
3516.000000 0 0.000000 0.000000 0.000000
3524.000000 0 0.000000 0.000000 0.000000
3532.000000 0 0.000000 0.000000 0.000000
3540.000000 0 0.000000 0.000000 0.000000
3548.000000 0 0.000000 0.000000 0.000000
3556.000000 0 0.000000 0.000000 0.000000
3564.000000 0 0.000000 0.000000 0.000000
3572.000000 0 0.000000 0.000000 0.000000
3580.000000 0 0.000000 0.000000 0.000000
3588.000000 0 0.000000 0.000000 0.000000
3596.000000 0 0.000000 0.000000 0.000000
3604.000000 0 0.000000 0.000000 0.000000
3612.000000 0 0.000000 0.000000 0.000000
3620.000000 0 0.000000 0.000000 0.000000
3628.000000 0 0.000000 0.000000 0.000000
3636.000000 0 0.000000 0.000000 0.000000
3644.000000 0 0.000000 0.000000 0.000000
3652.000000 0 0.000000 0.000000 0.000000
3660.000000 0 0.000000 0.000000 0.000000
3668.000000 0 0.000000 0.000000 0.000000
3676.000000 0 0.000000 0.000000 0.000000
3684.000000 0 0.000000 0.000000 0.000000
3692.000000 0 0.000000 0.000000 0.000000
3700.000000 0 0.000000 0.000000 0.000000
3708.000000 0 0.000000 0.000000 0.000000
3716.000000 0 0.000000 0.000000 0.000000
3724.000000 0 0.000000 0.000000 0.000000
3732.000000 0 0.000000 0.000000 0.000000
3740.000000 0 0.000000 0.000000 0.000000
3748.000000 0 0.000000 0.000000 0.000000
3756.000000 0 0.000000 0.000000 0.000000
3764.000000 0 0.000000 0.000000 0.000000
3772.000000 0 0.000000 0.000000 0.000000
3780.000000 0 0.000000 0.000000 0.000000
3788.000000 0 0.000000 0.000000 0.000000
3796.000000 0 0.000000 0.000000 0.000000
3804.000000 0 0.000000 0.000000 0.000000
3812.000000 0 0.000000 0.000000 0.000000
3820.000000 0 0.000000 0.000000 0.000000
3828.000000 0 0.000000 0.000000 0.000000
3836.000000 0 0.000000 0.000000 0.000000
3844.000000 0 0.000000 0.000000 0.000000
3852.000000 0 0.000000 0.000000 0.000000
3860.000000 0 0.000000 0.000000 0.000000
3868.000000 0 0.000000 0.000000 0.000000
3876.000000 0 0.000000 0.000000 0.000000
3884.000000 0 0.000000 0.000000 0.000000
3892.000000 0 0.000000 0.000000 0.000000
3900.000000 0 0.000000 0.000000 0.000000
3908.000000 0 0.000000 0.000000 0.000000
3916.000000 0 0.000000 0.000000 0.000000
3924.000000 0 0.000000 0.000000 0.000000
3932.000000 0 0.000000 0.000000 0.000000
3940.000000 0 0.000000 0.000000 0.000000
3948.000000 0 0.000000 0.000000 0.000000
3956.000000 0 0.000000 0.000000 0.000000
3964.000000 0 0.000000 0.000000 0.000000
3972.000000 0 0.000000 0.000000 0.000000
3980.000000 0 0.000000 0.000000 0.000000
3988.000000 0 0.000000 0.000000 0.000000
3996.000000 0 0.000000 0.000000 0.000000
4004.000000 0 0.000000 0.000000 0.000000
4012.000000 0 0.000000 0.000000 0.000000
4020.000000 0 0.000000 0.000000 0.000000
4028.000000 0 0.000000 0.000000 0.000000
4036.000000 0 0.000000 0.000000 0.000000
4044.000000 0 0.000000 0.000000 0.000000
4052.000000 0 0.000000 0.000000 0.000000
4060.000000 0 0.000000 0.000000 0.000000
4068.000000 0 0.000000 0.000000 0.000000
4076.000000 0 0.000000 0.000000 0.000000
4084.000000 0 0.000000 0.000000 0.000000
4092.000000 0 0.000000 0.000000 0.000000
