# name, dx, fmax, fmax_err, norm_value, norm_vale_err
# 88Y 128 3112 55.78530272392541 1 0
# bin_center, freq, freq_err, norm_freq, norm_freq_err
1070.000000 1379 37.134889 1379.000000 37.134889
1198.000000 1586 39.824616 1586.000000 39.824616
1326.000000 1069 32.695565 1069.000000 32.695565
1454.000000 1137 33.719431 1137.000000 33.719431
1582.000000 1098 33.136083 1098.000000 33.136083
1710.000000 985 31.384710 985.000000 31.384710
1838.000000 1231 35.085610 1231.000000 35.085610
1966.000000 1014 31.843367 1014.000000 31.843367
2094.000000 995 31.543621 995.000000 31.543621
2222.000000 1055 32.480764 1055.000000 32.480764
2350.000000 1066 32.649655 1066.000000 32.649655
2478.000000 1063 32.603681 1063.000000 32.603681
2606.000000 1055 32.480764 1055.000000 32.480764
2734.000000 1123 33.511192 1123.000000 33.511192
2862.000000 1024 32.000000 1024.000000 32.000000
2990.000000 941 30.675723 941.000000 30.675723
3118.000000 1071 32.726136 1071.000000 32.726136
3246.000000 1124 33.526109 1124.000000 33.526109
3374.000000 1279 35.763109 1279.000000 35.763109
3502.000000 1235 35.142567 1235.000000 35.142567
3630.000000 1252 35.383612 1252.000000 35.383612
3758.000000 1374 37.067506 1374.000000 37.067506
3886.000000 1373 37.054015 1373.000000 37.054015
4014.000000 1379 37.134889 1379.000000 37.134889
4142.000000 1427 37.775654 1427.000000 37.775654
4270.000000 1568 39.597980 1568.000000 39.597980
4398.000000 1802 42.449971 1802.000000 42.449971
4526.000000 1866 43.197222 1866.000000 43.197222
4654.000000 2326 48.228622 2326.000000 48.228622
4782.000000 2240 47.328638 2240.000000 47.328638
4910.000000 2278 47.728398 2278.000000 47.728398
5038.000000 2305 48.010416 2305.000000 48.010416
5166.000000 2459 49.588305 2459.000000 49.588305
5294.000000 2342 48.394215 2342.000000 48.394215
5422.000000 2371 48.692915 2371.000000 48.692915
5550.000000 2460 49.598387 2460.000000 49.598387
5678.000000 2552 50.517324 2552.000000 50.517324
5806.000000 2474 49.739320 2474.000000 49.739320
5934.000000 2399 48.979588 2399.000000 48.979588
6062.000000 2308 48.041649 2308.000000 48.041649
6190.000000 2125 46.097722 2125.000000 46.097722
6318.000000 2392 48.908077 2392.000000 48.908077
6446.000000 2424 49.234135 2424.000000 49.234135
6574.000000 2271 47.655010 2271.000000 47.655010
6702.000000 2282 47.770284 2282.000000 47.770284
6830.000000 2425 49.244289 2425.000000 49.244289
6958.000000 2547 50.467812 2547.000000 50.467812
7086.000000 2310 48.062459 2310.000000 48.062459
7214.000000 2731 52.258971 2731.000000 52.258971
7342.000000 2281 47.759816 2281.000000 47.759816
7470.000000 2334 48.311489 2334.000000 48.311489
7598.000000 2405 49.040799 2405.000000 49.040799
7726.000000 2433 49.325450 2433.000000 49.325450
7854.000000 2505 50.049975 2505.000000 50.049975
7982.000000 2704 52.000000 2704.000000 52.000000
8110.000000 2503 50.029991 2503.000000 50.029991
8238.000000 2546 50.457903 2546.000000 50.457903
8366.000000 2446 49.457052 2446.000000 49.457052
8494.000000 2705 52.009614 2705.000000 52.009614
8622.000000 2803 52.943366 2803.000000 52.943366
8750.000000 2604 51.029403 2604.000000 51.029403
8878.000000 2604 51.029403 2604.000000 51.029403
9006.000000 2741 52.354560 2741.000000 52.354560
9134.000000 2532 50.318983 2532.000000 50.318983
9262.000000 2536 50.358713 2536.000000 50.358713
9390.000000 2521 50.209561 2521.000000 50.209561
9518.000000 2716 52.115257 2716.000000 52.115257
9646.000000 3016 54.918121 3016.000000 54.918121
9774.000000 2945 54.267854 2945.000000 54.267854
9902.000000 3042 55.154329 3042.000000 55.154329
10030.000000 3069 55.398556 3069.000000 55.398556
10158.000000 3112 55.785303 3112.000000 55.785303
10286.000000 3010 54.863467 3010.000000 54.863467
10414.000000 2962 54.424259 2962.000000 54.424259
10542.000000 2815 53.056574 2815.000000 53.056574
10670.000000 2683 51.797683 2683.000000 51.797683
10798.000000 2710 52.057660 2710.000000 52.057660
10926.000000 2294 47.895720 2294.000000 47.895720
11054.000000 2445 49.446941 2445.000000 49.446941
11182.000000 2011 44.844175 2011.000000 44.844175
11310.000000 1894 43.520110 1894.000000 43.520110
11438.000000 1722 41.496988 1722.000000 41.496988
11566.000000 1525 39.051248 1525.000000 39.051248
11694.000000 1451 38.091994 1451.000000 38.091994
11822.000000 1384 37.202150 1384.000000 37.202150
11950.000000 1382 37.175261 1382.000000 37.175261
12078.000000 1306 36.138622 1306.000000 36.138622
12206.000000 1320 36.331804 1320.000000 36.331804
12334.000000 1207 34.741906 1207.000000 34.741906
12462.000000 1114 33.376639 1114.000000 33.376639
12590.000000 1181 34.365681 1181.000000 34.365681
12718.000000 1099 33.151169 1099.000000 33.151169
12846.000000 973 31.192948 973.000000 31.192948
12974.000000 983 31.352831 983.000000 31.352831
13102.000000 872 29.529646 872.000000 29.529646
13230.000000 932 30.528675 932.000000 30.528675
13358.000000 961 31.000000 961.000000 31.000000
13486.000000 799 28.266588 799.000000 28.266588
13614.000000 838 28.948230 838.000000 28.948230
13742.000000 728 26.981475 728.000000 26.981475
13870.000000 778 27.892651 778.000000 27.892651
13998.000000 704 26.532998 704.000000 26.532998
14126.000000 667 25.826343 667.000000 25.826343
14254.000000 688 26.229754 688.000000 26.229754
14382.000000 587 24.228083 587.000000 24.228083
14510.000000 564 23.748684 564.000000 23.748684
14638.000000 575 23.979158 575.000000 23.979158
14766.000000 540 23.237900 540.000000 23.237900
14894.000000 463 21.517435 463.000000 21.517435
15022.000000 490 22.135944 490.000000 22.135944
15150.000000 486 22.045408 486.000000 22.045408
15278.000000 472 21.725561 472.000000 21.725561
15406.000000 434 20.832667 434.000000 20.832667
15534.000000 455 21.330729 455.000000 21.330729
15662.000000 396 19.899749 396.000000 19.899749
15790.000000 360 18.973666 360.000000 18.973666
15918.000000 414 20.346990 414.000000 20.346990
16046.000000 380 19.493589 380.000000 19.493589
16174.000000 319 17.860571 319.000000 17.860571
16302.000000 270 16.431677 270.000000 16.431677
16430.000000 369 19.209373 369.000000 19.209373
16558.000000 306 17.492856 306.000000 17.492856
16686.000000 275 16.583124 275.000000 16.583124
16814.000000 246 15.684387 246.000000 15.684387
16942.000000 251 15.842980 251.000000 15.842980
17070.000000 246 15.684387 246.000000 15.684387
17198.000000 242 15.556349 242.000000 15.556349
17326.000000 264 16.248077 264.000000 16.248077
17454.000000 224 14.966630 224.000000 14.966630
17582.000000 235 15.329710 235.000000 15.329710
17710.000000 207 14.387495 207.000000 14.387495
17838.000000 176 13.266499 176.000000 13.266499
17966.000000 184 13.564660 184.000000 13.564660
18094.000000 196 14.000000 196.000000 14.000000
18222.000000 180 13.416408 180.000000 13.416408
18350.000000 158 12.569805 158.000000 12.569805
18478.000000 176 13.266499 176.000000 13.266499
18606.000000 171 13.076697 171.000000 13.076697
18734.000000 193 13.892444 193.000000 13.892444
18862.000000 179 13.379088 179.000000 13.379088
18990.000000 153 12.369317 153.000000 12.369317
19118.000000 150 12.247449 150.000000 12.247449
19246.000000 188 13.711309 188.000000 13.711309
19374.000000 164 12.806248 164.000000 12.806248
19502.000000 138 11.747340 138.000000 11.747340
19630.000000 158 12.569805 158.000000 12.569805
19758.000000 160 12.649111 160.000000 12.649111
19886.000000 142 11.916375 142.000000 11.916375
20014.000000 147 12.124356 147.000000 12.124356
20142.000000 141 11.874342 141.000000 11.874342
20270.000000 140 11.832160 140.000000 11.832160
20398.000000 130 11.401754 130.000000 11.401754
20526.000000 141 11.874342 141.000000 11.874342
20654.000000 138 11.747340 138.000000 11.747340
20782.000000 120 10.954451 120.000000 10.954451
20910.000000 134 11.575837 134.000000 11.575837
21038.000000 145 12.041595 145.000000 12.041595
21166.000000 112 10.583005 112.000000 10.583005
21294.000000 112 10.583005 112.000000 10.583005
21422.000000 102 10.099505 102.000000 10.099505
21550.000000 91 9.539392 91.000000 9.539392
21678.000000 128 11.313708 128.000000 11.313708
21806.000000 128 11.313708 128.000000 11.313708
21934.000000 119 10.908712 119.000000 10.908712
22062.000000 122 11.045361 122.000000 11.045361
22190.000000 115 10.723805 115.000000 10.723805
22318.000000 144 12.000000 144.000000 12.000000
22446.000000 138 11.747340 138.000000 11.747340
22574.000000 141 11.874342 141.000000 11.874342
22702.000000 156 12.489996 156.000000 12.489996
22830.000000 181 13.453624 181.000000 13.453624
22958.000000 199 14.106736 199.000000 14.106736
23086.000000 221 14.866069 221.000000 14.866069
23214.000000 201 14.177447 201.000000 14.177447
23342.000000 232 15.231546 232.000000 15.231546
23470.000000 214 14.628739 214.000000 14.628739
23598.000000 236 15.362291 236.000000 15.362291
23726.000000 229 15.132746 229.000000 15.132746
23854.000000 219 14.798649 219.000000 14.798649
23982.000000 210 14.491377 210.000000 14.491377
24110.000000 225 15.000000 225.000000 15.000000
24238.000000 198 14.071247 198.000000 14.071247
24366.000000 207 14.387495 207.000000 14.387495
24494.000000 159 12.609520 159.000000 12.609520
24622.000000 266 16.309506 266.000000 16.309506
24750.000000 107 10.344080 107.000000 10.344080
24878.000000 94 9.695360 94.000000 9.695360
25006.000000 78 8.831761 78.000000 8.831761
25134.000000 38 6.164414 38.000000 6.164414
25262.000000 34 5.830952 34.000000 5.830952
25390.000000 17 4.123106 17.000000 4.123106
25518.000000 17 4.123106 17.000000 4.123106
25646.000000 1 1.000000 1.000000 1.000000
25774.000000 3 1.732051 3.000000 1.732051
25902.000000 2 1.414214 2.000000 1.414214
26030.000000 6 2.449490 6.000000 2.449490
26158.000000 4 2.000000 4.000000 2.000000
26286.000000 1 1.000000 1.000000 1.000000
26414.000000 2 1.414214 2.000000 1.414214
26542.000000 4 2.000000 4.000000 2.000000
26670.000000 1 1.000000 1.000000 1.000000
26798.000000 1 1.000000 1.000000 1.000000
26926.000000 2 1.414214 2.000000 1.414214
27054.000000 2 1.414214 2.000000 1.414214
27182.000000 3 1.732051 3.000000 1.732051
27310.000000 2 1.414214 2.000000 1.414214
27438.000000 0 0.000000 0.000000 0.000000
27566.000000 1 1.000000 1.000000 1.000000
27694.000000 1 1.000000 1.000000 1.000000
27822.000000 1 1.000000 1.000000 1.000000
27950.000000 1 1.000000 1.000000 1.000000
28078.000000 1 1.000000 1.000000 1.000000
28206.000000 1 1.000000 1.000000 1.000000
28334.000000 1 1.000000 1.000000 1.000000
28462.000000 0 0.000000 0.000000 0.000000
28590.000000 0 0.000000 0.000000 0.000000
28718.000000 1 1.000000 1.000000 1.000000
28846.000000 0 0.000000 0.000000 0.000000
28974.000000 1 1.000000 1.000000 1.000000
29102.000000 2 1.414214 2.000000 1.414214
29230.000000 1 1.000000 1.000000 1.000000
29358.000000 0 0.000000 0.000000 0.000000
29486.000000 0 0.000000 0.000000 0.000000
29614.000000 1 1.000000 1.000000 1.000000
29742.000000 0 0.000000 0.000000 0.000000
29870.000000 0 0.000000 0.000000 0.000000
29998.000000 1 1.000000 1.000000 1.000000
30126.000000 0 0.000000 0.000000 0.000000
30254.000000 0 0.000000 0.000000 0.000000
30382.000000 0 0.000000 0.000000 0.000000
30510.000000 0 0.000000 0.000000 0.000000
30638.000000 1 1.000000 1.000000 1.000000
30766.000000 0 0.000000 0.000000 0.000000
30894.000000 0 0.000000 0.000000 0.000000
31022.000000 0 0.000000 0.000000 0.000000
31150.000000 -1 0.000000 -1.000000 0.000000
31278.000000 0 0.000000 0.000000 0.000000
31406.000000 0 0.000000 0.000000 0.000000
31534.000000 0 0.000000 0.000000 0.000000
31662.000000 0 0.000000 0.000000 0.000000
31790.000000 1 1.000000 1.000000 1.000000
31918.000000 0 0.000000 0.000000 0.000000
32046.000000 0 0.000000 0.000000 0.000000
32174.000000 0 0.000000 0.000000 0.000000
32302.000000 0 0.000000 0.000000 0.000000
32430.000000 0 0.000000 0.000000 0.000000
32558.000000 0 0.000000 0.000000 0.000000
32686.000000 0 0.000000 0.000000 0.000000
32814.000000 0 0.000000 0.000000 0.000000
32942.000000 0 0.000000 0.000000 0.000000
33070.000000 0 0.000000 0.000000 0.000000
33198.000000 0 0.000000 0.000000 0.000000
33326.000000 0 0.000000 0.000000 0.000000
33454.000000 0 0.000000 0.000000 0.000000
33582.000000 0 0.000000 0.000000 0.000000
33710.000000 0 0.000000 0.000000 0.000000
33838.000000 0 0.000000 0.000000 0.000000
33966.000000 0 0.000000 0.000000 0.000000
34094.000000 0 0.000000 0.000000 0.000000
34222.000000 0 0.000000 0.000000 0.000000
34350.000000 0 0.000000 0.000000 0.000000
34478.000000 0 0.000000 0.000000 0.000000
34606.000000 0 0.000000 0.000000 0.000000
34734.000000 0 0.000000 0.000000 0.000000
34862.000000 0 0.000000 0.000000 0.000000
34990.000000 0 0.000000 0.000000 0.000000
35118.000000 0 0.000000 0.000000 0.000000
35246.000000 0 0.000000 0.000000 0.000000
35374.000000 0 0.000000 0.000000 0.000000
35502.000000 0 0.000000 0.000000 0.000000
35630.000000 0 0.000000 0.000000 0.000000
35758.000000 0 0.000000 0.000000 0.000000
35886.000000 0 0.000000 0.000000 0.000000
36014.000000 0 0.000000 0.000000 0.000000
36142.000000 0 0.000000 0.000000 0.000000
36270.000000 0 0.000000 0.000000 0.000000
36398.000000 0 0.000000 0.000000 0.000000
36526.000000 0 0.000000 0.000000 0.000000
