# name, dx, fmax, fmax_err, norm_value, norm_vale_err
# bkgd 8 7166 84.65222974027323 1 0
# bin_center, freq, freq_err, norm_freq, norm_freq_err
4.000000 0 0.000000 0.000000 0.000000
12.000000 0 0.000000 0.000000 0.000000
20.000000 0 0.000000 0.000000 0.000000
28.000000 0 0.000000 0.000000 0.000000
36.000000 0 0.000000 0.000000 0.000000
44.000000 0 0.000000 0.000000 0.000000
52.000000 0 0.000000 0.000000 0.000000
60.000000 0 0.000000 0.000000 0.000000
68.000000 1578 39.724048 1578.000000 39.724048
76.000000 1141 33.778692 1141.000000 33.778692
84.000000 868 29.461840 868.000000 29.461840
92.000000 970 31.144823 970.000000 31.144823
100.000000 934 30.561414 934.000000 30.561414
108.000000 1013 31.827661 1013.000000 31.827661
116.000000 855 29.240383 855.000000 29.240383
124.000000 859 29.308702 859.000000 29.308702
132.000000 865 29.410882 865.000000 29.410882
140.000000 865 29.410882 865.000000 29.410882
148.000000 847 29.103264 847.000000 29.103264
156.000000 803 28.337255 803.000000 28.337255
164.000000 755 27.477263 755.000000 27.477263
172.000000 782 27.964263 782.000000 27.964263
180.000000 748 27.349589 748.000000 27.349589
188.000000 843 29.034462 843.000000 29.034462
196.000000 774 27.820855 774.000000 27.820855
204.000000 848 29.120440 848.000000 29.120440
212.000000 865 29.410882 865.000000 29.410882
220.000000 913 30.215890 913.000000 30.215890
228.000000 894 29.899833 894.000000 29.899833
236.000000 936 30.594117 936.000000 30.594117
244.000000 966 31.080541 966.000000 31.080541
252.000000 971 31.160873 971.000000 31.160873
260.000000 1094 33.075671 1094.000000 33.075671
268.000000 1220 34.928498 1220.000000 34.928498
276.000000 1510 38.858718 1510.000000 38.858718
284.000000 1814 42.591079 1814.000000 42.591079
292.000000 2014 44.877611 2014.000000 44.877611
300.000000 2345 48.425200 2345.000000 48.425200
308.000000 2473 49.729267 2473.000000 49.729267
316.000000 2579 50.783856 2579.000000 50.783856
324.000000 2703 51.990384 2703.000000 51.990384
332.000000 2917 54.009258 2917.000000 54.009258
340.000000 3001 54.781384 3001.000000 54.781384
348.000000 3360 57.965507 3360.000000 57.965507
356.000000 3388 58.206529 3388.000000 58.206529
364.000000 3764 61.351447 3764.000000 61.351447
372.000000 3817 61.781874 3817.000000 61.781874
380.000000 3889 62.361847 3889.000000 62.361847
388.000000 4336 65.848311 4336.000000 65.848311
396.000000 4605 67.860150 4605.000000 67.860150
404.000000 4647 68.168908 4647.000000 68.168908
412.000000 5053 71.084457 5053.000000 71.084457
420.000000 5114 71.512237 5114.000000 71.512237
428.000000 5277 72.642962 5277.000000 72.642962
436.000000 5347 73.123184 5347.000000 73.123184
444.000000 5782 76.039463 5782.000000 76.039463
452.000000 5630 75.033326 5630.000000 75.033326
460.000000 6051 77.788174 6051.000000 77.788174
468.000000 5984 77.356318 5984.000000 77.356318
476.000000 6460 80.374125 6460.000000 80.374125
484.000000 6259 79.113842 6259.000000 79.113842
492.000000 6397 79.981248 6397.000000 79.981248
500.000000 6290 79.309520 6290.000000 79.309520
508.000000 7166 84.652230 7166.000000 84.652230
516.000000 6671 81.676190 6671.000000 81.676190
524.000000 7053 83.982141 7053.000000 83.982141
532.000000 6819 82.577237 6819.000000 82.577237
540.000000 7005 83.695878 7005.000000 83.695878
548.000000 6941 83.312664 6941.000000 83.312664
556.000000 7003 83.683929 7003.000000 83.683929
564.000000 6775 82.310388 6775.000000 82.310388
572.000000 6931 83.252628 6931.000000 83.252628
580.000000 6667 81.651699 6667.000000 81.651699
588.000000 6599 81.234229 6599.000000 81.234229
596.000000 6345 79.655508 6345.000000 79.655508
604.000000 6127 78.275156 6127.000000 78.275156
612.000000 5709 75.557925 5709.000000 75.557925
620.000000 5548 74.484898 5548.000000 74.484898
628.000000 5148 71.749564 5148.000000 71.749564
636.000000 4783 69.159237 4783.000000 69.159237
644.000000 4608 67.882251 4608.000000 67.882251
652.000000 4411 66.415360 4411.000000 66.415360
660.000000 3982 63.103090 3982.000000 63.103090
668.000000 3769 61.392182 3769.000000 61.392182
676.000000 3362 57.982756 3362.000000 57.982756
684.000000 3147 56.098128 3147.000000 56.098128
692.000000 2634 51.322510 2634.000000 51.322510
700.000000 2498 49.979996 2498.000000 49.979996
708.000000 2133 46.184413 2133.000000 46.184413
716.000000 1915 43.760713 1915.000000 43.760713
724.000000 1728 41.569219 1728.000000 41.569219
732.000000 1642 40.521599 1642.000000 40.521599
740.000000 1413 37.589892 1413.000000 37.589892
748.000000 1306 36.138622 1306.000000 36.138622
756.000000 1176 34.292856 1176.000000 34.292856
764.000000 1075 32.787193 1075.000000 32.787193
772.000000 1048 32.372828 1048.000000 32.372828
780.000000 992 31.496031 992.000000 31.496031
788.000000 887 29.782545 887.000000 29.782545
796.000000 863 29.376862 863.000000 29.376862
804.000000 823 28.687977 823.000000 28.687977
812.000000 748 27.349589 748.000000 27.349589
820.000000 725 26.925824 725.000000 26.925824
828.000000 657 25.632011 657.000000 25.632011
836.000000 595 24.392622 595.000000 24.392622
844.000000 595 24.392622 595.000000 24.392622
852.000000 557 23.600847 557.000000 23.600847
860.000000 542 23.280893 542.000000 23.280893
868.000000 459 21.424285 459.000000 21.424285
876.000000 453 21.283797 453.000000 21.283797
884.000000 401 20.024984 401.000000 20.024984
892.000000 368 19.183326 368.000000 19.183326
900.000000 369 19.209373 369.000000 19.209373
908.000000 350 18.708287 350.000000 18.708287
916.000000 340 18.439089 340.000000 18.439089
924.000000 314 17.720045 314.000000 17.720045
932.000000 333 18.248288 333.000000 18.248288
940.000000 289 17.000000 289.000000 17.000000
948.000000 257 16.031220 257.000000 16.031220
956.000000 231 15.198684 231.000000 15.198684
964.000000 233 15.264338 233.000000 15.264338
972.000000 205 14.317821 205.000000 14.317821
980.000000 191 13.820275 191.000000 13.820275
988.000000 193 13.892444 193.000000 13.892444
996.000000 133 11.532563 133.000000 11.532563
1004.000000 145 12.041595 145.000000 12.041595
1012.000000 150 12.247449 150.000000 12.247449
1020.000000 157 12.529964 157.000000 12.529964
1028.000000 135 11.618950 135.000000 11.618950
1036.000000 128 11.313708 128.000000 11.313708
1044.000000 111 10.535654 111.000000 10.535654
1052.000000 104 10.198039 104.000000 10.198039
1060.000000 117 10.816654 117.000000 10.816654
1068.000000 98 9.899495 98.000000 9.899495
1076.000000 106 10.295630 106.000000 10.295630
1084.000000 87 9.327379 87.000000 9.327379
1092.000000 85 9.219544 85.000000 9.219544
1100.000000 80 8.944272 80.000000 8.944272
1108.000000 80 8.944272 80.000000 8.944272
1116.000000 63 7.937254 63.000000 7.937254
1124.000000 69 8.306624 69.000000 8.306624
1132.000000 55 7.416198 55.000000 7.416198
1140.000000 55 7.416198 55.000000 7.416198
1148.000000 51 7.141428 51.000000 7.141428
1156.000000 66 8.124038 66.000000 8.124038
1164.000000 60 7.745967 60.000000 7.745967
1172.000000 41 6.403124 41.000000 6.403124
1180.000000 53 7.280110 53.000000 7.280110
1188.000000 53 7.280110 53.000000 7.280110
1196.000000 40 6.324555 40.000000 6.324555
1204.000000 24 4.898979 24.000000 4.898979
1212.000000 31 5.567764 31.000000 5.567764
1220.000000 34 5.830952 34.000000 5.830952
1228.000000 30 5.477226 30.000000 5.477226
1236.000000 25 5.000000 25.000000 5.000000
1244.000000 32 5.656854 32.000000 5.656854
1252.000000 21 4.582576 21.000000 4.582576
1260.000000 18 4.242641 18.000000 4.242641
1268.000000 21 4.582576 21.000000 4.582576
1276.000000 29 5.385165 29.000000 5.385165
1284.000000 17 4.123106 17.000000 4.123106
1292.000000 18 4.242641 18.000000 4.242641
1300.000000 23 4.795832 23.000000 4.795832
1308.000000 17 4.123106 17.000000 4.123106
1316.000000 22 4.690416 22.000000 4.690416
1324.000000 16 4.000000 16.000000 4.000000
1332.000000 15 3.872983 15.000000 3.872983
1340.000000 20 4.472136 20.000000 4.472136
1348.000000 14 3.741657 14.000000 3.741657
1356.000000 8 2.828427 8.000000 2.828427
1364.000000 9 3.000000 9.000000 3.000000
1372.000000 12 3.464102 12.000000 3.464102
1380.000000 8 2.828427 8.000000 2.828427
1388.000000 7 2.645751 7.000000 2.645751
1396.000000 7 2.645751 7.000000 2.645751
1404.000000 4 2.000000 4.000000 2.000000
1412.000000 3 1.732051 3.000000 1.732051
1420.000000 9 3.000000 9.000000 3.000000
1428.000000 10 3.162278 10.000000 3.162278
1436.000000 2 1.414214 2.000000 1.414214
1444.000000 5 2.236068 5.000000 2.236068
1452.000000 6 2.449490 6.000000 2.449490
1460.000000 2 1.414214 2.000000 1.414214
1468.000000 2 1.414214 2.000000 1.414214
1476.000000 7 2.645751 7.000000 2.645751
1484.000000 8 2.828427 8.000000 2.828427
1492.000000 13 3.605551 13.000000 3.605551
1500.000000 8 2.828427 8.000000 2.828427
1508.000000 10 3.162278 10.000000 3.162278
1516.000000 6 2.449490 6.000000 2.449490
1524.000000 8 2.828427 8.000000 2.828427
1532.000000 8 2.828427 8.000000 2.828427
1540.000000 5 2.236068 5.000000 2.236068
1548.000000 7 2.645751 7.000000 2.645751
1556.000000 2 1.414214 2.000000 1.414214
1564.000000 4 2.000000 4.000000 2.000000
1572.000000 2 1.414214 2.000000 1.414214
1580.000000 0 0.000000 0.000000 0.000000
1588.000000 3 1.732051 3.000000 1.732051
1596.000000 1 1.000000 1.000000 1.000000
1604.000000 0 0.000000 0.000000 0.000000
1612.000000 0 0.000000 0.000000 0.000000
1620.000000 0 0.000000 0.000000 0.000000
1628.000000 0 0.000000 0.000000 0.000000
1636.000000 0 0.000000 0.000000 0.000000
1644.000000 0 0.000000 0.000000 0.000000
1652.000000 0 0.000000 0.000000 0.000000
1660.000000 0 0.000000 0.000000 0.000000
1668.000000 0 0.000000 0.000000 0.000000
1676.000000 0 0.000000 0.000000 0.000000
1684.000000 0 0.000000 0.000000 0.000000
1692.000000 0 0.000000 0.000000 0.000000
1700.000000 0 0.000000 0.000000 0.000000
1708.000000 0 0.000000 0.000000 0.000000
1716.000000 0 0.000000 0.000000 0.000000
1724.000000 0 0.000000 0.000000 0.000000
1732.000000 0 0.000000 0.000000 0.000000
1740.000000 0 0.000000 0.000000 0.000000
1748.000000 0 0.000000 0.000000 0.000000
1756.000000 0 0.000000 0.000000 0.000000
1764.000000 0 0.000000 0.000000 0.000000
1772.000000 0 0.000000 0.000000 0.000000
1780.000000 0 0.000000 0.000000 0.000000
1788.000000 0 0.000000 0.000000 0.000000
1796.000000 0 0.000000 0.000000 0.000000
1804.000000 0 0.000000 0.000000 0.000000
1812.000000 0 0.000000 0.000000 0.000000
1820.000000 0 0.000000 0.000000 0.000000
1828.000000 0 0.000000 0.000000 0.000000
1836.000000 0 0.000000 0.000000 0.000000
1844.000000 0 0.000000 0.000000 0.000000
1852.000000 0 0.000000 0.000000 0.000000
1860.000000 0 0.000000 0.000000 0.000000
1868.000000 0 0.000000 0.000000 0.000000
1876.000000 0 0.000000 0.000000 0.000000
1884.000000 0 0.000000 0.000000 0.000000
1892.000000 0 0.000000 0.000000 0.000000
1900.000000 0 0.000000 0.000000 0.000000
1908.000000 0 0.000000 0.000000 0.000000
1916.000000 0 0.000000 0.000000 0.000000
1924.000000 0 0.000000 0.000000 0.000000
1932.000000 0 0.000000 0.000000 0.000000
1940.000000 0 0.000000 0.000000 0.000000
1948.000000 1 1.000000 1.000000 1.000000
1956.000000 0 0.000000 0.000000 0.000000
1964.000000 0 0.000000 0.000000 0.000000
1972.000000 0 0.000000 0.000000 0.000000
1980.000000 0 0.000000 0.000000 0.000000
1988.000000 0 0.000000 0.000000 0.000000
1996.000000 0 0.000000 0.000000 0.000000
2004.000000 0 0.000000 0.000000 0.000000
2012.000000 0 0.000000 0.000000 0.000000
2020.000000 0 0.000000 0.000000 0.000000
2028.000000 0 0.000000 0.000000 0.000000
2036.000000 0 0.000000 0.000000 0.000000
2044.000000 0 0.000000 0.000000 0.000000
2052.000000 0 0.000000 0.000000 0.000000
2060.000000 0 0.000000 0.000000 0.000000
2068.000000 0 0.000000 0.000000 0.000000
2076.000000 0 0.000000 0.000000 0.000000
2084.000000 0 0.000000 0.000000 0.000000
2092.000000 0 0.000000 0.000000 0.000000
2100.000000 0 0.000000 0.000000 0.000000
2108.000000 0 0.000000 0.000000 0.000000
2116.000000 0 0.000000 0.000000 0.000000
2124.000000 0 0.000000 0.000000 0.000000
2132.000000 0 0.000000 0.000000 0.000000
2140.000000 0 0.000000 0.000000 0.000000
2148.000000 0 0.000000 0.000000 0.000000
2156.000000 0 0.000000 0.000000 0.000000
2164.000000 0 0.000000 0.000000 0.000000
2172.000000 0 0.000000 0.000000 0.000000
2180.000000 0 0.000000 0.000000 0.000000
2188.000000 0 0.000000 0.000000 0.000000
2196.000000 0 0.000000 0.000000 0.000000
2204.000000 0 0.000000 0.000000 0.000000
2212.000000 0 0.000000 0.000000 0.000000
2220.000000 0 0.000000 0.000000 0.000000
2228.000000 0 0.000000 0.000000 0.000000
2236.000000 0 0.000000 0.000000 0.000000
2244.000000 0 0.000000 0.000000 0.000000
2252.000000 0 0.000000 0.000000 0.000000
2260.000000 0 0.000000 0.000000 0.000000
2268.000000 0 0.000000 0.000000 0.000000
2276.000000 0 0.000000 0.000000 0.000000
2284.000000 0 0.000000 0.000000 0.000000
2292.000000 0 0.000000 0.000000 0.000000
2300.000000 0 0.000000 0.000000 0.000000
2308.000000 0 0.000000 0.000000 0.000000
2316.000000 0 0.000000 0.000000 0.000000
2324.000000 0 0.000000 0.000000 0.000000
2332.000000 0 0.000000 0.000000 0.000000
2340.000000 0 0.000000 0.000000 0.000000
2348.000000 0 0.000000 0.000000 0.000000
2356.000000 0 0.000000 0.000000 0.000000
2364.000000 0 0.000000 0.000000 0.000000
2372.000000 0 0.000000 0.000000 0.000000
2380.000000 0 0.000000 0.000000 0.000000
2388.000000 0 0.000000 0.000000 0.000000
2396.000000 0 0.000000 0.000000 0.000000
2404.000000 0 0.000000 0.000000 0.000000
2412.000000 0 0.000000 0.000000 0.000000
2420.000000 0 0.000000 0.000000 0.000000
2428.000000 0 0.000000 0.000000 0.000000
2436.000000 0 0.000000 0.000000 0.000000
2444.000000 0 0.000000 0.000000 0.000000
2452.000000 0 0.000000 0.000000 0.000000
2460.000000 0 0.000000 0.000000 0.000000
2468.000000 0 0.000000 0.000000 0.000000
2476.000000 0 0.000000 0.000000 0.000000
2484.000000 0 0.000000 0.000000 0.000000
2492.000000 0 0.000000 0.000000 0.000000
2500.000000 0 0.000000 0.000000 0.000000
2508.000000 0 0.000000 0.000000 0.000000
2516.000000 0 0.000000 0.000000 0.000000
2524.000000 0 0.000000 0.000000 0.000000
2532.000000 0 0.000000 0.000000 0.000000
2540.000000 0 0.000000 0.000000 0.000000
2548.000000 0 0.000000 0.000000 0.000000
2556.000000 0 0.000000 0.000000 0.000000
2564.000000 0 0.000000 0.000000 0.000000
2572.000000 0 0.000000 0.000000 0.000000
2580.000000 0 0.000000 0.000000 0.000000
2588.000000 0 0.000000 0.000000 0.000000
2596.000000 0 0.000000 0.000000 0.000000
2604.000000 0 0.000000 0.000000 0.000000
2612.000000 0 0.000000 0.000000 0.000000
2620.000000 0 0.000000 0.000000 0.000000
2628.000000 0 0.000000 0.000000 0.000000
2636.000000 0 0.000000 0.000000 0.000000
2644.000000 0 0.000000 0.000000 0.000000
2652.000000 0 0.000000 0.000000 0.000000
2660.000000 0 0.000000 0.000000 0.000000
2668.000000 0 0.000000 0.000000 0.000000
2676.000000 0 0.000000 0.000000 0.000000
2684.000000 0 0.000000 0.000000 0.000000
2692.000000 0 0.000000 0.000000 0.000000
2700.000000 0 0.000000 0.000000 0.000000
2708.000000 0 0.000000 0.000000 0.000000
2716.000000 0 0.000000 0.000000 0.000000
2724.000000 0 0.000000 0.000000 0.000000
2732.000000 0 0.000000 0.000000 0.000000
2740.000000 0 0.000000 0.000000 0.000000
2748.000000 0 0.000000 0.000000 0.000000
2756.000000 0 0.000000 0.000000 0.000000
2764.000000 0 0.000000 0.000000 0.000000
2772.000000 0 0.000000 0.000000 0.000000
2780.000000 0 0.000000 0.000000 0.000000
2788.000000 0 0.000000 0.000000 0.000000
2796.000000 0 0.000000 0.000000 0.000000
2804.000000 0 0.000000 0.000000 0.000000
2812.000000 0 0.000000 0.000000 0.000000
2820.000000 0 0.000000 0.000000 0.000000
2828.000000 0 0.000000 0.000000 0.000000
2836.000000 0 0.000000 0.000000 0.000000
2844.000000 0 0.000000 0.000000 0.000000
2852.000000 0 0.000000 0.000000 0.000000
2860.000000 0 0.000000 0.000000 0.000000
2868.000000 0 0.000000 0.000000 0.000000
2876.000000 0 0.000000 0.000000 0.000000
2884.000000 0 0.000000 0.000000 0.000000
2892.000000 0 0.000000 0.000000 0.000000
2900.000000 0 0.000000 0.000000 0.000000
2908.000000 0 0.000000 0.000000 0.000000
2916.000000 0 0.000000 0.000000 0.000000
2924.000000 0 0.000000 0.000000 0.000000
2932.000000 0 0.000000 0.000000 0.000000
2940.000000 0 0.000000 0.000000 0.000000
2948.000000 0 0.000000 0.000000 0.000000
2956.000000 0 0.000000 0.000000 0.000000
2964.000000 0 0.000000 0.000000 0.000000
2972.000000 0 0.000000 0.000000 0.000000
2980.000000 0 0.000000 0.000000 0.000000
2988.000000 0 0.000000 0.000000 0.000000
2996.000000 0 0.000000 0.000000 0.000000
3004.000000 0 0.000000 0.000000 0.000000
3012.000000 0 0.000000 0.000000 0.000000
3020.000000 0 0.000000 0.000000 0.000000
3028.000000 0 0.000000 0.000000 0.000000
3036.000000 0 0.000000 0.000000 0.000000
3044.000000 0 0.000000 0.000000 0.000000
3052.000000 0 0.000000 0.000000 0.000000
3060.000000 0 0.000000 0.000000 0.000000
3068.000000 0 0.000000 0.000000 0.000000
3076.000000 0 0.000000 0.000000 0.000000
3084.000000 0 0.000000 0.000000 0.000000
3092.000000 0 0.000000 0.000000 0.000000
3100.000000 0 0.000000 0.000000 0.000000
3108.000000 0 0.000000 0.000000 0.000000
3116.000000 0 0.000000 0.000000 0.000000
3124.000000 0 0.000000 0.000000 0.000000
3132.000000 0 0.000000 0.000000 0.000000
3140.000000 0 0.000000 0.000000 0.000000
3148.000000 0 0.000000 0.000000 0.000000
3156.000000 0 0.000000 0.000000 0.000000
3164.000000 0 0.000000 0.000000 0.000000
3172.000000 0 0.000000 0.000000 0.000000
3180.000000 0 0.000000 0.000000 0.000000
3188.000000 0 0.000000 0.000000 0.000000
3196.000000 0 0.000000 0.000000 0.000000
3204.000000 0 0.000000 0.000000 0.000000
3212.000000 0 0.000000 0.000000 0.000000
3220.000000 0 0.000000 0.000000 0.000000
3228.000000 0 0.000000 0.000000 0.000000
3236.000000 0 0.000000 0.000000 0.000000
3244.000000 0 0.000000 0.000000 0.000000
3252.000000 0 0.000000 0.000000 0.000000
3260.000000 0 0.000000 0.000000 0.000000
3268.000000 0 0.000000 0.000000 0.000000
3276.000000 0 0.000000 0.000000 0.000000
3284.000000 0 0.000000 0.000000 0.000000
3292.000000 0 0.000000 0.000000 0.000000
3300.000000 0 0.000000 0.000000 0.000000
3308.000000 0 0.000000 0.000000 0.000000
3316.000000 0 0.000000 0.000000 0.000000
3324.000000 0 0.000000 0.000000 0.000000
3332.000000 0 0.000000 0.000000 0.000000
3340.000000 0 0.000000 0.000000 0.000000
3348.000000 0 0.000000 0.000000 0.000000
3356.000000 0 0.000000 0.000000 0.000000
3364.000000 0 0.000000 0.000000 0.000000
3372.000000 0 0.000000 0.000000 0.000000
3380.000000 0 0.000000 0.000000 0.000000
3388.000000 0 0.000000 0.000000 0.000000
3396.000000 0 0.000000 0.000000 0.000000
3404.000000 0 0.000000 0.000000 0.000000
3412.000000 0 0.000000 0.000000 0.000000
3420.000000 0 0.000000 0.000000 0.000000
3428.000000 0 0.000000 0.000000 0.000000
3436.000000 0 0.000000 0.000000 0.000000
3444.000000 0 0.000000 0.000000 0.000000
3452.000000 0 0.000000 0.000000 0.000000
3460.000000 0 0.000000 0.000000 0.000000
3468.000000 0 0.000000 0.000000 0.000000
3476.000000 0 0.000000 0.000000 0.000000
3484.000000 0 0.000000 0.000000 0.000000
3492.000000 0 0.000000 0.000000 0.000000
3500.000000 0 0.000000 0.000000 0.000000
3508.000000 0 0.000000 0.000000 0.000000
3516.000000 0 0.000000 0.000000 0.000000
3524.000000 0 0.000000 0.000000 0.000000
3532.000000 0 0.000000 0.000000 0.000000
3540.000000 0 0.000000 0.000000 0.000000
3548.000000 0 0.000000 0.000000 0.000000
3556.000000 0 0.000000 0.000000 0.000000
3564.000000 0 0.000000 0.000000 0.000000
3572.000000 0 0.000000 0.000000 0.000000
3580.000000 0 0.000000 0.000000 0.000000
3588.000000 0 0.000000 0.000000 0.000000
3596.000000 0 0.000000 0.000000 0.000000
3604.000000 0 0.000000 0.000000 0.000000
3612.000000 0 0.000000 0.000000 0.000000
3620.000000 0 0.000000 0.000000 0.000000
3628.000000 0 0.000000 0.000000 0.000000
3636.000000 0 0.000000 0.000000 0.000000
3644.000000 0 0.000000 0.000000 0.000000
3652.000000 0 0.000000 0.000000 0.000000
3660.000000 0 0.000000 0.000000 0.000000
3668.000000 0 0.000000 0.000000 0.000000
3676.000000 0 0.000000 0.000000 0.000000
3684.000000 0 0.000000 0.000000 0.000000
3692.000000 0 0.000000 0.000000 0.000000
3700.000000 0 0.000000 0.000000 0.000000
3708.000000 0 0.000000 0.000000 0.000000
3716.000000 0 0.000000 0.000000 0.000000
3724.000000 0 0.000000 0.000000 0.000000
3732.000000 0 0.000000 0.000000 0.000000
3740.000000 0 0.000000 0.000000 0.000000
3748.000000 0 0.000000 0.000000 0.000000
3756.000000 0 0.000000 0.000000 0.000000
3764.000000 0 0.000000 0.000000 0.000000
3772.000000 0 0.000000 0.000000 0.000000
3780.000000 0 0.000000 0.000000 0.000000
3788.000000 0 0.000000 0.000000 0.000000
3796.000000 0 0.000000 0.000000 0.000000
3804.000000 0 0.000000 0.000000 0.000000
3812.000000 0 0.000000 0.000000 0.000000
3820.000000 0 0.000000 0.000000 0.000000
3828.000000 0 0.000000 0.000000 0.000000
3836.000000 0 0.000000 0.000000 0.000000
3844.000000 0 0.000000 0.000000 0.000000
3852.000000 0 0.000000 0.000000 0.000000
3860.000000 0 0.000000 0.000000 0.000000
3868.000000 0 0.000000 0.000000 0.000000
3876.000000 0 0.000000 0.000000 0.000000
3884.000000 0 0.000000 0.000000 0.000000
3892.000000 0 0.000000 0.000000 0.000000
3900.000000 0 0.000000 0.000000 0.000000
3908.000000 0 0.000000 0.000000 0.000000
3916.000000 0 0.000000 0.000000 0.000000
3924.000000 0 0.000000 0.000000 0.000000
3932.000000 0 0.000000 0.000000 0.000000
3940.000000 0 0.000000 0.000000 0.000000
3948.000000 0 0.000000 0.000000 0.000000
3956.000000 0 0.000000 0.000000 0.000000
3964.000000 0 0.000000 0.000000 0.000000
3972.000000 0 0.000000 0.000000 0.000000
3980.000000 0 0.000000 0.000000 0.000000
3988.000000 0 0.000000 0.000000 0.000000
3996.000000 0 0.000000 0.000000 0.000000
4004.000000 0 0.000000 0.000000 0.000000
4012.000000 0 0.000000 0.000000 0.000000
4020.000000 0 0.000000 0.000000 0.000000
4028.000000 0 0.000000 0.000000 0.000000
4036.000000 0 0.000000 0.000000 0.000000
4044.000000 0 0.000000 0.000000 0.000000
4052.000000 0 0.000000 0.000000 0.000000
4060.000000 0 0.000000 0.000000 0.000000
4068.000000 0 0.000000 0.000000 0.000000
4076.000000 0 0.000000 0.000000 0.000000
4084.000000 0 0.000000 0.000000 0.000000
4092.000000 0 0.000000 0.000000 0.000000
