#
# Sample name: Sample title.                                                   
# Sample id:   
# Sample type: 
# User name:   
# Sample description: 
#
# Start time:    2024-05-24, 17:16:57
# Real time (s): 1263.400
# Live time (s): 1200.000
#
# Total counts:  206129
#
# Left marker:  511 (433.371 keV)
# Right marker: 513 (435.065 keV)
# Counts:  106
#
# Energy calibration coefficients ( E = sum(Ai * n**i) )
#     A0: 0.669355
#     A1: 0.846774
#     A2: 0.000000
#     A3: 0.000000
# Energy unit: keV
#
# Channel data
# n	energy(keV)	counts	rate(1/s)
#-----------------------------------------------------------------------
1	1.516	0	0
2	2.363	0	0
3	3.210	1	0.000833333
4	4.056	7	0.00583333
5	4.903	15	0.0125
6	5.750	33	0.0275
7	6.597	45	0.0375
8	7.444	40	0.0333333
9	8.290	44	0.0366667
10	9.137	175	0.145833
11	9.984	354	0.295
12	10.831	449	0.374167
13	11.677	630	0.525
14	12.524	626	0.521667
15	13.371	624	0.52
16	14.218	653	0.544167
17	15.065	634	0.528333
18	15.911	627	0.5225
19	16.758	616	0.513333
20	17.605	605	0.504167
21	18.452	631	0.525833
22	19.298	624	0.52
23	20.145	621	0.5175
24	20.992	646	0.538333
25	21.839	665	0.554167
26	22.685	707	0.589167
27	23.532	663	0.5525
28	24.379	643	0.535833
29	25.226	716	0.596667
30	26.073	640	0.533333
31	26.919	655	0.545833
32	27.766	721	0.600833
33	28.613	654	0.545
34	29.460	651	0.5425
35	30.306	627	0.5225
36	31.153	658	0.548333
37	32.000	688	0.573333
38	32.847	684	0.57
39	33.694	717	0.5975
40	34.540	671	0.559167
41	35.387	700	0.583333
42	36.234	708	0.59
43	37.081	682	0.568333
44	37.927	678	0.565
45	38.774	713	0.594167
46	39.621	682	0.568333
47	40.468	685	0.570833
48	41.315	697	0.580833
49	42.161	761	0.634167
50	43.008	708	0.59
51	43.855	715	0.595833
52	44.702	741	0.6175
53	45.548	746	0.621667
54	46.395	760	0.633333
55	47.242	757	0.630833
56	48.089	729	0.6075
57	48.935	738	0.615
58	49.782	695	0.579167
59	50.629	745	0.620833
60	51.476	738	0.615
61	52.323	761	0.634167
62	53.169	739	0.615833
63	54.016	747	0.6225
64	54.863	735	0.6125
65	55.710	696	0.58
66	56.556	745	0.620833
67	57.403	718	0.598333
68	58.250	703	0.585833
69	59.097	744	0.62
70	59.944	744	0.62
71	60.790	661	0.550833
72	61.637	744	0.62
73	62.484	729	0.6075
74	63.331	726	0.605
75	64.177	703	0.585833
76	65.024	681	0.5675
77	65.871	747	0.6225
78	66.718	752	0.626667
79	67.565	763	0.635833
80	68.411	746	0.621667
81	69.258	728	0.606667
82	70.105	722	0.601667
83	70.952	707	0.589167
84	71.798	746	0.621667
85	72.645	799	0.665833
86	73.492	760	0.633333
87	74.339	805	0.670833
88	75.185	836	0.696667
89	76.032	720	0.6
90	76.879	821	0.684167
91	77.726	806	0.671667
92	78.573	717	0.5975
93	79.419	758	0.631667
94	80.266	767	0.639167
95	81.113	745	0.620833
96	81.960	766	0.638333
97	82.806	819	0.6825
98	83.653	768	0.64
99	84.500	771	0.6425
100	85.347	748	0.623333
101	86.194	801	0.6675
102	87.040	754	0.628333
103	87.887	776	0.646667
104	88.734	782	0.651667
105	89.581	792	0.66
106	90.427	772	0.643333
107	91.274	788	0.656667
108	92.121	772	0.643333
109	92.968	803	0.669167
110	93.815	785	0.654167
111	94.661	790	0.658333
112	95.508	744	0.62
113	96.355	769	0.640833
114	97.202	754	0.628333
115	98.048	835	0.695833
116	98.895	771	0.6425
117	99.742	736	0.613333
118	100.589	800	0.666667
119	101.435	791	0.659167
120	102.282	816	0.68
121	103.129	808	0.673333
122	103.976	779	0.649167
123	104.823	737	0.614167
124	105.669	766	0.638333
125	106.516	834	0.695
126	107.363	812	0.676667
127	108.210	782	0.651667
128	109.056	733	0.610833
129	109.903	786	0.655
130	110.750	800	0.666667
131	111.597	773	0.644167
132	112.444	763	0.635833
133	113.290	738	0.615
134	114.137	781	0.650833
135	114.984	806	0.671667
136	115.831	720	0.6
137	116.677	801	0.6675
138	117.524	763	0.635833
139	118.371	736	0.613333
140	119.218	763	0.635833
141	120.065	774	0.645
142	120.911	695	0.579167
143	121.758	727	0.605833
144	122.605	739	0.615833
145	123.452	721	0.600833
146	124.298	772	0.643333
147	125.145	702	0.585
148	125.992	674	0.561667
149	126.839	738	0.615
150	127.685	715	0.595833
151	128.532	700	0.583333
152	129.379	754	0.628333
153	130.226	680	0.566667
154	131.073	657	0.5475
155	131.919	707	0.589167
156	132.766	671	0.559167
157	133.613	648	0.54
158	134.460	661	0.550833
159	135.306	637	0.530833
160	136.153	593	0.494167
161	137.000	649	0.540833
162	137.847	622	0.518333
163	138.694	641	0.534167
164	139.540	624	0.52
165	140.387	603	0.5025
166	141.234	659	0.549167
167	142.081	638	0.531667
168	142.927	629	0.524167
169	143.774	601	0.500833
170	144.621	584	0.486667
171	145.468	616	0.513333
172	146.315	599	0.499167
173	147.161	593	0.494167
174	148.008	603	0.5025
175	148.855	604	0.503333
176	149.702	557	0.464167
177	150.548	533	0.444167
178	151.395	557	0.464167
179	152.242	591	0.4925
180	153.089	619	0.515833
181	153.935	614	0.511667
182	154.782	527	0.439167
183	155.629	575	0.479167
184	156.476	556	0.463333
185	157.323	596	0.496667
186	158.169	573	0.4775
187	159.016	550	0.458333
188	159.863	619	0.515833
189	160.710	598	0.498333
190	161.556	590	0.491667
191	162.403	571	0.475833
192	163.250	615	0.5125
193	164.097	634	0.528333
194	164.944	631	0.525833
195	165.790	592	0.493333
196	166.637	626	0.521667
197	167.484	629	0.524167
198	168.331	647	0.539167
199	169.177	569	0.474167
200	170.024	646	0.538333
201	170.871	646	0.538333
202	171.718	678	0.565
203	172.565	624	0.52
204	173.411	691	0.575833
205	174.258	688	0.573333
206	175.105	641	0.534167
207	175.952	676	0.563333
208	176.798	689	0.574167
209	177.645	668	0.556667
210	178.492	683	0.569167
211	179.339	678	0.565
212	180.185	677	0.564167
213	181.032	700	0.583333
214	181.879	678	0.565
215	182.726	680	0.566667
216	183.573	653	0.544167
217	184.419	689	0.574167
218	185.266	644	0.536667
219	186.113	667	0.555833
220	186.960	619	0.515833
221	187.806	638	0.531667
222	188.653	681	0.5675
223	189.500	665	0.554167
224	190.347	635	0.529167
225	191.194	669	0.5575
226	192.040	634	0.528333
227	192.887	587	0.489167
228	193.734	631	0.525833
229	194.581	589	0.490833
230	195.427	582	0.485
231	196.274	574	0.478333
232	197.121	578	0.481667
233	197.968	556	0.463333
234	198.815	560	0.466667
235	199.661	552	0.46
236	200.508	530	0.441667
237	201.355	535	0.445833
238	202.202	534	0.445
239	203.048	492	0.41
240	203.895	521	0.434167
241	204.742	529	0.440833
242	205.589	478	0.398333
243	206.435	464	0.386667
244	207.282	457	0.380833
245	208.129	466	0.388333
246	208.976	467	0.389167
247	209.823	455	0.379167
248	210.669	423	0.3525
249	211.516	424	0.353333
250	212.363	441	0.3675
251	213.210	392	0.326667
252	214.056	409	0.340833
253	214.903	386	0.321667
254	215.750	376	0.313333
255	216.597	412	0.343333
256	217.444	414	0.345
257	218.290	419	0.349167
258	219.137	372	0.31
259	219.984	377	0.314167
260	220.831	367	0.305833
261	221.677	370	0.308333
262	222.524	344	0.286667
263	223.371	339	0.2825
264	224.218	336	0.28
265	225.065	312	0.26
266	225.911	340	0.283333
267	226.758	345	0.2875
268	227.605	306	0.255
269	228.452	330	0.275
270	229.298	351	0.2925
271	230.145	321	0.2675
272	230.992	320	0.266667
273	231.839	318	0.265
274	232.685	268	0.223333
275	233.532	283	0.235833
276	234.379	290	0.241667
277	235.226	307	0.255833
278	236.073	295	0.245833
279	236.919	305	0.254167
280	237.766	271	0.225833
281	238.613	263	0.219167
282	239.460	219	0.1825
283	240.306	249	0.2075
284	241.153	256	0.213333
285	242.000	250	0.208333
286	242.847	253	0.210833
287	243.694	263	0.219167
288	244.540	238	0.198333
289	245.387	226	0.188333
290	246.234	252	0.21
291	247.081	273	0.2275
292	247.927	241	0.200833
293	248.774	229	0.190833
294	249.621	241	0.200833
295	250.468	230	0.191667
296	251.315	238	0.198333
297	252.161	210	0.175
298	253.008	209	0.174167
299	253.855	221	0.184167
300	254.702	193	0.160833
301	255.548	256	0.213333
302	256.395	218	0.181667
303	257.242	214	0.178333
304	258.089	213	0.1775
305	258.935	226	0.188333
306	259.782	215	0.179167
307	260.629	188	0.156667
308	261.476	222	0.185
309	262.323	206	0.171667
310	263.169	212	0.176667
311	264.016	199	0.165833
312	264.863	191	0.159167
313	265.710	204	0.17
314	266.556	190	0.158333
315	267.403	209	0.174167
316	268.250	184	0.153333
317	269.097	189	0.1575
318	269.944	189	0.1575
319	270.790	177	0.1475
320	271.637	183	0.1525
321	272.484	149	0.124167
322	273.331	187	0.155833
323	274.177	167	0.139167
324	275.024	201	0.1675
325	275.871	201	0.1675
326	276.718	186	0.155
327	277.565	168	0.14
328	278.411	164	0.136667
329	279.258	194	0.161667
330	280.105	170	0.141667
331	280.952	176	0.146667
332	281.798	156	0.13
333	282.645	151	0.125833
334	283.492	147	0.1225
335	284.339	164	0.136667
336	285.185	171	0.1425
337	286.032	156	0.13
338	286.879	155	0.129167
339	287.726	166	0.138333
340	288.573	157	0.130833
341	289.419	143	0.119167
342	290.266	171	0.1425
343	291.113	140	0.116667
344	291.960	137	0.114167
345	292.806	155	0.129167
346	293.653	145	0.120833
347	294.500	149	0.124167
348	295.347	153	0.1275
349	296.194	148	0.123333
350	297.040	149	0.124167
351	297.887	142	0.118333
352	298.734	153	0.1275
353	299.581	139	0.115833
354	300.427	150	0.125
355	301.274	128	0.106667
356	302.121	131	0.109167
357	302.968	137	0.114167
358	303.815	145	0.120833
359	304.661	152	0.126667
360	305.508	138	0.115
361	306.355	136	0.113333
362	307.202	150	0.125
363	308.048	139	0.115833
364	308.895	132	0.11
365	309.742	122	0.101667
366	310.589	126	0.105
367	311.435	128	0.106667
368	312.282	138	0.115
369	313.129	127	0.105833
370	313.976	127	0.105833
371	314.823	122	0.101667
372	315.669	144	0.12
373	316.516	110	0.0916667
374	317.363	116	0.0966667
375	318.210	120	0.1
376	319.056	121	0.100833
377	319.903	124	0.103333
378	320.750	115	0.0958333
379	321.597	116	0.0966667
380	322.444	115	0.0958333
381	323.290	112	0.0933333
382	324.137	118	0.0983333
383	324.984	105	0.0875
384	325.831	134	0.111667
385	326.677	124	0.103333
386	327.524	123	0.1025
387	328.371	100	0.0833333
388	329.218	106	0.0883333
389	330.065	103	0.0858333
390	330.911	84	0.07
391	331.758	126	0.105
392	332.605	121	0.100833
393	333.452	77	0.0641667
394	334.298	108	0.09
395	335.145	131	0.109167
396	335.992	103	0.0858333
397	336.839	86	0.0716667
398	337.685	98	0.0816667
399	338.532	94	0.0783333
400	339.379	86	0.0716667
401	340.226	91	0.0758333
402	341.073	102	0.085
403	341.919	100	0.0833333
404	342.766	102	0.085
405	343.613	85	0.0708333
406	344.460	92	0.0766667
407	345.306	104	0.0866667
408	346.153	86	0.0716667
409	347.000	98	0.0816667
410	347.847	91	0.0758333
411	348.694	91	0.0758333
412	349.540	79	0.0658333
413	350.387	103	0.0858333
414	351.234	100	0.0833333
415	352.081	96	0.08
416	352.927	75	0.0625
417	353.774	88	0.0733333
418	354.621	89	0.0741667
419	355.468	80	0.0666667
420	356.315	95	0.0791667
421	357.161	91	0.0758333
422	358.008	95	0.0791667
423	358.855	88	0.0733333
424	359.702	90	0.075
425	360.548	82	0.0683333
426	361.395	88	0.0733333
427	362.242	91	0.0758333
428	363.089	90	0.075
429	363.935	82	0.0683333
430	364.782	80	0.0666667
431	365.629	78	0.065
432	366.476	83	0.0691667
433	367.323	90	0.075
434	368.169	84	0.07
435	369.016	85	0.0708333
436	369.863	90	0.075
437	370.710	85	0.0708333
438	371.556	84	0.07
439	372.403	61	0.0508333
440	373.250	77	0.0641667
441	374.097	79	0.0658333
442	374.944	83	0.0691667
443	375.790	81	0.0675
444	376.637	81	0.0675
445	377.484	82	0.0683333
446	378.331	96	0.08
447	379.177	91	0.0758333
448	380.024	83	0.0691667
449	380.871	86	0.0716667
450	381.718	80	0.0666667
451	382.565	87	0.0725
452	383.411	81	0.0675
453	384.258	69	0.0575
454	385.105	75	0.0625
455	385.952	81	0.0675
456	386.798	87	0.0725
457	387.645	95	0.0791667
458	388.492	71	0.0591667
459	389.339	81	0.0675
460	390.185	74	0.0616667
461	391.032	94	0.0783333
462	391.879	66	0.055
463	392.726	78	0.065
464	393.573	79	0.0658333
465	394.419	71	0.0591667
466	395.266	86	0.0716667
467	396.113	74	0.0616667
468	396.960	75	0.0625
469	397.806	87	0.0725
470	398.653	80	0.0666667
471	399.500	72	0.06
472	400.347	64	0.0533333
473	401.194	62	0.0516667
474	402.040	54	0.045
475	402.887	72	0.06
476	403.734	89	0.0741667
477	404.581	67	0.0558333
478	405.427	80	0.0666667
479	406.274	70	0.0583333
480	407.121	72	0.06
481	407.968	74	0.0616667
482	408.815	74	0.0616667
483	409.661	73	0.0608333
484	410.508	84	0.07
485	411.355	70	0.0583333
486	412.202	72	0.06
487	413.048	62	0.0516667
488	413.895	61	0.0508333
489	414.742	61	0.0508333
490	415.589	59	0.0491667
491	416.435	73	0.0608333
492	417.282	63	0.0525
493	418.129	64	0.0533333
494	418.976	57	0.0475
495	419.823	51	0.0425
496	420.669	57	0.0475
497	421.516	57	0.0475
498	422.363	69	0.0575
499	423.210	77	0.0641667
500	424.056	59	0.0491667
501	424.903	67	0.0558333
502	425.750	59	0.0491667
503	426.597	54	0.045
504	427.444	63	0.0525
505	428.290	70	0.0583333
506	429.137	47	0.0391667
507	429.984	58	0.0483333
508	430.831	64	0.0533333
509	431.677	50	0.0416667
510	432.524	63	0.0525
511	433.371	58	0.0483333
512	434.218	56	0.0466667
513	435.065	50	0.0416667
514	435.911	65	0.0541667
515	436.758	55	0.0458333
516	437.605	63	0.0525
517	438.452	45	0.0375
518	439.298	64	0.0533333
519	440.145	43	0.0358333
520	440.992	60	0.05
521	441.839	35	0.0291667
522	442.685	46	0.0383333
523	443.532	52	0.0433333
524	444.379	45	0.0375
525	445.226	45	0.0375
526	446.073	58	0.0483333
527	446.919	41	0.0341667
528	447.766	47	0.0391667
529	448.613	45	0.0375
530	449.460	49	0.0408333
531	450.306	45	0.0375
532	451.153	47	0.0391667
533	452.000	42	0.035
534	452.847	48	0.04
535	453.694	44	0.0366667
536	454.540	40	0.0333333
537	455.387	42	0.035
538	456.234	46	0.0383333
539	457.081	46	0.0383333
540	457.927	42	0.035
541	458.774	46	0.0383333
542	459.621	31	0.0258333
543	460.468	53	0.0441667
544	461.315	36	0.03
545	462.161	35	0.0291667
546	463.008	43	0.0358333
547	463.855	45	0.0375
548	464.702	28	0.0233333
549	465.548	45	0.0375
550	466.395	43	0.0358333
551	467.242	34	0.0283333
552	468.089	30	0.025
553	468.935	37	0.0308333
554	469.782	27	0.0225
555	470.629	35	0.0291667
556	471.476	37	0.0308333
557	472.323	41	0.0341667
558	473.169	26	0.0216667
559	474.016	26	0.0216667
560	474.863	44	0.0366667
561	475.710	30	0.025
562	476.556	23	0.0191667
563	477.403	29	0.0241667
564	478.250	27	0.0225
565	479.097	28	0.0233333
566	479.944	36	0.03
567	480.790	22	0.0183333
568	481.637	30	0.025
569	482.484	26	0.0216667
570	483.331	27	0.0225
571	484.177	33	0.0275
572	485.024	20	0.0166667
573	485.871	34	0.0283333
574	486.718	32	0.0266667
575	487.565	19	0.0158333
576	488.411	21	0.0175
577	489.258	21	0.0175
578	490.105	29	0.0241667
579	490.952	29	0.0241667
580	491.798	35	0.0291667
581	492.645	24	0.02
582	493.492	26	0.0216667
583	494.339	28	0.0233333
584	495.185	29	0.0241667
585	496.032	24	0.02
586	496.879	32	0.0266667
587	497.726	26	0.0216667
588	498.573	11	0.00916667
589	499.419	30	0.025
590	500.266	18	0.015
591	501.113	20	0.0166667
592	501.960	20	0.0166667
593	502.806	23	0.0191667
594	503.653	25	0.0208333
595	504.500	29	0.0241667
596	505.347	20	0.0166667
597	506.194	29	0.0241667
598	507.040	22	0.0183333
599	507.887	22	0.0183333
600	508.734	22	0.0183333
601	509.581	26	0.0216667
602	510.427	19	0.0158333
603	511.274	20	0.0166667
604	512.121	24	0.02
605	512.968	20	0.0166667
606	513.815	20	0.0166667
607	514.661	17	0.0141667
608	515.508	20	0.0166667
609	516.355	19	0.0158333
610	517.202	14	0.0116667
611	518.048	19	0.0158333
612	518.895	19	0.0158333
613	519.742	9	0.0075
614	520.589	8	0.00666667
615	521.436	11	0.00916667
616	522.282	18	0.015
617	523.129	16	0.0133333
618	523.976	13	0.0108333
619	524.823	17	0.0141667
620	525.669	18	0.015
621	526.516	23	0.0191667
622	527.363	15	0.0125
623	528.210	16	0.0133333
624	529.056	13	0.0108333
625	529.903	20	0.0166667
626	530.750	15	0.0125
627	531.597	11	0.00916667
628	532.444	21	0.0175
629	533.290	20	0.0166667
630	534.137	22	0.0183333
631	534.984	14	0.0116667
632	535.831	19	0.0158333
633	536.677	17	0.0141667
634	537.524	20	0.0166667
635	538.371	17	0.0141667
636	539.218	16	0.0133333
637	540.065	11	0.00916667
638	540.911	16	0.0133333
639	541.758	15	0.0125
640	542.605	16	0.0133333
641	543.452	16	0.0133333
642	544.298	9	0.0075
643	545.145	14	0.0116667
644	545.992	15	0.0125
645	546.839	15	0.0125
646	547.686	10	0.00833333
647	548.532	12	0.01
648	549.379	17	0.0141667
649	550.226	14	0.0116667
650	551.073	8	0.00666667
651	551.919	14	0.0116667
652	552.766	9	0.0075
653	553.613	8	0.00666667
654	554.460	13	0.0108333
655	555.306	13	0.0108333
656	556.153	9	0.0075
657	557.000	11	0.00916667
658	557.847	7	0.00583333
659	558.694	15	0.0125
660	559.540	18	0.015
661	560.387	10	0.00833333
662	561.234	9	0.0075
663	562.081	10	0.00833333
664	562.927	10	0.00833333
665	563.774	10	0.00833333
666	564.621	9	0.0075
667	565.468	6	0.005
668	566.315	5	0.00416667
669	567.161	10	0.00833333
670	568.008	6	0.005
671	568.855	4	0.00333333
672	569.702	12	0.01
673	570.548	11	0.00916667
674	571.395	8	0.00666667
675	572.242	8	0.00666667
676	573.089	9	0.0075
677	573.936	3	0.0025
678	574.782	14	0.0116667
679	575.629	5	0.00416667
680	576.476	8	0.00666667
681	577.323	4	0.00333333
682	578.169	4	0.00333333
683	579.016	4	0.00333333
684	579.863	12	0.01
685	580.710	4	0.00333333
686	581.556	6	0.005
687	582.403	14	0.0116667
688	583.250	5	0.00416667
689	584.097	5	0.00416667
690	584.944	8	0.00666667
691	585.790	10	0.00833333
692	586.637	10	0.00833333
693	587.484	9	0.0075
694	588.331	6	0.005
695	589.177	2	0.00166667
696	590.024	6	0.005
697	590.871	5	0.00416667
698	591.718	10	0.00833333
699	592.565	6	0.005
700	593.411	4	0.00333333
701	594.258	4	0.00333333
702	595.105	5	0.00416667
703	595.952	6	0.005
704	596.798	7	0.00583333
705	597.645	5	0.00416667
706	598.492	5	0.00416667
707	599.339	7	0.00583333
708	600.186	2	0.00166667
709	601.032	8	0.00666667
710	601.879	5	0.00416667
711	602.726	4	0.00333333
712	603.573	3	0.0025
713	604.419	4	0.00333333
714	605.266	4	0.00333333
715	606.113	5	0.00416667
716	606.960	5	0.00416667
717	607.806	6	0.005
718	608.653	6	0.005
719	609.500	5	0.00416667
720	610.347	2	0.00166667
721	611.194	7	0.00583333
722	612.040	3	0.0025
723	612.887	4	0.00333333
724	613.734	1	0.000833333
725	614.581	3	0.0025
726	615.427	6	0.005
727	616.274	3	0.0025
728	617.121	9	0.0075
729	617.968	4	0.00333333
730	618.815	9	0.0075
731	619.661	4	0.00333333
732	620.508	3	0.0025
733	621.355	4	0.00333333
734	622.202	3	0.0025
735	623.048	5	0.00416667
736	623.895	5	0.00416667
737	624.742	4	0.00333333
738	625.589	3	0.0025
739	626.436	4	0.00333333
740	627.282	6	0.005
741	628.129	4	0.00333333
742	628.976	5	0.00416667
743	629.823	3	0.0025
744	630.669	6	0.005
745	631.516	2	0.00166667
746	632.363	5	0.00416667
747	633.210	3	0.0025
748	634.056	4	0.00333333
749	634.903	3	0.0025
750	635.750	1	0.000833333
751	636.597	4	0.00333333
752	637.444	3	0.0025
753	638.290	0	0
754	639.137	1	0.000833333
755	639.984	2	0.00166667
756	640.831	1	0.000833333
757	641.677	1	0.000833333
758	642.524	2	0.00166667
759	643.371	1	0.000833333
760	644.218	3	0.0025
761	645.065	4	0.00333333
762	645.911	0	0
763	646.758	4	0.00333333
764	647.605	1	0.000833333
765	648.452	3	0.0025
766	649.298	0	0
767	650.145	3	0.0025
768	650.992	1	0.000833333
769	651.839	1	0.000833333
770	652.686	1	0.000833333
771	653.532	3	0.0025
772	654.379	1	0.000833333
773	655.226	2	0.00166667
774	656.073	3	0.0025
775	656.919	1	0.000833333
776	657.766	5	0.00416667
777	658.613	1	0.000833333
778	659.460	2	0.00166667
779	660.306	0	0
780	661.153	2	0.00166667
781	662.000	1	0.000833333
782	662.847	2	0.00166667
783	663.694	0	0
784	664.540	4	0.00333333
785	665.387	3	0.0025
786	666.234	1	0.000833333
787	667.081	4	0.00333333
788	667.927	3	0.0025
789	668.774	1	0.000833333
790	669.621	3	0.0025
791	670.468	2	0.00166667
792	671.315	3	0.0025
793	672.161	2	0.00166667
794	673.008	2	0.00166667
795	673.855	0	0
796	674.702	2	0.00166667
797	675.548	3	0.0025
798	676.395	1	0.000833333
799	677.242	0	0
800	678.089	2	0.00166667
801	678.936	0	0
802	679.782	0	0
803	680.629	1	0.000833333
804	681.476	0	0
805	682.323	2	0.00166667
806	683.169	0	0
807	684.016	3	0.0025
808	684.863	1	0.000833333
809	685.710	1	0.000833333
810	686.556	0	0
811	687.403	1	0.000833333
812	688.250	2	0.00166667
813	689.097	2	0.00166667
814	689.944	2	0.00166667
815	690.790	0	0
816	691.637	1	0.000833333
817	692.484	1	0.000833333
818	693.331	0	0
819	694.177	3	0.0025
820	695.024	0	0
821	695.871	2	0.00166667
822	696.718	0	0
823	697.565	2	0.00166667
824	698.411	0	0
825	699.258	0	0
826	700.105	1	0.000833333
827	700.952	2	0.00166667
828	701.798	0	0
829	702.645	2	0.00166667
830	703.492	1	0.000833333
831	704.339	1	0.000833333
832	705.186	0	0
833	706.032	0	0
834	706.879	0	0
835	707.726	0	0
836	708.573	0	0
837	709.419	1	0.000833333
838	710.266	0	0
839	711.113	3	0.0025
840	711.960	0	0
841	712.806	0	0
842	713.653	0	0
843	714.500	1	0.000833333
844	715.347	1	0.000833333
845	716.194	1	0.000833333
846	717.040	1	0.000833333
847	717.887	1	0.000833333
848	718.734	1	0.000833333
849	719.581	1	0.000833333
850	720.427	0	0
851	721.274	0	0
852	722.121	2	0.00166667
853	722.968	1	0.000833333
854	723.815	0	0
855	724.661	4	0.00333333
856	725.508	0	0
857	726.355	2	0.00166667
858	727.202	1	0.000833333
859	728.048	0	0
860	728.895	0	0
861	729.742	1	0.000833333
862	730.589	0	0
863	731.436	1	0.000833333
864	732.282	0	0
865	733.129	1	0.000833333
866	733.976	0	0
867	734.823	1	0.000833333
868	735.669	0	0
869	736.516	0	0
870	737.363	0	0
871	738.210	0	0
872	739.056	0	0
873	739.903	1	0.000833333
874	740.750	0	0
875	741.597	1	0.000833333
876	742.444	0	0
877	743.290	0	0
878	744.137	1	0.000833333
879	744.984	0	0
880	745.831	0	0
881	746.677	0	0
882	747.524	0	0
883	748.371	0	0
884	749.218	1	0.000833333
885	750.065	1	0.000833333
886	750.911	0	0
887	751.758	0	0
888	752.605	1	0.000833333
889	753.452	0	0
890	754.298	1	0.000833333
891	755.145	0	0
892	755.992	0	0
893	756.839	0	0
894	757.686	1	0.000833333
895	758.532	0	0
896	759.379	0	0
897	760.226	0	0
898	761.073	0	0
899	761.919	0	0
900	762.766	0	0
901	763.613	0	0
902	764.460	0	0
903	765.306	0	0
904	766.153	0	0
905	767.000	1	0.000833333
906	767.847	0	0
907	768.694	0	0
908	769.540	1	0.000833333
909	770.387	0	0
910	771.234	0	0
911	772.081	0	0
912	772.927	0	0
913	773.774	0	0
914	774.621	0	0
915	775.468	0	0
916	776.315	1	0.000833333
917	777.161	0	0
918	778.008	0	0
919	778.855	0	0
920	779.702	0	0
921	780.548	1	0.000833333
922	781.395	0	0
923	782.242	0	0
924	783.089	0	0
925	783.936	0	0
926	784.782	1	0.000833333
927	785.629	0	0
928	786.476	0	0
929	787.323	0	0
930	788.169	1	0.000833333
931	789.016	0	0
932	789.863	0	0
933	790.710	0	0
934	791.556	0	0
935	792.403	1	0.000833333
936	793.250	0	0
937	794.097	0	0
938	794.944	0	0
939	795.790	0	0
940	796.637	0	0
941	797.484	0	0
942	798.331	0	0
943	799.177	0	0
944	800.024	0	0
945	800.871	2	0.00166667
946	801.718	0	0
947	802.565	0	0
948	803.411	0	0
949	804.258	1	0.000833333
950	805.105	0	0
951	805.952	0	0
952	806.798	0	0
953	807.645	0	0
954	808.492	0	0
955	809.339	0	0
956	810.186	0	0
957	811.032	0	0
958	811.879	0	0
959	812.726	0	0
960	813.573	0	0
961	814.419	0	0
962	815.266	0	0
963	816.113	0	0
964	816.960	0	0
965	817.806	0	0
966	818.653	0	0
967	819.500	0	0
968	820.347	0	0
969	821.194	0	0
970	822.040	0	0
971	822.887	0	0
972	823.734	0	0
973	824.581	0	0
974	825.427	0	0
975	826.274	0	0
976	827.121	0	0
977	827.968	0	0
978	828.815	0	0
979	829.661	0	0
980	830.508	0	0
981	831.355	0	0
982	832.202	0	0
983	833.048	0	0
984	833.895	0	0
985	834.742	0	0
986	835.589	0	0
987	836.436	0	0
988	837.282	0	0
989	838.129	1	0.000833333
990	838.976	0	0
991	839.823	0	0
992	840.669	0	0
993	841.516	0	0
994	842.363	0	0
995	843.210	0	0
996	844.056	1	0.000833333
997	844.903	0	0
998	845.750	0	0
999	846.597	0	0
1000	847.444	0	0
1001	848.290	0	0
1002	849.137	0	0
1003	849.984	0	0
1004	850.831	0	0
1005	851.677	0	0
1006	852.524	0	0
1007	853.371	0	0
1008	854.218	0	0
1009	855.065	0	0
1010	855.911	0	0
1011	856.758	0	0
1012	857.605	0	0
1013	858.452	0	0
1014	859.298	0	0
1015	860.145	0	0
1016	860.992	0	0
1017	861.839	0	0
1018	862.686	1	0.000833333
1019	863.532	0	0
1020	864.379	0	0
1021	865.226	0	0
1022	866.073	0	0
1023	866.919	0	0
1024	867.766	0	0
