#
# Sample name: Sample title.                                                   
# Sample id:   
# Sample type: 
# User name:   
# Sample description: 
#
# Start time:    2024-05-24, 17:39:33
# Real time (s): 1213.990
# Live time (s): 1200.000
#
# Total counts:  121046
#
# Left marker:  511 (433.371 keV)
# Right marker: 513 (435.065 keV)
# Counts:  67
#
# Energy calibration coefficients ( E = sum(Ai * n**i) )
#     A0: 0.669355
#     A1: 0.846774
#     A2: 0.000000
#     A3: 0.000000
# Energy unit: keV
#
# Channel data
# n	energy(keV)	counts	rate(1/s)
#-----------------------------------------------------------------------
1	1.516	0	0
2	2.363	0	0
3	3.210	0	0
4	4.056	0	0
5	4.903	0	0
6	5.750	0	0
7	6.597	1	0.000833333
8	7.444	2	0.00166667
9	8.290	4	0.00333333
10	9.137	50	0.0416667
11	9.984	107	0.0891667
12	10.831	144	0.12
13	11.677	194	0.161667
14	12.524	229	0.190833
15	13.371	230	0.191667
16	14.218	254	0.211667
17	15.065	259	0.215833
18	15.911	244	0.203333
19	16.758	296	0.246667
20	17.605	277	0.230833
21	18.452	263	0.219167
22	19.298	287	0.239167
23	20.145	303	0.2525
24	20.992	305	0.254167
25	21.839	327	0.2725
26	22.685	289	0.240833
27	23.532	284	0.236667
28	24.379	300	0.25
29	25.226	339	0.2825
30	26.073	313	0.260833
31	26.919	314	0.261667
32	27.766	320	0.266667
33	28.613	303	0.2525
34	29.460	301	0.250833
35	30.306	301	0.250833
36	31.153	319	0.265833
37	32.000	316	0.263333
38	32.847	336	0.28
39	33.694	325	0.270833
40	34.540	337	0.280833
41	35.387	286	0.238333
42	36.234	308	0.256667
43	37.081	328	0.273333
44	37.927	301	0.250833
45	38.774	315	0.2625
46	39.621	299	0.249167
47	40.468	292	0.243333
48	41.315	288	0.24
49	42.161	287	0.239167
50	43.008	278	0.231667
51	43.855	311	0.259167
52	44.702	280	0.233333
53	45.548	293	0.244167
54	46.395	278	0.231667
55	47.242	319	0.265833
56	48.089	289	0.240833
57	48.935	288	0.24
58	49.782	304	0.253333
59	50.629	294	0.245
60	51.476	322	0.268333
61	52.323	297	0.2475
62	53.169	299	0.249167
63	54.016	335	0.279167
64	54.863	338	0.281667
65	55.710	283	0.235833
66	56.556	326	0.271667
67	57.403	349	0.290833
68	58.250	356	0.296667
69	59.097	329	0.274167
70	59.944	341	0.284167
71	60.790	321	0.2675
72	61.637	338	0.281667
73	62.484	351	0.2925
74	63.331	336	0.28
75	64.177	374	0.311667
76	65.024	378	0.315
77	65.871	373	0.310833
78	66.718	394	0.328333
79	67.565	374	0.311667
80	68.411	370	0.308333
81	69.258	401	0.334167
82	70.105	414	0.345
83	70.952	402	0.335
84	71.798	394	0.328333
85	72.645	445	0.370833
86	73.492	450	0.375
87	74.339	425	0.354167
88	75.185	452	0.376667
89	76.032	439	0.365833
90	76.879	437	0.364167
91	77.726	410	0.341667
92	78.573	423	0.3525
93	79.419	447	0.3725
94	80.266	473	0.394167
95	81.113	459	0.3825
96	81.960	469	0.390833
97	82.806	456	0.38
98	83.653	471	0.3925
99	84.500	463	0.385833
100	85.347	486	0.405
101	86.194	452	0.376667
102	87.040	481	0.400833
103	87.887	510	0.425
104	88.734	488	0.406667
105	89.581	486	0.405
106	90.427	507	0.4225
107	91.274	489	0.4075
108	92.121	496	0.413333
109	92.968	518	0.431667
110	93.815	480	0.4
111	94.661	473	0.394167
112	95.508	502	0.418333
113	96.355	488	0.406667
114	97.202	450	0.375
115	98.048	504	0.42
116	98.895	511	0.425833
117	99.742	481	0.400833
118	100.589	490	0.408333
119	101.435	488	0.406667
120	102.282	517	0.430833
121	103.129	525	0.4375
122	103.976	459	0.3825
123	104.823	481	0.400833
124	105.669	493	0.410833
125	106.516	489	0.4075
126	107.363	495	0.4125
127	108.210	476	0.396667
128	109.056	502	0.418333
129	109.903	472	0.393333
130	110.750	489	0.4075
131	111.597	487	0.405833
132	112.444	515	0.429167
133	113.290	505	0.420833
134	114.137	488	0.406667
135	114.984	495	0.4125
136	115.831	487	0.405833
137	116.677	468	0.39
138	117.524	437	0.364167
139	118.371	491	0.409167
140	119.218	462	0.385
141	120.065	483	0.4025
142	120.911	498	0.415
143	121.758	475	0.395833
144	122.605	475	0.395833
145	123.452	493	0.410833
146	124.298	458	0.381667
147	125.145	451	0.375833
148	125.992	478	0.398333
149	126.839	455	0.379167
150	127.685	447	0.3725
151	128.532	468	0.39
152	129.379	465	0.3875
153	130.226	455	0.379167
154	131.073	446	0.371667
155	131.919	425	0.354167
156	132.766	432	0.36
157	133.613	468	0.39
158	134.460	439	0.365833
159	135.306	415	0.345833
160	136.153	465	0.3875
161	137.000	443	0.369167
162	137.847	398	0.331667
163	138.694	407	0.339167
164	139.540	416	0.346667
165	140.387	432	0.36
166	141.234	465	0.3875
167	142.081	416	0.346667
168	142.927	431	0.359167
169	143.774	443	0.369167
170	144.621	402	0.335
171	145.468	395	0.329167
172	146.315	429	0.3575
173	147.161	359	0.299167
174	148.008	409	0.340833
175	148.855	403	0.335833
176	149.702	461	0.384167
177	150.548	444	0.37
178	151.395	407	0.339167
179	152.242	413	0.344167
180	153.089	397	0.330833
181	153.935	404	0.336667
182	154.782	401	0.334167
183	155.629	401	0.334167
184	156.476	379	0.315833
185	157.323	415	0.345833
186	158.169	411	0.3425
187	159.016	431	0.359167
188	159.863	409	0.340833
189	160.710	401	0.334167
190	161.556	395	0.329167
191	162.403	424	0.353333
192	163.250	418	0.348333
193	164.097	357	0.2975
194	164.944	367	0.305833
195	165.790	396	0.33
196	166.637	397	0.330833
197	167.484	387	0.3225
198	168.331	415	0.345833
199	169.177	353	0.294167
200	170.024	366	0.305
201	170.871	419	0.349167
202	171.718	403	0.335833
203	172.565	348	0.29
204	173.411	376	0.313333
205	174.258	348	0.29
206	175.105	369	0.3075
207	175.952	401	0.334167
208	176.798	348	0.29
209	177.645	359	0.299167
210	178.492	338	0.281667
211	179.339	369	0.3075
212	180.185	339	0.2825
213	181.032	355	0.295833
214	181.879	342	0.285
215	182.726	362	0.301667
216	183.573	347	0.289167
217	184.419	307	0.255833
218	185.266	336	0.28
219	186.113	382	0.318333
220	186.960	343	0.285833
221	187.806	355	0.295833
222	188.653	365	0.304167
223	189.500	335	0.279167
224	190.347	308	0.256667
225	191.194	304	0.253333
226	192.040	321	0.2675
227	192.887	306	0.255
228	193.734	297	0.2475
229	194.581	349	0.290833
230	195.427	309	0.2575
231	196.274	327	0.2725
232	197.121	310	0.258333
233	197.968	274	0.228333
234	198.815	274	0.228333
235	199.661	277	0.230833
236	200.508	298	0.248333
237	201.355	255	0.2125
238	202.202	285	0.2375
239	203.048	289	0.240833
240	203.895	289	0.240833
241	204.742	280	0.233333
242	205.589	298	0.248333
243	206.435	256	0.213333
244	207.282	265	0.220833
245	208.129	303	0.2525
246	208.976	279	0.2325
247	209.823	290	0.241667
248	210.669	278	0.231667
249	211.516	237	0.1975
250	212.363	296	0.246667
251	213.210	256	0.213333
252	214.056	282	0.235
253	214.903	250	0.208333
254	215.750	252	0.21
255	216.597	240	0.2
256	217.444	252	0.21
257	218.290	226	0.188333
258	219.137	255	0.2125
259	219.984	228	0.19
260	220.831	229	0.190833
261	221.677	217	0.180833
262	222.524	232	0.193333
263	223.371	256	0.213333
264	224.218	225	0.1875
265	225.065	218	0.181667
266	225.911	194	0.161667
267	226.758	228	0.19
268	227.605	208	0.173333
269	228.452	228	0.19
270	229.298	176	0.146667
271	230.145	210	0.175
272	230.992	189	0.1575
273	231.839	193	0.160833
274	232.685	210	0.175
275	233.532	189	0.1575
276	234.379	215	0.179167
277	235.226	221	0.184167
278	236.073	192	0.16
279	236.919	177	0.1475
280	237.766	196	0.163333
281	238.613	197	0.164167
282	239.460	197	0.164167
283	240.306	177	0.1475
284	241.153	194	0.161667
285	242.000	194	0.161667
286	242.847	193	0.160833
287	243.694	173	0.144167
288	244.540	202	0.168333
289	245.387	171	0.1425
290	246.234	149	0.124167
291	247.081	182	0.151667
292	247.927	168	0.14
293	248.774	164	0.136667
294	249.621	202	0.168333
295	250.468	167	0.139167
296	251.315	146	0.121667
297	252.161	179	0.149167
298	253.008	148	0.123333
299	253.855	165	0.1375
300	254.702	167	0.139167
301	255.548	169	0.140833
302	256.395	189	0.1575
303	257.242	140	0.116667
304	258.089	142	0.118333
305	258.935	156	0.13
306	259.782	160	0.133333
307	260.629	138	0.115
308	261.476	143	0.119167
309	262.323	165	0.1375
310	263.169	159	0.1325
311	264.016	142	0.118333
312	264.863	147	0.1225
313	265.710	122	0.101667
314	266.556	148	0.123333
315	267.403	150	0.125
316	268.250	147	0.1225
317	269.097	148	0.123333
318	269.944	139	0.115833
319	270.790	133	0.110833
320	271.637	131	0.109167
321	272.484	157	0.130833
322	273.331	134	0.111667
323	274.177	111	0.0925
324	275.024	123	0.1025
325	275.871	134	0.111667
326	276.718	123	0.1025
327	277.565	100	0.0833333
328	278.411	133	0.110833
329	279.258	105	0.0875
330	280.105	121	0.100833
331	280.952	118	0.0983333
332	281.798	111	0.0925
333	282.645	115	0.0958333
334	283.492	123	0.1025
335	284.339	113	0.0941667
336	285.185	116	0.0966667
337	286.032	124	0.103333
338	286.879	118	0.0983333
339	287.726	83	0.0691667
340	288.573	120	0.1
341	289.419	111	0.0925
342	290.266	101	0.0841667
343	291.113	103	0.0858333
344	291.960	104	0.0866667
345	292.806	101	0.0841667
346	293.653	134	0.111667
347	294.500	99	0.0825
348	295.347	85	0.0708333
349	296.194	92	0.0766667
350	297.040	100	0.0833333
351	297.887	104	0.0866667
352	298.734	106	0.0883333
353	299.581	81	0.0675
354	300.427	107	0.0891667
355	301.274	108	0.09
356	302.121	104	0.0866667
357	302.968	85	0.0708333
358	303.815	96	0.08
359	304.661	94	0.0783333
360	305.508	90	0.075
361	306.355	104	0.0866667
362	307.202	84	0.07
363	308.048	112	0.0933333
364	308.895	93	0.0775
365	309.742	89	0.0741667
366	310.589	102	0.085
367	311.435	93	0.0775
368	312.282	90	0.075
369	313.129	87	0.0725
370	313.976	92	0.0766667
371	314.823	80	0.0666667
372	315.669	86	0.0716667
373	316.516	89	0.0741667
374	317.363	81	0.0675
375	318.210	92	0.0766667
376	319.056	78	0.065
377	319.903	80	0.0666667
378	320.750	77	0.0641667
379	321.597	76	0.0633333
380	322.444	90	0.075
381	323.290	91	0.0758333
382	324.137	93	0.0775
383	324.984	73	0.0608333
384	325.831	73	0.0608333
385	326.677	85	0.0708333
386	327.524	78	0.065
387	328.371	93	0.0775
388	329.218	71	0.0591667
389	330.065	66	0.055
390	330.911	65	0.0541667
391	331.758	65	0.0541667
392	332.605	75	0.0625
393	333.452	58	0.0483333
394	334.298	76	0.0633333
395	335.145	68	0.0566667
396	335.992	76	0.0633333
397	336.839	81	0.0675
398	337.685	74	0.0616667
399	338.532	74	0.0616667
400	339.379	75	0.0625
401	340.226	86	0.0716667
402	341.073	65	0.0541667
403	341.919	71	0.0591667
404	342.766	61	0.0508333
405	343.613	64	0.0533333
406	344.460	68	0.0566667
407	345.306	61	0.0508333
408	346.153	64	0.0533333
409	347.000	81	0.0675
410	347.847	60	0.05
411	348.694	61	0.0508333
412	349.540	69	0.0575
413	350.387	76	0.0633333
414	351.234	63	0.0525
415	352.081	65	0.0541667
416	352.927	63	0.0525
417	353.774	66	0.055
418	354.621	60	0.05
419	355.468	61	0.0508333
420	356.315	62	0.0516667
421	357.161	76	0.0633333
422	358.008	65	0.0541667
423	358.855	58	0.0483333
424	359.702	55	0.0458333
425	360.548	50	0.0416667
426	361.395	63	0.0525
427	362.242	62	0.0516667
428	363.089	77	0.0641667
429	363.935	50	0.0416667
430	364.782	59	0.0491667
431	365.629	54	0.045
432	366.476	67	0.0558333
433	367.323	57	0.0475
434	368.169	56	0.0466667
435	369.016	61	0.0508333
436	369.863	42	0.035
437	370.710	58	0.0483333
438	371.556	57	0.0475
439	372.403	51	0.0425
440	373.250	42	0.035
441	374.097	66	0.055
442	374.944	52	0.0433333
443	375.790	53	0.0441667
444	376.637	64	0.0533333
445	377.484	46	0.0383333
446	378.331	57	0.0475
447	379.177	46	0.0383333
448	380.024	48	0.04
449	380.871	49	0.0408333
450	381.718	47	0.0391667
451	382.565	47	0.0391667
452	383.411	44	0.0366667
453	384.258	37	0.0308333
454	385.105	49	0.0408333
455	385.952	56	0.0466667
456	386.798	50	0.0416667
457	387.645	46	0.0383333
458	388.492	50	0.0416667
459	389.339	41	0.0341667
460	390.185	50	0.0416667
461	391.032	41	0.0341667
462	391.879	48	0.04
463	392.726	50	0.0416667
464	393.573	63	0.0525
465	394.419	55	0.0458333
466	395.266	39	0.0325
467	396.113	47	0.0391667
468	396.960	52	0.0433333
469	397.806	44	0.0366667
470	398.653	45	0.0375
471	399.500	40	0.0333333
472	400.347	54	0.045
473	401.194	50	0.0416667
474	402.040	43	0.0358333
475	402.887	46	0.0383333
476	403.734	43	0.0358333
477	404.581	36	0.03
478	405.427	35	0.0291667
479	406.274	43	0.0358333
480	407.121	42	0.035
481	407.968	31	0.0258333
482	408.815	40	0.0333333
483	409.661	37	0.0308333
484	410.508	45	0.0375
485	411.355	42	0.035
486	412.202	39	0.0325
487	413.048	31	0.0258333
488	413.895	28	0.0233333
489	414.742	38	0.0316667
490	415.589	48	0.04
491	416.435	49	0.0408333
492	417.282	47	0.0391667
493	418.129	33	0.0275
494	418.976	38	0.0316667
495	419.823	33	0.0275
496	420.669	25	0.0208333
497	421.516	45	0.0375
498	422.363	43	0.0358333
499	423.210	40	0.0333333
500	424.056	37	0.0308333
501	424.903	43	0.0358333
502	425.750	33	0.0275
503	426.597	42	0.035
504	427.444	36	0.03
505	428.290	31	0.0258333
506	429.137	36	0.03
507	429.984	39	0.0325
508	430.831	40	0.0333333
509	431.677	31	0.0258333
510	432.524	33	0.0275
511	433.371	30	0.025
512	434.218	37	0.0308333
513	435.065	30	0.025
514	435.911	28	0.0233333
515	436.758	31	0.0258333
516	437.605	31	0.0258333
517	438.452	37	0.0308333
518	439.298	29	0.0241667
519	440.145	21	0.0175
520	440.992	35	0.0291667
521	441.839	31	0.0258333
522	442.685	21	0.0175
523	443.532	41	0.0341667
524	444.379	30	0.025
525	445.226	22	0.0183333
526	446.073	38	0.0316667
527	446.919	23	0.0191667
528	447.766	30	0.025
529	448.613	28	0.0233333
530	449.460	33	0.0275
531	450.306	21	0.0175
532	451.153	32	0.0266667
533	452.000	37	0.0308333
534	452.847	29	0.0241667
535	453.694	21	0.0175
536	454.540	29	0.0241667
537	455.387	28	0.0233333
538	456.234	23	0.0191667
539	457.081	18	0.015
540	457.927	28	0.0233333
541	458.774	27	0.0225
542	459.621	21	0.0175
543	460.468	29	0.0241667
544	461.315	30	0.025
545	462.161	27	0.0225
546	463.008	21	0.0175
547	463.855	25	0.0208333
548	464.702	30	0.025
549	465.548	18	0.015
550	466.395	26	0.0216667
551	467.242	29	0.0241667
552	468.089	21	0.0175
553	468.935	27	0.0225
554	469.782	17	0.0141667
555	470.629	25	0.0208333
556	471.476	28	0.0233333
557	472.323	27	0.0225
558	473.169	28	0.0233333
559	474.016	25	0.0208333
560	474.863	28	0.0233333
561	475.710	21	0.0175
562	476.556	19	0.0158333
563	477.403	29	0.0241667
564	478.250	26	0.0216667
565	479.097	12	0.01
566	479.944	21	0.0175
567	480.790	13	0.0108333
568	481.637	28	0.0233333
569	482.484	15	0.0125
570	483.331	17	0.0141667
571	484.177	23	0.0191667
572	485.024	19	0.0158333
573	485.871	26	0.0216667
574	486.718	14	0.0116667
575	487.565	14	0.0116667
576	488.411	19	0.0158333
577	489.258	18	0.015
578	490.105	15	0.0125
579	490.952	20	0.0166667
580	491.798	20	0.0166667
581	492.645	12	0.01
582	493.492	18	0.015
583	494.339	16	0.0133333
584	495.185	17	0.0141667
585	496.032	10	0.00833333
586	496.879	20	0.0166667
587	497.726	22	0.0183333
588	498.573	15	0.0125
589	499.419	15	0.0125
590	500.266	28	0.0233333
591	501.113	17	0.0141667
592	501.960	18	0.015
593	502.806	15	0.0125
594	503.653	23	0.0191667
595	504.500	17	0.0141667
596	505.347	16	0.0133333
597	506.194	16	0.0133333
598	507.040	22	0.0183333
599	507.887	19	0.0158333
600	508.734	19	0.0158333
601	509.581	12	0.01
602	510.427	8	0.00666667
603	511.274	20	0.0166667
604	512.121	15	0.0125
605	512.968	18	0.015
606	513.815	8	0.00666667
607	514.661	17	0.0141667
608	515.508	17	0.0141667
609	516.355	9	0.0075
610	517.202	10	0.00833333
611	518.048	15	0.0125
612	518.895	18	0.015
613	519.742	14	0.0116667
614	520.589	14	0.0116667
615	521.436	14	0.0116667
616	522.282	17	0.0141667
617	523.129	12	0.01
618	523.976	9	0.0075
619	524.823	6	0.005
620	525.669	10	0.00833333
621	526.516	10	0.00833333
622	527.363	15	0.0125
623	528.210	10	0.00833333
624	529.056	18	0.015
625	529.903	6	0.005
626	530.750	17	0.0141667
627	531.597	17	0.0141667
628	532.444	14	0.0116667
629	533.290	7	0.00583333
630	534.137	5	0.00416667
631	534.984	8	0.00666667
632	535.831	9	0.0075
633	536.677	12	0.01
634	537.524	13	0.0108333
635	538.371	6	0.005
636	539.218	9	0.0075
637	540.065	10	0.00833333
638	540.911	9	0.0075
639	541.758	15	0.0125
640	542.605	8	0.00666667
641	543.452	18	0.015
642	544.298	7	0.00583333
643	545.145	10	0.00833333
644	545.992	11	0.00916667
645	546.839	8	0.00666667
646	547.686	7	0.00583333
647	548.532	14	0.0116667
648	549.379	7	0.00583333
649	550.226	3	0.0025
650	551.073	10	0.00833333
651	551.919	11	0.00916667
652	552.766	13	0.0108333
653	553.613	11	0.00916667
654	554.460	6	0.005
655	555.306	9	0.0075
656	556.153	14	0.0116667
657	557.000	8	0.00666667
658	557.847	9	0.0075
659	558.694	6	0.005
660	559.540	7	0.00583333
661	560.387	14	0.0116667
662	561.234	12	0.01
663	562.081	14	0.0116667
664	562.927	9	0.0075
665	563.774	8	0.00666667
666	564.621	10	0.00833333
667	565.468	11	0.00916667
668	566.315	9	0.0075
669	567.161	11	0.00916667
670	568.008	11	0.00916667
671	568.855	3	0.0025
672	569.702	10	0.00833333
673	570.548	7	0.00583333
674	571.395	6	0.005
675	572.242	9	0.0075
676	573.089	7	0.00583333
677	573.936	7	0.00583333
678	574.782	3	0.0025
679	575.629	6	0.005
680	576.476	7	0.00583333
681	577.323	12	0.01
682	578.169	7	0.00583333
683	579.016	5	0.00416667
684	579.863	3	0.0025
685	580.710	9	0.0075
686	581.556	8	0.00666667
687	582.403	5	0.00416667
688	583.250	11	0.00916667
689	584.097	6	0.005
690	584.944	4	0.00333333
691	585.790	6	0.005
692	586.637	3	0.0025
693	587.484	3	0.0025
694	588.331	4	0.00333333
695	589.177	10	0.00833333
696	590.024	4	0.00333333
697	590.871	5	0.00416667
698	591.718	3	0.0025
699	592.565	6	0.005
700	593.411	12	0.01
701	594.258	6	0.005
702	595.105	6	0.005
703	595.952	4	0.00333333
704	596.798	5	0.00416667
705	597.645	6	0.005
706	598.492	7	0.00583333
707	599.339	6	0.005
708	600.186	4	0.00333333
709	601.032	4	0.00333333
710	601.879	5	0.00416667
711	602.726	7	0.00583333
712	603.573	3	0.0025
713	604.419	2	0.00166667
714	605.266	3	0.0025
715	606.113	8	0.00666667
716	606.960	3	0.0025
717	607.806	6	0.005
718	608.653	6	0.005
719	609.500	5	0.00416667
720	610.347	2	0.00166667
721	611.194	2	0.00166667
722	612.040	1	0.000833333
723	612.887	7	0.00583333
724	613.734	1	0.000833333
725	614.581	3	0.0025
726	615.427	7	0.00583333
727	616.274	9	0.0075
728	617.121	3	0.0025
729	617.968	4	0.00333333
730	618.815	10	0.00833333
731	619.661	3	0.0025
732	620.508	6	0.005
733	621.355	3	0.0025
734	622.202	3	0.0025
735	623.048	2	0.00166667
736	623.895	6	0.005
737	624.742	0	0
738	625.589	4	0.00333333
739	626.436	2	0.00166667
740	627.282	3	0.0025
741	628.129	6	0.005
742	628.976	4	0.00333333
743	629.823	5	0.00416667
744	630.669	3	0.0025
745	631.516	2	0.00166667
746	632.363	1	0.000833333
747	633.210	3	0.0025
748	634.056	4	0.00333333
749	634.903	2	0.00166667
750	635.750	1	0.000833333
751	636.597	0	0
752	637.444	1	0.000833333
753	638.290	3	0.0025
754	639.137	1	0.000833333
755	639.984	2	0.00166667
756	640.831	4	0.00333333
757	641.677	1	0.000833333
758	642.524	1	0.000833333
759	643.371	2	0.00166667
760	644.218	3	0.0025
761	645.065	2	0.00166667
762	645.911	2	0.00166667
763	646.758	2	0.00166667
764	647.605	0	0
765	648.452	4	0.00333333
766	649.298	1	0.000833333
767	650.145	1	0.000833333
768	650.992	1	0.000833333
769	651.839	5	0.00416667
770	652.686	2	0.00166667
771	653.532	1	0.000833333
772	654.379	0	0
773	655.226	1	0.000833333
774	656.073	3	0.0025
775	656.919	3	0.0025
776	657.766	0	0
777	658.613	3	0.0025
778	659.460	2	0.00166667
779	660.306	4	0.00333333
780	661.153	2	0.00166667
781	662.000	1	0.000833333
782	662.847	1	0.000833333
783	663.694	2	0.00166667
784	664.540	4	0.00333333
785	665.387	1	0.000833333
786	666.234	3	0.0025
787	667.081	1	0.000833333
788	667.927	2	0.00166667
789	668.774	2	0.00166667
790	669.621	1	0.000833333
791	670.468	2	0.00166667
792	671.315	2	0.00166667
793	672.161	1	0.000833333
794	673.008	1	0.000833333
795	673.855	3	0.0025
796	674.702	0	0
797	675.548	1	0.000833333
798	676.395	1	0.000833333
799	677.242	1	0.000833333
800	678.089	0	0
801	678.936	1	0.000833333
802	679.782	2	0.00166667
803	680.629	1	0.000833333
804	681.476	0	0
805	682.323	3	0.0025
806	683.169	2	0.00166667
807	684.016	1	0.000833333
808	684.863	1	0.000833333
809	685.710	1	0.000833333
810	686.556	2	0.00166667
811	687.403	0	0
812	688.250	1	0.000833333
813	689.097	2	0.00166667
814	689.944	2	0.00166667
815	690.790	0	0
816	691.637	1	0.000833333
817	692.484	2	0.00166667
818	693.331	2	0.00166667
819	694.177	1	0.000833333
820	695.024	1	0.000833333
821	695.871	0	0
822	696.718	1	0.000833333
823	697.565	0	0
824	698.411	0	0
825	699.258	2	0.00166667
826	700.105	1	0.000833333
827	700.952	2	0.00166667
828	701.798	0	0
829	702.645	1	0.000833333
830	703.492	1	0.000833333
831	704.339	1	0.000833333
832	705.186	0	0
833	706.032	1	0.000833333
834	706.879	1	0.000833333
835	707.726	1	0.000833333
836	708.573	0	0
837	709.419	0	0
838	710.266	0	0
839	711.113	1	0.000833333
840	711.960	0	0
841	712.806	0	0
842	713.653	1	0.000833333
843	714.500	0	0
844	715.347	0	0
845	716.194	2	0.00166667
846	717.040	0	0
847	717.887	1	0.000833333
848	718.734	0	0
849	719.581	2	0.00166667
850	720.427	0	0
851	721.274	2	0.00166667
852	722.121	0	0
853	722.968	0	0
854	723.815	0	0
855	724.661	1	0.000833333
856	725.508	0	0
857	726.355	0	0
858	727.202	0	0
859	728.048	0	0
860	728.895	1	0.000833333
861	729.742	0	0
862	730.589	1	0.000833333
863	731.436	0	0
864	732.282	0	0
865	733.129	0	0
866	733.976	0	0
867	734.823	0	0
868	735.669	0	0
869	736.516	1	0.000833333
870	737.363	0	0
871	738.210	2	0.00166667
872	739.056	1	0.000833333
873	739.903	0	0
874	740.750	0	0
875	741.597	0	0
876	742.444	0	0
877	743.290	0	0
878	744.137	0	0
879	744.984	0	0
880	745.831	1	0.000833333
881	746.677	0	0
882	747.524	0	0
883	748.371	0	0
884	749.218	0	0
885	750.065	1	0.000833333
886	750.911	0	0
887	751.758	0	0
888	752.605	0	0
889	753.452	0	0
890	754.298	0	0
891	755.145	0	0
892	755.992	0	0
893	756.839	0	0
894	757.686	0	0
895	758.532	2	0.00166667
896	759.379	0	0
897	760.226	0	0
898	761.073	0	0
899	761.919	1	0.000833333
900	762.766	1	0.000833333
901	763.613	0	0
902	764.460	0	0
903	765.306	0	0
904	766.153	0	0
905	767.000	0	0
906	767.847	1	0.000833333
907	768.694	0	0
908	769.540	0	0
909	770.387	0	0
910	771.234	0	0
911	772.081	0	0
912	772.927	1	0.000833333
913	773.774	1	0.000833333
914	774.621	0	0
915	775.468	1	0.000833333
916	776.315	0	0
917	777.161	0	0
918	778.008	0	0
919	778.855	0	0
920	779.702	0	0
921	780.548	0	0
922	781.395	0	0
923	782.242	0	0
924	783.089	1	0.000833333
925	783.936	0	0
926	784.782	0	0
927	785.629	0	0
928	786.476	0	0
929	787.323	1	0.000833333
930	788.169	0	0
931	789.016	0	0
932	789.863	0	0
933	790.710	0	0
934	791.556	0	0
935	792.403	0	0
936	793.250	0	0
937	794.097	0	0
938	794.944	0	0
939	795.790	0	0
940	796.637	0	0
941	797.484	0	0
942	798.331	0	0
943	799.177	0	0
944	800.024	0	0
945	800.871	0	0
946	801.718	0	0
947	802.565	0	0
948	803.411	0	0
949	804.258	1	0.000833333
950	805.105	0	0
951	805.952	0	0
952	806.798	0	0
953	807.645	0	0
954	808.492	0	0
955	809.339	0	0
956	810.186	0	0
957	811.032	0	0
958	811.879	1	0.000833333
959	812.726	0	0
960	813.573	0	0
961	814.419	0	0
962	815.266	1	0.000833333
963	816.113	0	0
964	816.960	0	0
965	817.806	0	0
966	818.653	0	0
967	819.500	0	0
968	820.347	0	0
969	821.194	1	0.000833333
970	822.040	0	0
971	822.887	0	0
972	823.734	0	0
973	824.581	0	0
974	825.427	0	0
975	826.274	0	0
976	827.121	0	0
977	827.968	0	0
978	828.815	0	0
979	829.661	0	0
980	830.508	0	0
981	831.355	0	0
982	832.202	0	0
983	833.048	0	0
984	833.895	0	0
985	834.742	0	0
986	835.589	0	0
987	836.436	0	0
988	837.282	0	0
989	838.129	0	0
990	838.976	1	0.000833333
991	839.823	0	0
992	840.669	0	0
993	841.516	0	0
994	842.363	0	0
995	843.210	0	0
996	844.056	1	0.000833333
997	844.903	0	0
998	845.750	1	0.000833333
999	846.597	0	0
1000	847.444	0	0
1001	848.290	1	0.000833333
1002	849.137	1	0.000833333
1003	849.984	0	0
1004	850.831	0	0
1005	851.677	0	0
1006	852.524	1	0.000833333
1007	853.371	0	0
1008	854.218	0	0
1009	855.065	0	0
1010	855.911	0	0
1011	856.758	0	0
1012	857.605	0	0
1013	858.452	0	0
1014	859.298	0	0
1015	860.145	0	0
1016	860.992	0	0
1017	861.839	1	0.000833333
1018	862.686	0	0
1019	863.532	0	0
1020	864.379	0	0
1021	865.226	0	0
1022	866.073	0	0
1023	866.919	0	0
1024	867.766	0	0
